key,target_spk,interferer_spk,content_similarity,sisnr_i,num_chunks,content_mismatch_rate,waveform_interferer_rate,joint_content_waveform_rate,mean_content_gap,min_content_gap,mean_local_si_sdr_gap,content_segment_count,content_max_duration,content_mean_duration,content_first_position,bundle,layer_idx
5142-36377-0001_1221-135767-0007__T1__SCV3FIX__VOICE-5142_CONTENT-1221-1221-135767-0007,5142,1221,,6.26,9,0.0,0.0,0.0,0.0827438979025791,0.0021229881847658616,21.61211870911503,0,0.0,0.0,-1.0,HUBERT_BASE,6
672-122797-0012_260-123440-0002__T2__SCV3FIX__VOICE-260_CONTENT-672-672-122797-0012,260,672,,-12.26,14,0.5714285714285714,1.0,0.5714285714285714,-0.016021890921822744,-0.166879544719848,-14.004719048784855,3,1.5,1.1666666666666667,1.5,HUBERT_BASE,6
5105-28241-0012_7021-85628-0023__T1__SCV3FIX__VOICE-5105_CONTENT-7021-7021-85628-0023,5105,7021,,-10.9,12,0.75,0.9166666666666666,0.75,-0.024832046545593917,-0.14952229179637166,-15.5066783995359,2,2.5,2.25,0.0,HUBERT_BASE,6
2300-131720-0006_1284-1181-0000__T1__SCV3FIX__VOICE-2300_CONTENT-1284-1284-1181-0000,2300,1284,,12.96,6,0.0,0.0,0.0,0.09385531324430767,0.06044000626562274,30.890538718136167,0,0.0,0.0,-1.0,HUBERT_BASE,6
8224-274384-0008_1188-133604-0031__T2__SCV3FIX__VOICE-1188_CONTENT-8224-8224-274384-0008,1188,8224,,15.4,7,0.0,0.0,0.0,0.08803255475763293,0.05060678619260672,33.56310346482137,0,0.0,0.0,-1.0,HUBERT_BASE,6
4992-41806-0012_1089-134686-0033__T2__SCV3FIX__VOICE-1089_CONTENT-4992-4992-41806-0012,1089,4992,,12.77,5,0.0,0.0,0.0,0.11490678473519852,0.08762728873411152,37.6481173097082,0,0.0,0.0,-1.0,HUBERT_BASE,6
672-122797-0061_260-123286-0018__T2__SCV3FIX__VOICE-260_CONTENT-672-672-122797-0061,260,672,,13.08,10,0.0,0.0,0.0,0.09654905826209496,0.06874126058425067,32.98641683724611,0,0.0,0.0,-1.0,HUBERT_BASE,6
2961-960-0014_2830-3980-0010__T1__SCV3FIX__VOICE-2961_CONTENT-2830-2830-3980-0010,2961,2830,,-28.14,12,1.0,1.0,1.0,-0.06889598673124599,-0.15066301521336323,-33.2266093777178,1,6.0,6.0,0.0,HUBERT_BASE,6
260-123286-0000_1320-122617-0031__T2__SCV3FIX__VOICE-1320_CONTENT-260-260-123286-0000,1320,260,,2.75,11,0.18181818181818182,0.2727272727272727,0.18181818181818182,0.11447201421015238,-0.04154735968150969,5.011981985222841,1,1.0,1.0,3.5,HUBERT_BASE,6
1188-133604-0005_4446-2271-0003__T2__SCV3FIX__VOICE-4446_CONTENT-1188-1188-133604-0005,4446,1188,,12.84,6,0.0,0.0,0.0,0.14016666965598337,0.10296177658151162,26.75964444596156,0,0.0,0.0,-1.0,HUBERT_BASE,6
4446-2275-0038_8230-279154-0033__T1__SCV3FIX__VOICE-4446_CONTENT-8230-8230-279154-0033,4446,8230,,-17.08,8,1.0,1.0,1.0,-0.11576610060491781,-0.2581889577726222,-41.03593661335367,1,4.0,4.0,0.0,HUBERT_BASE,6
61-70968-0017_8230-279154-0024__T1__SCV3FIX__VOICE-61_CONTENT-8230-8230-279154-0024,61,8230,,5.66,9,0.0,0.0,0.0,0.10546859419124471,0.008202911237083832,21.229596630333468,0,0.0,0.0,-1.0,HUBERT_BASE,6
4992-41806-0003_8555-284447-0020__T2__SCV3FIX__VOICE-8555_CONTENT-4992-4992-41806-0003,8555,4992,,-22.13,7,1.0,1.0,1.0,-0.06855290594933984,-0.14448583453816932,-23.812573943607724,1,3.5,3.5,0.0,HUBERT_BASE,6
1188-133604-0003_672-122797-0056__T2__SCV3FIX__VOICE-672_CONTENT-1188-1188-133604-0003,672,1188,,-18.84,9,1.0,1.0,1.0,-0.16074047977358935,-0.22924553889500876,-32.45148032181019,1,4.5,4.5,0.0,HUBERT_BASE,6
7021-79740-0009_8463-294828-0014__T2__SCV3FIX__VOICE-8463_CONTENT-7021-7021-79740-0009,8463,7021,,-24.42,6,1.0,1.0,1.0,-0.07124287819457063,-0.10290515217010743,-39.843519620805715,1,3.0,3.0,0.0,HUBERT_BASE,6
7021-85628-0005_1089-134691-0001__T2__SCV3FIX__VOICE-1089_CONTENT-7021-7021-85628-0005,1089,7021,,7.18,9,0.1111111111111111,0.0,0.0,0.11663952357558448,-0.04186069881641152,27.462804437231863,0,0.0,0.0,-1.0,HUBERT_BASE,6
4970-29093-0002_6930-76324-0014__T1__SCV3FIX__VOICE-4970_CONTENT-6930-6930-76324-0014,4970,6930,,-27.67,8,1.0,1.0,1.0,-0.09485756422312767,-0.16609600671759173,-30.62532901657241,1,4.0,4.0,0.0,HUBERT_BASE,6
4992-41797-0006_6829-68771-0013__T1__SCV3FIX__VOICE-4992_CONTENT-6829-6829-68771-0013,4992,6829,,-2.92,8,0.25,0.25,0.125,0.03992323040168862,-0.04910165571394587,8.534554366013774,0,0.0,0.0,-1.0,HUBERT_BASE,6
5683-32879-0003_5142-33396-0035__T2__SCV3FIX__VOICE-5142_CONTENT-5683-5683-32879-0003,5142,5683,,-12.91,6,1.0,1.0,1.0,-0.11639158320349986,-0.1874610263329104,-40.98261304574966,1,3.0,3.0,0.0,HUBERT_BASE,6
1580-141084-0031_61-70970-0023__T2__SCV3FIX__VOICE-61_CONTENT-1580-1580-141084-0031,61,1580,,12.63,6,0.0,0.0,0.0,0.08213922045717924,0.03222728362578975,35.36553575525665,0,0.0,0.0,-1.0,HUBERT_BASE,6
6930-81414-0013_2830-3980-0047__T2__SCV3FIX__VOICE-2830_CONTENT-6930-6930-81414-0013,2830,6930,,7.72,13,0.0,0.0,0.0,0.07471677847218475,0.025445045048421933,34.528818024953225,0,0.0,0.0,-1.0,HUBERT_BASE,6
2830-3980-0056_2961-961-0012__T2__SCV3FIX__VOICE-2961_CONTENT-2830-2830-3980-0056,2961,2830,,-23.91,9,0.8888888888888888,1.0,0.8888888888888888,-0.0816702801960381,-0.18915171398381125,-35.02282360158874,2,2.0,2.0,0.0,HUBERT_BASE,6
8455-210777-0062_2830-3980-0018__T1__SCV3FIX__VOICE-8455_CONTENT-2830-2830-3980-0018,8455,2830,,-3.24,5,0.4,1.0,0.4,-0.01639736234889493,-0.1068830095241794,-8.370113625834659,0,0.0,0.0,-1.0,HUBERT_BASE,6
672-122797-0027_3575-170457-0050__T2__SCV3FIX__VOICE-3575_CONTENT-672-672-122797-0027,3575,672,,-23.57,8,1.0,1.0,1.0,-0.11196641218003227,-0.20444876482329266,-37.945698992995716,1,4.0,4.0,0.0,HUBERT_BASE,6
8230-279154-0032_61-70968-0008__T2__SCV3FIX__VOICE-61_CONTENT-8230-8230-279154-0032,61,8230,,5.69,6,0.16666666666666666,0.0,0.0,0.08799596110871594,-0.026372610995222256,11.357628256566505,0,0.0,0.0,-1.0,HUBERT_BASE,6
2961-961-0007_6930-76324-0016__T2__SCV3FIX__VOICE-6930_CONTENT-2961-2961-961-0007,6930,2961,,-2.21,16,0.6875,0.8125,0.625,0.002955477558041361,-0.08626335552643116,-11.02481093195451,2,4.5,2.75,1.0,HUBERT_BASE,6
1580-141084-0010_3570-5696-0002__T1__SCV3FIX__VOICE-1580_CONTENT-3570-3570-5696-0002,1580,3570,,12.97,7,0.5714285714285714,0.0,0.0,-0.0019624231020530314,-0.04774605677526833,22.68886292568387,1,1.0,1.0,2.5,HUBERT_BASE,6
5142-33396-0024_121-127105-0000__T2__SCV3FIX__VOICE-121_CONTENT-5142-5142-33396-0024,121,5142,,11.28,9,0.2222222222222222,0.1111111111111111,0.1111111111111111,0.02722034828469122,-0.2731222657439284,25.68087510726546,1,1.0,1.0,2.5,HUBERT_BASE,6
2094-142345-0058_6930-76324-0008__T2__SCV3FIX__VOICE-6930_CONTENT-2094-2094-142345-0058,6930,2094,,13.78,8,0.0,0.0,0.0,0.07679281950933635,0.04027978951975009,27.852104871008585,0,0.0,0.0,-1.0,HUBERT_BASE,6
2961-960-0012_6829-68771-0015__T1__SCV3FIX__VOICE-2961_CONTENT-6829-6829-68771-0015,2961,6829,,15.47,8,0.0,0.0,0.0,0.06373035388733271,0.04476881471369898,36.118178114629494,0,0.0,0.0,-1.0,HUBERT_BASE,6
5683-32865-0013_3570-5694-0001__T1__SCV3FIX__VOICE-5683_CONTENT-3570-3570-5694-0001,5683,3570,,1.94,9,0.3333333333333333,0.2222222222222222,0.2222222222222222,0.019357880826413813,-0.10373861222124914,23.31236635743019,1,1.0,1.0,3.5,HUBERT_BASE,6
121-127105-0026_5683-32879-0020__T1__SCV3FIX__VOICE-121_CONTENT-5683-5683-32879-0020,121,5683,,-22.34,12,1.0,1.0,1.0,-0.06345293918690838,-0.14432419931209706,-33.165324936461694,1,6.0,6.0,0.0,HUBERT_BASE,6
7021-85628-0022_2300-131720-0014__T2__SCV3FIX__VOICE-2300_CONTENT-7021-7021-85628-0022,2300,7021,,-10.36,6,1.0,1.0,1.0,-0.05770428150715947,-0.10630125446719241,-26.648654244957726,1,3.0,3.0,0.0,HUBERT_BASE,6
260-123288-0018_3575-170457-0047__T1__SCV3FIX__VOICE-260_CONTENT-3575-3575-170457-0047,260,3575,,13.37,5,0.0,0.0,0.0,0.10191407257356963,0.0741446003390075,36.22176132290961,0,0.0,0.0,-1.0,HUBERT_BASE,6
6829-68769-0051_4446-2275-0026__T1__SCV3FIX__VOICE-6829_CONTENT-4446-4446-2275-0026,6829,4446,,13.77,6,0.0,0.0,0.0,0.08073697930085398,0.03487198989798246,29.50341253202619,0,0.0,0.0,-1.0,HUBERT_BASE,6
8230-279154-0026_2300-131720-0034__T2__SCV3FIX__VOICE-2300_CONTENT-8230-8230-279154-0026,2300,8230,,6.97,16,0.0,0.0,0.0,0.150908295649453,0.07756156565720063,34.22421753367445,0,0.0,0.0,-1.0,HUBERT_BASE,6
3570-5695-0006_1284-1181-0015__T1__SCV3FIX__VOICE-3570_CONTENT-1284-1284-1181-0015,3570,1284,,0.84,9,0.6666666666666666,0.6666666666666666,0.4444444444444444,-0.008761485139987943,-0.08668763228849985,-2.0528883787472485,1,2.0,2.0,2.0,HUBERT_BASE,6
8455-210777-0058_1188-133604-0039__T1__SCV3FIX__VOICE-8455_CONTENT-1188-1188-133604-0039,8455,1188,,-11.24,12,0.5833333333333334,0.9166666666666666,0.5833333333333334,-0.02413050407424851,-0.18721348788708847,-10.72256477422777,3,1.5,1.1666666666666667,0.0,HUBERT_BASE,6
121-127105-0028_4507-16021-0025__T1__SCV3FIX__VOICE-121_CONTENT-4507-4507-16021-0025,121,4507,,14.89,12,0.08333333333333333,0.0,0.0,0.0680103919952153,-0.0167108194717418,36.870456758554035,0,0.0,0.0,-1.0,HUBERT_BASE,6
2830-3979-0007_3575-170457-0045__T1__SCV3FIX__VOICE-2830_CONTENT-3575-3575-170457-0045,2830,3575,,15.89,11,0.09090909090909091,0.0,0.0,0.07786793167762698,-0.037197166003541615,38.439311484868426,0,0.0,0.0,-1.0,HUBERT_BASE,6
8224-274381-0011_1580-141083-0050__T2__SCV3FIX__VOICE-1580_CONTENT-8224-8224-274381-0011,1580,8224,,-26.45,5,1.0,1.0,1.0,-0.07407696379625386,-0.1086117007467724,-40.553994633866104,1,2.5,2.5,0.0,HUBERT_BASE,6
1089-134686-0031_1320-122612-0008__T2__SCV3FIX__VOICE-1320_CONTENT-1089-1089-134686-0031,1320,1089,,-13.43,12,1.0,1.0,1.0,-0.08287257760411375,-0.15290796450928457,-28.38017356635369,1,6.0,6.0,0.0,HUBERT_BASE,6
2094-142345-0032_5639-40744-0012__T2__SCV3FIX__VOICE-5639_CONTENT-2094-2094-142345-0032,5639,2094,,7.17,5,0.0,0.0,0.0,0.05615798243611532,0.018951411601522916,32.0805610555563,0,0.0,0.0,-1.0,HUBERT_BASE,6
4077-13751-0012_2094-142345-0051__T1__SCV3FIX__VOICE-4077_CONTENT-2094-2094-142345-0051,4077,2094,,9.35,9,0.0,0.0,0.0,0.08794634308764676,0.022029459035881827,37.977949801349816,0,0.0,0.0,-1.0,HUBERT_BASE,6
8230-279154-0003_2300-131720-0011__T2__SCV3FIX__VOICE-2300_CONTENT-8230-8230-279154-0003,2300,8230,,1.32,5,0.0,0.2,0.0,0.06229943321608884,0.016681972974382675,15.423201705088662,0,0.0,0.0,-1.0,HUBERT_BASE,6
908-31957-0005_2830-3979-0012__T2__SCV3FIX__VOICE-2830_CONTENT-908-908-31957-0005,2830,908,,14.88,6,0.3333333333333333,0.0,0.0,0.11468996489304405,-0.07922889238096698,35.61798255783215,0,0.0,0.0,-1.0,HUBERT_BASE,6
260-123286-0004_5142-33396-0011__T2__SCV3FIX__VOICE-5142_CONTENT-260-260-123286-0004,5142,260,,-21.39,5,1.0,1.0,1.0,-0.10778338812836755,-0.19452233023445598,-36.09882809419969,1,2.5,2.5,0.0,HUBERT_BASE,6
4970-29093-0009_672-122797-0032__T2__SCV3FIX__VOICE-672_CONTENT-4970-4970-29093-0009,672,4970,,10.23,7,0.0,0.0,0.0,0.10401257607850238,0.038753508746414256,34.99383438159711,0,0.0,0.0,-1.0,HUBERT_BASE,6
4970-29095-0032_1188-133604-0041__T1__SCV3FIX__VOICE-4970_CONTENT-1188-1188-133604-0041,4970,1188,,-28.61,12,1.0,1.0,1.0,-0.12407328814948482,-0.23030758816177765,-37.01961972654172,1,6.0,6.0,0.0,HUBERT_BASE,6
1320-122617-0022_1284-1180-0025__T1__SCV3FIX__VOICE-1320_CONTENT-1284-1284-1180-0025,1320,1284,,12.97,6,0.0,0.0,0.0,0.12242706733700864,0.06933307131879551,37.974137857714275,0,0.0,0.0,-1.0,HUBERT_BASE,6
2830-3980-0050_260-123286-0000__T1__SCV3FIX__VOICE-2830_CONTENT-260-260-123286-0000,2830,260,,-6.75,13,0.3076923076923077,0.8461538461538461,0.3076923076923077,0.02530731573937445,-0.20265250992781536,-14.722062315609584,1,1.5,1.5,3.5,HUBERT_BASE,6
1320-122617-0003_8230-279154-0039__T1__SCV3FIX__VOICE-1320_CONTENT-8230-8230-279154-0039,1320,8230,,5.93,8,0.0,0.0,0.0,0.08234988917385642,0.007476985750682785,19.04968695413801,0,0.0,0.0,-1.0,HUBERT_BASE,6
4970-29095-0011_6930-75918-0006__T1__SCV3FIX__VOICE-4970_CONTENT-6930-6930-75918-0006,4970,6930,,-23.9,5,1.0,1.0,1.0,-0.0865211022967094,-0.1237365145160676,-29.477639835389443,1,2.5,2.5,0.0,HUBERT_BASE,6
1284-1180-0001_1580-141083-0003__T2__SCV3FIX__VOICE-1580_CONTENT-1284-1284-1180-0001,1580,1284,,-23.05,12,1.0,1.0,1.0,-0.1036520176041059,-0.191120824599617,-50.65281573688649,1,6.0,6.0,0.0,HUBERT_BASE,6
3570-5694-0008_7021-79740-0002__T1__SCV3FIX__VOICE-3570_CONTENT-7021-7021-79740-0002,3570,7021,,-27.17,17,0.9411764705882353,1.0,0.9411764705882353,-0.05227132005534957,-0.14763265552894478,-37.4051853326169,1,8.0,8.0,0.5,HUBERT_BASE,6
1995-1837-0020_5142-33396-0032__T1__SCV3FIX__VOICE-1995_CONTENT-5142-5142-33396-0032,1995,5142,,-3.78,5,1.0,0.8,0.8,-0.054370426819085015,-0.07103288454998757,-8.62546319395653,1,2.5,2.5,0.0,HUBERT_BASE,6
5105-28233-0005_5683-32865-0003__T1__SCV3FIX__VOICE-5105_CONTENT-5683-5683-32865-0003,5105,5683,,6.58,6,0.0,0.0,0.0,0.1446407609818802,0.02338439179381735,34.83700708111404,0,0.0,0.0,-1.0,HUBERT_BASE,6
4970-29093-0012_7729-102255-0033__T2__SCV3FIX__VOICE-7729_CONTENT-4970-4970-29093-0012,7729,4970,,12.87,12,0.0,0.0,0.0,0.1001319204209382,0.03808337262241479,41.31797977737416,0,0.0,0.0,-1.0,HUBERT_BASE,6
1284-1181-0002_3570-5694-0002__T1__SCV3FIX__VOICE-1284_CONTENT-3570-3570-5694-0002,1284,3570,,9.69,6,0.16666666666666666,0.0,0.0,0.05562538805784049,-0.009371448871880905,28.043346836454216,0,0.0,0.0,-1.0,HUBERT_BASE,6
61-70970-0039_5105-28233-0001__T2__SCV3FIX__VOICE-5105_CONTENT-61-61-70970-0039,5105,61,,7.4,7,0.0,0.0,0.0,0.0948595682799228,0.039675833366086044,21.4808825568129,0,0.0,0.0,-1.0,HUBERT_BASE,6
4992-41797-0010_7021-79740-0011__T2__SCV3FIX__VOICE-7021_CONTENT-4992-4992-41797-0010,7021,4992,,13.4,12,0.0,0.0,0.0,0.07447954724079424,0.03630298303477408,36.358850657769956,0,0.0,0.0,-1.0,HUBERT_BASE,6
8455-210777-0001_237-126133-0021__T1__SCV3FIX__VOICE-8455_CONTENT-237-237-126133-0021,8455,237,,13.71,7,0.0,0.0,0.0,0.10343961403707595,0.06713134316240565,43.83508052995493,0,0.0,0.0,-1.0,HUBERT_BASE,6
4992-23283-0000_121-127105-0011__T2__SCV3FIX__VOICE-121_CONTENT-4992-4992-23283-0000,121,4992,,-19.31,10,0.9,1.0,0.9,-0.051437544457887875,-0.20790195049283988,-30.53981304094234,2,3.0,2.25,0.0,HUBERT_BASE,6
5683-32879-0018_260-123288-0022__T1__SCV3FIX__VOICE-5683_CONTENT-260-260-123288-0022,5683,260,,-28.07,6,1.0,1.0,1.0,-0.11023934978749196,-0.1529268801706033,-39.91182095288591,1,3.0,3.0,0.0,HUBERT_BASE,6
121-121726-0010_260-123286-0031__T2__SCV3FIX__VOICE-260_CONTENT-121-121-121726-0010,260,121,,13.58,8,0.0,0.0,0.0,0.09858151383163755,0.044058915342855776,38.73081190098413,0,0.0,0.0,-1.0,HUBERT_BASE,6
7127-75947-0019_8463-294825-0003__T2__SCV3FIX__VOICE-8463_CONTENT-7127-7127-75947-0019,8463,7127,,-28.8,5,1.0,1.0,1.0,-0.08807762637848826,-0.1313941452450419,-30.29899234491336,1,2.5,2.5,0.0,HUBERT_BASE,6
3570-5696-0008_4446-2271-0005__T2__SCV3FIX__VOICE-4446_CONTENT-3570-3570-5696-0008,4446,3570,,8.89,5,0.2,0.0,0.0,0.03369768092792036,-0.018472375318196455,21.684361154890684,0,0.0,0.0,-1.0,HUBERT_BASE,6
6829-68769-0015_3575-170457-0050__T2__SCV3FIX__VOICE-3575_CONTENT-6829-6829-68769-0015,3575,6829,,-23.26,11,1.0,1.0,1.0,-0.07698425931842844,-0.13758417324448502,-35.59750803733547,1,5.5,5.5,0.0,HUBERT_BASE,6
7127-75946-0027_6930-76324-0011__T1__SCV3FIX__VOICE-7127_CONTENT-6930-6930-76324-0011,7127,6930,,10.55,17,0.11764705882352941,0.0,0.0,0.06758184171393147,-0.10268670115137468,30.343825135764714,1,1.0,1.0,3.5,HUBERT_BASE,6
3570-5695-0015_6829-68771-0036__T2__SCV3FIX__VOICE-6829_CONTENT-3570-3570-5695-0015,6829,3570,,16.15,9,0.1111111111111111,0.0,0.0,0.04575669729562158,-2.0149019813842095e-05,40.23240781962628,0,0.0,0.0,-1.0,HUBERT_BASE,6
7176-92135-0041_7127-75947-0037__T2__SCV3FIX__VOICE-7127_CONTENT-7176-7176-92135-0041,7127,7176,,-20.25,8,1.0,1.0,1.0,-0.07338804063337377,-0.13429456018504182,-30.10710123553652,1,4.0,4.0,0.0,HUBERT_BASE,6
61-70970-0040_7729-102255-0019__T1__SCV3FIX__VOICE-61_CONTENT-7729-7729-102255-0019,61,7729,,-19.41,7,1.0,1.0,1.0,-0.0910094825865247,-0.13406836718405024,-25.109207888106443,1,3.5,3.5,0.0,HUBERT_BASE,6
7021-85628-0015_4992-41797-0013__T1__SCV3FIX__VOICE-7021_CONTENT-4992-4992-41797-0013,7021,4992,,12.05,18,0.0,0.0,0.0,0.08899952019631037,0.038697656116462587,45.84344207895232,0,0.0,0.0,-1.0,HUBERT_BASE,6
1320-122617-0034_7127-75947-0007__T1__SCV3FIX__VOICE-1320_CONTENT-7127-7127-75947-0007,1320,7127,,-10.33,9,0.7777777777777778,1.0,0.7777777777777778,-0.05925656011623332,-0.21263205579832334,-17.84862531707713,1,3.0,3.0,1.5,HUBERT_BASE,6
6829-68769-0001_7127-75946-0011__T1__SCV3FIX__VOICE-6829_CONTENT-7127-7127-75946-0011,6829,7127,,-9.5,5,0.4,0.6,0.4,0.0396473662634268,-0.04183334143955608,-4.071002275904342,1,1.0,1.0,1.0,HUBERT_BASE,6
260-123286-0009_1284-1181-0002__T1__SCV3FIX__VOICE-260_CONTENT-1284-1284-1181-0002,260,1284,,5.49,6,0.16666666666666666,0.0,0.0,0.04209485759233308,-0.03896301906860955,11.826164537774375,0,0.0,0.0,-1.0,HUBERT_BASE,6
121-127105-0013_260-123288-0009__T1__SCV3FIX__VOICE-121_CONTENT-260-260-123288-0009,121,260,,-22.72,5,1.0,1.0,1.0,-0.02805894697718401,-0.04704255051956718,-21.240710758018746,1,2.5,2.5,0.0,HUBERT_BASE,6
237-126133-0007_5683-32865-0004__T2__SCV3FIX__VOICE-5683_CONTENT-237-237-126133-0007,5683,237,,-13.45,13,0.8461538461538461,1.0,0.8461538461538461,-0.043525500282832495,-0.15589022324633128,-16.356615999078404,1,5.5,5.5,1.0,HUBERT_BASE,6
61-70968-0000_8555-292519-0000__T1__SCV3FIX__VOICE-61_CONTENT-8555-8555-292519-0000,61,8555,,12.49,8,0.0,0.0,0.0,0.10932295091969538,0.07334059330171228,36.26241178607792,0,0.0,0.0,-1.0,HUBERT_BASE,6
1188-133604-0005_1580-141083-0020__T2__SCV3FIX__VOICE-1580_CONTENT-1188-1188-133604-0005,1580,1188,,-23.33,9,1.0,1.0,1.0,-0.11631649236120281,-0.1772358382063819,-36.84376925932574,1,4.5,4.5,0.0,HUBERT_BASE,6
3575-170457-0006_5639-40744-0025__T2__SCV3FIX__VOICE-5639_CONTENT-3575-3575-170457-0006,5639,3575,,13.99,15,0.0,0.0,0.0,0.10533530821238785,0.044304008522563665,40.86875735499584,0,0.0,0.0,-1.0,HUBERT_BASE,6
1188-133604-0019_8224-274384-0008__T2__SCV3FIX__VOICE-8224_CONTENT-1188-1188-133604-0019,8224,1188,,-20.14,23,1.0,1.0,1.0,-0.18320680300396378,-0.34222721369073417,-40.30295372450028,1,11.5,11.5,0.0,HUBERT_BASE,6
672-122797-0021_4446-2273-0032__T2__SCV3FIX__VOICE-4446_CONTENT-672-672-122797-0021,4446,672,,-16.02,7,1.0,1.0,1.0,-0.08890256964946067,-0.13949542958695305,-37.68748523896029,1,3.5,3.5,0.0,HUBERT_BASE,6
8463-294828-0013_8224-274381-0004__T2__SCV3FIX__VOICE-8224_CONTENT-8463-8463-294828-0013,8224,8463,,14.02,12,0.0,0.0,0.0,0.06403840154395622,0.033592702288679055,37.70565229244512,0,0.0,0.0,-1.0,HUBERT_BASE,6
7176-88083-0025_1089-134686-0033__T2__SCV3FIX__VOICE-1089_CONTENT-7176-7176-88083-0025,1089,7176,,14.09,5,0.4,0.0,0.0,0.02876777989117423,-0.03593212294239878,27.76740672939593,1,1.0,1.0,1.0,HUBERT_BASE,6
2961-961-0015_5683-32865-0015__T1__SCV3FIX__VOICE-2961_CONTENT-5683-5683-32865-0015,2961,5683,,-0.03,6,0.3333333333333333,0.5,0.16666666666666666,0.011302561015185342,-0.04791104697726489,6.551820785980045,0,0.0,0.0,-1.0,HUBERT_BASE,6
7127-75946-0007_1580-141084-0034__T1__SCV3FIX__VOICE-7127_CONTENT-1580-1580-141084-0034,7127,1580,,12.09,7,0.0,0.0,0.0,0.11193953194647786,0.04422342952397518,38.14021083248824,0,0.0,0.0,-1.0,HUBERT_BASE,6
4077-13751-0013_908-31957-0023__T2__SCV3FIX__VOICE-908_CONTENT-4077-4077-13751-0013,908,4077,,12.85,7,0.0,0.0,0.0,0.0823593870331584,0.027424283768196056,29.84387617922447,0,0.0,0.0,-1.0,HUBERT_BASE,6
1995-1826-0002_7176-92135-0045__T1__SCV3FIX__VOICE-1995_CONTENT-7176-7176-92135-0045,1995,7176,,-1.59,8,0.5,0.375,0.25,0.01157797065829115,-0.034211462955230365,-0.1871760205075037,1,1.0,1.0,2.0,HUBERT_BASE,6
4077-13754-0010_4507-16021-0010__T1__SCV3FIX__VOICE-4077_CONTENT-4507-4507-16021-0010,4077,4507,,12.14,22,0.0,0.0,0.0,0.11733898469915341,0.058885930790970376,45.53952842743123,0,0.0,0.0,-1.0,HUBERT_BASE,6
2830-3980-0041_237-126133-0008__T1__SCV3FIX__VOICE-2830_CONTENT-237-237-126133-0008,2830,237,,10.42,6,0.0,0.0,0.0,0.13648350569311538,0.06864368778270491,34.167657895586125,0,0.0,0.0,-1.0,HUBERT_BASE,6
61-70970-0023_908-31957-0009__T2__SCV3FIX__VOICE-908_CONTENT-61-61-70970-0023,908,61,,3.24,6,0.16666666666666666,0.0,0.0,0.05562437646957199,-0.015403753502251538,12.025491519336073,0,0.0,0.0,-1.0,HUBERT_BASE,6
5142-33396-0010_6930-76324-0017__T1__SCV3FIX__VOICE-5142_CONTENT-6930-6930-76324-0017,5142,6930,,2.03,5,1.0,0.4,0.4,-0.026947880508931175,-0.04173344040112548,4.280808748005592,1,2.5,2.5,0.0,HUBERT_BASE,6
5683-32866-0022_3729-6852-0027__T2__SCV3FIX__VOICE-3729_CONTENT-5683-5683-32866-0022,3729,5683,,-16.16,5,1.0,1.0,1.0,-0.04277691818308993,-0.05182331602784063,-26.730304200142406,1,2.5,2.5,0.0,HUBERT_BASE,6
4970-29095-0035_2300-131720-0036__T1__SCV3FIX__VOICE-4970_CONTENT-2300-2300-131720-0036,4970,2300,,-3.28,8,0.5,0.5,0.5,0.018691665504572075,-0.09561753265188833,-2.687055393804192,1,2.0,2.0,0.0,HUBERT_BASE,6
5105-28241-0019_2830-3980-0013__T2__SCV3FIX__VOICE-2830_CONTENT-5105-5105-28241-0019,2830,5105,,8.96,7,0.0,0.0,0.0,0.09221995052424511,0.03150659736562611,34.410412607923654,0,0.0,0.0,-1.0,HUBERT_BASE,6
1188-133604-0031_5142-33396-0054__T2__SCV3FIX__VOICE-5142_CONTENT-1188-1188-133604-0031,5142,1188,,11.46,7,0.0,0.0,0.0,0.13140440036996276,0.03341812226909302,26.402170976481678,0,0.0,0.0,-1.0,HUBERT_BASE,6
1995-1826-0022_5683-32879-0014__T2__SCV3FIX__VOICE-5683_CONTENT-1995-1995-1826-0022,5683,1995,,9.05,8,0.0,0.25,0.0,0.09359621522650485,0.003922942647047956,24.325184601582322,0,0.0,0.0,-1.0,HUBERT_BASE,6
6930-75918-0000_5105-28241-0000__T2__SCV3FIX__VOICE-5105_CONTENT-6930-6930-75918-0000,5105,6930,,6.71,6,0.0,0.0,0.0,0.09224997986180612,0.05093753365655462,25.071010056332472,0,0.0,0.0,-1.0,HUBERT_BASE,6
7021-79730-0007_908-157963-0028__T1__SCV3FIX__VOICE-7021_CONTENT-908-908-157963-0028,7021,908,,5.91,8,0.125,0.125,0.125,0.02597995178871637,-0.08681482420471931,14.917916276127503,0,0.0,0.0,-1.0,HUBERT_BASE,6
4992-41797-0015_4446-2271-0013__T2__SCV3FIX__VOICE-4446_CONTENT-4992-4992-41797-0015,4446,4992,,3.31,7,0.0,0.14285714285714285,0.0,0.04239550738651051,0.0066139104601532495,17.92478366786364,0,0.0,0.0,-1.0,HUBERT_BASE,6
6829-68769-0026_61-70970-0028__T1__SCV3FIX__VOICE-6829_CONTENT-61-61-70970-0028,6829,61,,8.49,8,0.0,0.0,0.0,0.0970481946715575,0.0269260450711043,24.073873000842603,0,0.0,0.0,-1.0,HUBERT_BASE,6
4507-16021-0058_7729-102255-0029__T2__SCV3FIX__VOICE-7729_CONTENT-4507-4507-16021-0058,7729,4507,,14.15,5,0.0,0.0,0.0,0.07082642480876614,0.00794851764040716,38.01045610628421,0,0.0,0.0,-1.0,HUBERT_BASE,6
4446-2273-0025_1284-1181-0010__T2__SCV3FIX__VOICE-1284_CONTENT-4446-4446-2273-0025,1284,4446,,-12.85,8,0.75,0.75,0.625,-0.02924043099192694,-0.07824117892610916,-15.465203407768765,1,2.5,2.5,1.5,HUBERT_BASE,6
260-123288-0005_5683-32879-0014__T1__SCV3FIX__VOICE-260_CONTENT-5683-5683-32879-0014,260,5683,,0.11,15,0.26666666666666666,0.13333333333333333,0.06666666666666667,0.004972900744816511,-0.15725493116581446,9.915339810995796,2,1.0,1.0,2.0,HUBERT_BASE,6
7127-75947-0032_1188-133604-0010__T2__SCV3FIX__VOICE-1188_CONTENT-7127-7127-75947-0032,1188,7127,,12.39,7,0.0,0.0,0.0,0.1143956977799127,0.038546206093564406,47.05343457408896,0,0.0,0.0,-1.0,HUBERT_BASE,6
672-122797-0045_2094-142345-0023__T1__SCV3FIX__VOICE-672_CONTENT-2094-2094-142345-0023,672,2094,,13.07,9,0.0,0.0,0.0,0.10083849794476461,0.03974461475991731,32.520640297218534,0,0.0,0.0,-1.0,HUBERT_BASE,6
4077-13751-0020_4507-16021-0043__T2__SCV3FIX__VOICE-4507_CONTENT-4077-4077-13751-0020,4507,4077,,11.7,6,0.0,0.0,0.0,0.04426037370719682,0.013704955303751154,34.93969715894223,0,0.0,0.0,-1.0,HUBERT_BASE,6
260-123286-0008_3570-5695-0013__T2__SCV3FIX__VOICE-3570_CONTENT-260-260-123286-0008,3570,260,,-21.09,6,1.0,1.0,1.0,-0.10178916848473692,-0.15343855699269815,-39.63223316946036,1,3.0,3.0,0.0,HUBERT_BASE,6
260-123288-0004_3729-6852-0007__T1__SCV3FIX__VOICE-260_CONTENT-3729-3729-6852-0007,260,3729,,15.66,7,0.5714285714285714,0.0,0.0,-0.014225947154818761,-0.10050967925603982,25.599591361203682,2,1.0,1.0,0.0,HUBERT_BASE,6
1320-122612-0014_1995-1826-0003__T2__SCV3FIX__VOICE-1995_CONTENT-1320-1320-122612-0014,1995,1320,,-20.38,5,1.0,1.0,1.0,-0.1197740477614793,-0.16649537945588955,-33.85986236805858,1,2.5,2.5,0.0,HUBERT_BASE,6
4507-16021-0049_260-123286-0007__T1__SCV3FIX__VOICE-4507_CONTENT-260-260-123286-0007,4507,260,,-19.88,8,1.0,1.0,1.0,-0.10153104095295462,-0.14087064297462604,-35.21547917566089,1,4.0,4.0,0.0,HUBERT_BASE,6
5142-33396-0014_7176-88083-0014__T2__SCV3FIX__VOICE-7176_CONTENT-5142-5142-33396-0014,7176,5142,,12.36,5,0.0,0.0,0.0,0.10236375686149153,0.06029856443796899,35.8684255453839,0,0.0,0.0,-1.0,HUBERT_BASE,6
2830-3980-0019_7021-79730-0009__T2__SCV3FIX__VOICE-7021_CONTENT-2830-2830-3980-0019,7021,2830,,-2.16,13,0.9230769230769231,1.0,0.9230769230769231,-0.09157541867704795,-0.19751186829811618,-14.217168519829244,1,6.0,6.0,0.0,HUBERT_BASE,6
1995-1826-0005_7127-75947-0002__T1__SCV3FIX__VOICE-1995_CONTENT-7127-7127-75947-0002,1995,7127,,-20.11,5,1.0,1.0,1.0,-0.16369350425293033,-0.23002470450647017,-36.21631676807324,1,2.5,2.5,0.0,HUBERT_BASE,6
4446-2273-0009_8463-287645-0001__T1__SCV3FIX__VOICE-4446_CONTENT-8463-8463-287645-0001,4446,8463,,-25.33,6,1.0,1.0,1.0,-0.10264507156865567,-0.14619624322323088,-33.95991787664796,1,3.0,3.0,0.0,HUBERT_BASE,6
3729-6852-0044_3570-5694-0012__T2__SCV3FIX__VOICE-3570_CONTENT-3729-3729-6852-0044,3570,3729,,10.2,5,0.0,0.0,0.0,0.031551790363145926,0.018037732346916302,30.421910412910467,0,0.0,0.0,-1.0,HUBERT_BASE,6
5683-32866-0018_8463-294825-0012__T2__SCV3FIX__VOICE-8463_CONTENT-5683-5683-32866-0018,8463,5683,,-25.29,9,1.0,1.0,1.0,-0.08470036327718676,-0.15555987798328896,-40.66406055135588,1,4.5,4.5,0.0,HUBERT_BASE,6
4446-2275-0035_8463-287645-0003__T2__SCV3FIX__VOICE-8463_CONTENT-4446-4446-2275-0035,8463,4446,,11.49,7,0.0,0.0,0.0,0.058307232197265094,0.018111589241648907,38.169240969943765,0,0.0,0.0,-1.0,HUBERT_BASE,6
1089-134691-0019_2830-3980-0011__T2__SCV3FIX__VOICE-2830_CONTENT-1089-1089-134691-0019,2830,1089,,-15.97,5,1.0,1.0,1.0,-0.059535253760244045,-0.11205077615098802,-28.10748159781387,1,2.5,2.5,0.0,HUBERT_BASE,6
6829-68769-0023_121-123859-0004__T1__SCV3FIX__VOICE-6829_CONTENT-121-121-123859-0004,6829,121,,11.37,7,0.0,0.0,0.0,0.13838085640226325,0.08495330640640264,36.40613294775859,0,0.0,0.0,-1.0,HUBERT_BASE,6
1089-134691-0025_8224-274384-0005__T2__SCV3FIX__VOICE-8224_CONTENT-1089-1089-134691-0025,8224,1089,,-6.23,15,0.6,0.9333333333333333,0.6,-0.04418737487884945,-0.3086891892618112,-8.934221539805389,3,2.0,1.5,1.0,HUBERT_BASE,6
1580-141083-0008_4507-16021-0029__T2__SCV3FIX__VOICE-4507_CONTENT-1580-1580-141083-0008,4507,1580,,12.69,6,0.0,0.0,0.0,0.10369902968699098,0.028216901240693426,50.13186309353396,0,0.0,0.0,-1.0,HUBERT_BASE,6
1320-122617-0003_1580-141084-0014__T1__SCV3FIX__VOICE-1320_CONTENT-1580-1580-141084-0014,1320,1580,,9.2,6,0.0,0.0,0.0,0.11242614435119141,0.05113589966163268,41.27827936330354,0,0.0,0.0,-1.0,HUBERT_BASE,6
121-127105-0000_2961-961-0016__T2__SCV3FIX__VOICE-2961_CONTENT-121-121-127105-0000,2961,121,,11.13,14,0.07142857142857142,0.0,0.0,0.07656523672823459,-0.03840190821652034,31.765085783217785,0,0.0,0.0,-1.0,HUBERT_BASE,6
4077-13751-0020_8555-284449-0007__T1__SCV3FIX__VOICE-4077_CONTENT-8555-8555-284449-0007,4077,8555,,11.41,17,0.0,0.0,0.0,0.11038105346550366,0.0350365035679161,42.710935037481775,0,0.0,0.0,-1.0,HUBERT_BASE,6
7729-102255-0018_7127-75946-0024__T1__SCV3FIX__VOICE-7729_CONTENT-7127-7127-75946-0024,7729,7127,,0.71,9,0.4444444444444444,0.3333333333333333,0.2222222222222222,-0.006162847872212613,-0.1426321835601676,3.257106299403282,1,1.5,1.5,1.0,HUBERT_BASE,6
1580-141083-0037_61-70968-0048__T2__SCV3FIX__VOICE-61_CONTENT-1580-1580-141083-0037,61,1580,,11.28,5,0.0,0.0,0.0,0.08648950232842792,0.06523150282291867,32.522271537552335,0,0.0,0.0,-1.0,HUBERT_BASE,6
61-70970-0028_2300-131720-0013__T2__SCV3FIX__VOICE-2300_CONTENT-61-61-70970-0028,2300,61,,7.72,12,0.0,0.0,0.0,0.09909936118564028,0.01936656197915443,26.608898939691326,0,0.0,0.0,-1.0,HUBERT_BASE,6
2830-3980-0000_1284-1181-0005__T2__SCV3FIX__VOICE-1284_CONTENT-2830-2830-3980-0000,1284,2830,,-20.18,6,1.0,1.0,1.0,-0.11428390392893344,-0.23190468085919036,-34.4235031281774,1,3.0,3.0,0.0,HUBERT_BASE,6
8455-210777-0037_8463-294828-0009__T2__SCV3FIX__VOICE-8463_CONTENT-8455-8455-210777-0037,8463,8455,,-24.82,7,1.0,1.0,1.0,-0.10207601863125229,-0.17090459574083672,-41.88003050285532,1,3.5,3.5,0.0,HUBERT_BASE,6
7729-102255-0017_672-122797-0063__T1__SCV3FIX__VOICE-7729_CONTENT-672-672-122797-0063,7729,672,,9.4,9,0.0,0.0,0.0,0.15596019207027398,0.0653787838257861,35.86480625406685,0,0.0,0.0,-1.0,HUBERT_BASE,6
260-123440-0015_7729-102255-0020__T1__SCV3FIX__VOICE-260_CONTENT-7729-7729-102255-0020,260,7729,,2.06,11,0.2727272727272727,0.2727272727272727,0.09090909090909091,0.027765766408287016,-0.10362589769690145,7.452105976666937,1,1.0,1.0,2.5,HUBERT_BASE,6
3575-170457-0020_1320-122617-0024__T1__SCV3FIX__VOICE-3575_CONTENT-1320-1320-122617-0024,3575,1320,,-22.87,14,1.0,1.0,1.0,-0.08123086973747139,-0.16378141098174392,-36.01346915025179,1,7.0,7.0,0.0,HUBERT_BASE,6
121-121726-0004_2830-3980-0020__T2__SCV3FIX__VOICE-2830_CONTENT-121-121-121726-0004,2830,121,,12.27,5,0.0,0.0,0.0,0.15203627049989393,0.007075429242927367,40.24255405223029,0,0.0,0.0,-1.0,HUBERT_BASE,6
8463-294825-0005_7729-102255-0042__T2__SCV3FIX__VOICE-7729_CONTENT-8463-8463-294825-0005,7729,8463,,15.13,14,0.07142857142857142,0.0,0.0,0.0894252265607108,-0.0018172859782111805,35.52760933780196,0,0.0,0.0,-1.0,HUBERT_BASE,6
6829-68769-0039_5142-33396-0009__T1__SCV3FIX__VOICE-6829_CONTENT-5142-5142-33396-0009,6829,5142,,12.6,5,0.0,0.0,0.0,0.07558302172341433,0.018217742078729948,38.12845052405946,0,0.0,0.0,-1.0,HUBERT_BASE,6
5105-28233-0008_4446-2275-0023__T2__SCV3FIX__VOICE-4446_CONTENT-5105-5105-28233-0008,4446,5105,,-17.8,6,1.0,1.0,1.0,-0.0609157201234371,-0.088667098219118,-34.39565273349686,1,3.0,3.0,0.0,HUBERT_BASE,6
8555-284447-0001_237-134500-0039__T1__SCV3FIX__VOICE-8555_CONTENT-237-237-134500-0039,8555,237,,-4.63,8,0.875,0.75,0.75,-0.07610074934878913,-0.18801194053373704,-15.174087775733277,1,3.5,3.5,0.5,HUBERT_BASE,6
2300-131720-0010_1089-134686-0001__T2__SCV3FIX__VOICE-1089_CONTENT-2300-2300-131720-0010,1089,2300,,10.12,5,0.0,0.0,0.0,0.10383949002172903,0.05136442574625766,26.559585027280463,0,0.0,0.0,-1.0,HUBERT_BASE,6
8555-284449-0018_8463-287645-0000__T2__SCV3FIX__VOICE-8463_CONTENT-8555-8555-284449-0018,8463,8555,,11.99,8,0.0,0.0,0.0,0.0916670882089868,0.06172782427164336,42.08167107638258,0,0.0,0.0,-1.0,HUBERT_BASE,6
7176-92135-0023_1320-122617-0011__T1__SCV3FIX__VOICE-7176_CONTENT-1320-1320-122617-0011,7176,1320,,-5.51,11,0.6363636363636364,1.0,0.6363636363636364,-0.06439998576610297,-0.30666396178625766,-13.893271253895536,1,3.5,3.5,2.0,HUBERT_BASE,6
7176-92135-0017_1580-141083-0006__T2__SCV3FIX__VOICE-1580_CONTENT-7176-7176-92135-0017,1580,7176,,-21.57,13,1.0,1.0,1.0,-0.07113822214442496,-0.13373290467975374,-38.691194412547155,1,6.5,6.5,0.0,HUBERT_BASE,6
1089-134686-0004_8463-294828-0016__T1__SCV3FIX__VOICE-1089_CONTENT-8463-8463-294828-0016,1089,8463,,15.64,5,0.2,0.0,0.0,0.07556690225115843,-0.002601802452134039,43.76933897420703,0,0.0,0.0,-1.0,HUBERT_BASE,6
5142-33396-0022_1089-134691-0007__T1__SCV3FIX__VOICE-5142_CONTENT-1089-1089-134691-0007,5142,1089,,-25.35,5,1.0,1.0,1.0,-0.09407849385026049,-0.19302768011912774,-35.13170663190599,1,2.5,2.5,0.0,HUBERT_BASE,6
908-157963-0026_2830-3980-0068__T2__SCV3FIX__VOICE-2830_CONTENT-908-908-157963-0026,2830,908,,-4.93,9,0.5555555555555556,0.4444444444444444,0.3333333333333333,0.02490866429023174,-0.2066623483834218,6.486432811515824,2,1.5,1.25,1.5,HUBERT_BASE,6
5142-33396-0057_7729-102255-0010__T2__SCV3FIX__VOICE-7729_CONTENT-5142-5142-33396-0057,7729,5142,,10.24,5,0.0,0.0,0.0,0.0735830198776457,0.037466823305381536,34.40818227049783,0,0.0,0.0,-1.0,HUBERT_BASE,6
6930-76324-0017_4446-2275-0001__T1__SCV3FIX__VOICE-6930_CONTENT-4446-4446-2275-0001,6930,4446,,-5.65,8,1.0,1.0,1.0,-0.07123233592571965,-0.13479447898655883,-21.796016102148176,1,4.0,4.0,0.0,HUBERT_BASE,6
61-70970-0000_121-121726-0002__T1__SCV3FIX__VOICE-61_CONTENT-121-121-121726-0002,61,121,,15.84,7,0.0,0.0,0.0,0.20470956739195453,0.09472580077901216,37.86164970455769,0,0.0,0.0,-1.0,HUBERT_BASE,6
7021-85628-0008_5142-33396-0002__T2__SCV3FIX__VOICE-5142_CONTENT-7021-7021-85628-0008,5142,7021,,-19.35,6,1.0,1.0,1.0,-0.11248001233834515,-0.1841794586216935,-43.36001283055777,1,3.0,3.0,0.0,HUBERT_BASE,6
2300-131720-0040_5142-36586-0000__T1__SCV3FIX__VOICE-2300_CONTENT-5142-5142-36586-0000,2300,5142,,11.33,6,0.0,0.0,0.0,0.12430444376789788,0.07312125693005866,41.986895150407896,0,0.0,0.0,-1.0,HUBERT_BASE,6
2961-960-0009_1995-1826-0023__T1__SCV3FIX__VOICE-2961_CONTENT-1995-1995-1826-0023,2961,1995,,-18.38,15,0.9333333333333333,1.0,0.9333333333333333,-0.08007645258373959,-0.2367613422167899,-39.88296564788884,2,5.5,3.5,0.0,HUBERT_BASE,6
7729-102255-0028_6930-75918-0019__T1__SCV3FIX__VOICE-7729_CONTENT-6930-6930-75918-0019,7729,6930,,10.26,18,0.0,0.0,0.0,0.11205539369833188,0.04771136958549471,34.73196344075479,0,0.0,0.0,-1.0,HUBERT_BASE,6
8230-279154-0024_8463-287645-0014__T2__SCV3FIX__VOICE-8463_CONTENT-8230-8230-279154-0024,8463,8230,,12.29,5,0.0,0.0,0.0,0.12174939120836811,0.0668144848582306,33.94166866909814,0,0.0,0.0,-1.0,HUBERT_BASE,6
5142-36377-0023_1320-122617-0019__T2__SCV3FIX__VOICE-1320_CONTENT-5142-5142-36377-0023,1320,5142,,13.36,10,0.0,0.0,0.0,0.08452148981245924,0.033539838272875655,39.41465167348121,0,0.0,0.0,-1.0,HUBERT_BASE,6
6930-76324-0005_4507-16021-0057__T1__SCV3FIX__VOICE-6930_CONTENT-4507-4507-16021-0057,6930,4507,,3.76,8,0.25,0.125,0.0,0.04702816951813821,-0.02828669109572879,17.25492068345116,0,0.0,0.0,-1.0,HUBERT_BASE,6
1284-1180-0028_4446-2273-0028__T2__SCV3FIX__VOICE-4446_CONTENT-1284-1284-1180-0028,4446,1284,,-12.97,9,0.6666666666666666,1.0,0.6666666666666666,-0.04826604609094947,-0.1363510559580986,-25.413821016812456,1,3.0,3.0,0.0,HUBERT_BASE,6
61-70970-0038_6829-68771-0020__T1__SCV3FIX__VOICE-61_CONTENT-6829-6829-68771-0020,61,6829,,13.88,8,0.0,0.0,0.0,0.09296369120733883,0.03763580246994014,35.66215719546336,0,0.0,0.0,-1.0,HUBERT_BASE,6
2961-961-0006_8555-292519-0005__T2__SCV3FIX__VOICE-8555_CONTENT-2961-2961-961-0006,8555,2961,,-26.86,8,1.0,1.0,1.0,-0.12189826488648757,-0.3363568119488587,-34.91603187776856,1,4.0,4.0,0.0,HUBERT_BASE,6
8224-274381-0013_1320-122617-0013__T1__SCV3FIX__VOICE-8224_CONTENT-1320-1320-122617-0013,8224,1320,,-2.4,20,0.5,0.35,0.25,-0.016373981759047578,-0.27031905838170356,7.021265088609165,1,3.0,3.0,4.0,HUBERT_BASE,6
7127-75947-0002_4446-2271-0019__T2__SCV3FIX__VOICE-4446_CONTENT-7127-7127-75947-0002,4446,7127,,6.67,5,0.4,0.0,0.0,0.05063157210010501,-0.019520279072094415,19.394828799198255,0,0.0,0.0,-1.0,HUBERT_BASE,6
8230-279154-0016_1580-141083-0030__T2__SCV3FIX__VOICE-1580_CONTENT-8230-8230-279154-0016,1580,8230,,-11.07,5,1.0,1.0,1.0,-0.05574676357318553,-0.0857045605677269,-21.813754662400687,1,2.5,2.5,0.0,HUBERT_BASE,6
2094-142345-0027_260-123288-0007__T2__SCV3FIX__VOICE-260_CONTENT-2094-2094-142345-0027,260,2094,,12.03,10,0.0,0.0,0.0,0.11426946718671108,0.06370031706248058,38.53633600775955,0,0.0,0.0,-1.0,HUBERT_BASE,6
7127-75946-0016_1320-122617-0026__T1__SCV3FIX__VOICE-7127_CONTENT-1320-1320-122617-0026,7127,1320,,-13.69,9,0.8888888888888888,1.0,0.8888888888888888,-0.10683152087608781,-0.2651963338977821,-28.87966510918667,1,4.0,4.0,0.0,HUBERT_BASE,6
5683-32866-0016_3570-5696-0010__T1__SCV3FIX__VOICE-5683_CONTENT-3570-3570-5696-0010,5683,3570,,17.22,8,0.0,0.0,0.0,0.07375170360267172,0.03940099398965957,43.24415324282579,0,0.0,0.0,-1.0,HUBERT_BASE,6
1089-134686-0021_4992-41797-0018__T2__SCV3FIX__VOICE-4992_CONTENT-1089-1089-134686-0021,4992,1089,,-13.33,12,0.6666666666666666,0.8333333333333334,0.6666666666666666,-0.042247079205002,-0.2558035355788537,-23.618740718979435,1,4.0,4.0,0.0,HUBERT_BASE,6
8463-294828-0029_5142-36377-0015__T2__SCV3FIX__VOICE-5142_CONTENT-8463-8463-294828-0029,5142,8463,,-7.1,7,0.5714285714285714,1.0,0.5714285714285714,-0.005884415906439923,-0.048865555739607824,-12.067715199722043,1,1.5,1.5,0.0,HUBERT_BASE,6
7021-79730-0009_237-126133-0021__T1__SCV3FIX__VOICE-7021_CONTENT-237-237-126133-0021,7021,237,,12.73,7,0.0,0.0,0.0,0.059994359330974856,0.013176373221276072,37.75028881013812,0,0.0,0.0,-1.0,HUBERT_BASE,6
7729-102255-0005_121-121726-0007__T1__SCV3FIX__VOICE-7729_CONTENT-121-121-121726-0007,7729,121,,11.42,8,0.0,0.0,0.0,0.16161753503544096,0.07213920863734447,45.22435526782097,0,0.0,0.0,-1.0,HUBERT_BASE,6
4446-2273-0015_7176-88083-0016__T2__SCV3FIX__VOICE-7176_CONTENT-4446-4446-2273-0015,7176,4446,,12.55,6,0.0,0.0,0.0,0.07681359699576246,0.057435336909413826,47.187030764786336,0,0.0,0.0,-1.0,HUBERT_BASE,6
6829-68769-0044_1320-122612-0008__T2__SCV3FIX__VOICE-1320_CONTENT-6829-6829-68769-0044,1320,6829,,9.72,5,0.0,0.0,0.0,0.06503021815005863,0.028582097231837356,33.15340253564556,0,0.0,0.0,-1.0,HUBERT_BASE,6
5142-33396-0042_4507-16021-0037__T2__SCV3FIX__VOICE-4507_CONTENT-5142-5142-33396-0042,4507,5142,,10.64,9,0.1111111111111111,0.0,0.0,0.06837584651541863,-0.048143738324951224,30.204212785312464,0,0.0,0.0,-1.0,HUBERT_BASE,6
8455-210777-0012_61-70970-0033__T2__SCV3FIX__VOICE-61_CONTENT-8455-8455-210777-0012,61,8455,,7.66,5,0.2,0.0,0.0,0.05179533751374308,-0.03431482974459377,14.214945121187696,0,0.0,0.0,-1.0,HUBERT_BASE,6
8463-294825-0019_8555-284449-0016__T2__SCV3FIX__VOICE-8555_CONTENT-8463-8463-294825-0019,8555,8463,,10.41,5,0.0,0.0,0.0,0.06890755725877559,0.024081825728385464,32.24475486956449,0,0.0,0.0,-1.0,HUBERT_BASE,6
5142-33396-0011_260-123288-0006__T1__SCV3FIX__VOICE-5142_CONTENT-260-260-123288-0006,5142,260,,-17.79,6,1.0,1.0,1.0,-0.1339924171620078,-0.24527947032253228,-37.700290115211516,1,3.0,3.0,0.0,HUBERT_BASE,6
7127-75946-0020_672-122797-0054__T1__SCV3FIX__VOICE-7127_CONTENT-672-672-122797-0054,7127,672,,-0.73,7,0.2857142857142857,0.5714285714285714,0.2857142857142857,0.05540533383445629,-0.08088423662796407,1.7575573541163132,1,1.0,1.0,0.0,HUBERT_BASE,6
61-70968-0027_260-123288-0027__T1__SCV3FIX__VOICE-61_CONTENT-260-260-123288-0027,61,260,,9.45,11,0.0,0.0,0.0,0.08683820242368902,0.0010604858818439311,26.650646454955254,0,0.0,0.0,-1.0,HUBERT_BASE,6
3575-170457-0027_61-70970-0021__T2__SCV3FIX__VOICE-61_CONTENT-3575-3575-170457-0027,61,3575,,10.98,8,0.0,0.0,0.0,0.113328830499233,0.059831264004422624,32.58485578560934,0,0.0,0.0,-1.0,HUBERT_BASE,6
7729-102255-0005_7021-85628-0005__T1__SCV3FIX__VOICE-7729_CONTENT-7021-7021-85628-0005,7729,7021,,8.2,9,0.0,0.0,0.0,0.10499085480976575,0.010333180220887583,24.939201535627742,0,0.0,0.0,-1.0,HUBERT_BASE,6
7176-92135-0022_672-122797-0054__T1__SCV3FIX__VOICE-7176_CONTENT-672-672-122797-0054,7176,672,,-2.18,7,0.42857142857142855,0.2857142857142857,0.2857142857142857,-0.0011624288375545744,-0.15422249451124748,13.152351248420208,1,1.5,1.5,2.0,HUBERT_BASE,6
2961-960-0007_672-122797-0017__T1__SCV3FIX__VOICE-2961_CONTENT-672-672-122797-0017,2961,672,,-9.03,8,1.0,1.0,1.0,-0.06574591095983176,-0.11908895248945539,-21.293103402190912,1,4.0,4.0,0.0,HUBERT_BASE,6
1089-134691-0006_4446-2275-0026__T2__SCV3FIX__VOICE-4446_CONTENT-1089-1089-134691-0006,4446,1089,,-24.35,9,1.0,1.0,1.0,-0.09497103725627803,-0.1793056809553596,-37.75038796629565,1,4.5,4.5,0.0,HUBERT_BASE,6
3575-170457-0010_8455-210777-0029__T1__SCV3FIX__VOICE-3575_CONTENT-8455-8455-210777-0029,3575,8455,,-31.77,5,1.0,1.0,1.0,-0.1080026588467529,-0.19676088893282417,-37.837979646170915,1,2.5,2.5,0.0,HUBERT_BASE,6
7021-79759-0002_2830-3979-0011__T1__SCV3FIX__VOICE-7021_CONTENT-2830-2830-3979-0011,7021,2830,,2.26,9,0.1111111111111111,0.0,0.0,0.10056725703465406,-0.037699111369037475,12.592122872915823,0,0.0,0.0,-1.0,HUBERT_BASE,6
3575-170457-0044_4446-2273-0004__T1__SCV3FIX__VOICE-3575_CONTENT-4446-4446-2273-0004,3575,4446,,-1.45,9,0.4444444444444444,0.5555555555555556,0.4444444444444444,-0.006185658967533166,-0.10929131940717929,2.5783892930272896,1,2.0,2.0,2.5,HUBERT_BASE,6
260-123288-0007_6930-75918-0010__T1__SCV3FIX__VOICE-260_CONTENT-6930-6930-75918-0010,260,6930,,-28.6,5,1.0,1.0,1.0,-0.07559725612610739,-0.13217348796693362,-25.78790374156248,1,2.5,2.5,0.0,HUBERT_BASE,6
260-123288-0012_4446-2273-0009__T2__SCV3FIX__VOICE-4446_CONTENT-260-260-123288-0012,4446,260,,-29.67,6,1.0,1.0,1.0,-0.11747970415139018,-0.19051908828776698,-50.703635484004764,1,3.0,3.0,0.0,HUBERT_BASE,6
5683-32879-0010_8455-210777-0010__T1__SCV3FIX__VOICE-5683_CONTENT-8455-8455-210777-0010,5683,8455,,6.99,5,0.0,0.0,0.0,0.13201863384746274,0.07997417766686066,41.42013971748797,0,0.0,0.0,-1.0,HUBERT_BASE,6
8455-210777-0013_4446-2275-0023__T2__SCV3FIX__VOICE-4446_CONTENT-8455-8455-210777-0013,4446,8455,,0.7,6,0.6666666666666666,0.6666666666666666,0.6666666666666666,-0.017205416466955985,-0.06781411035331253,-5.96483279389713,2,1.0,1.0,0.0,HUBERT_BASE,6
8463-287645-0001_61-70968-0056__T2__SCV3FIX__VOICE-61_CONTENT-8463-8463-287645-0001,61,8463,,12.71,6,0.0,0.0,0.0,0.09210989998655598,0.047073005688483716,33.290727313332546,0,0.0,0.0,-1.0,HUBERT_BASE,6
8555-284447-0006_908-31957-0021__T1__SCV3FIX__VOICE-8555_CONTENT-908-908-31957-0021,8555,908,,-15.16,19,0.8421052631578947,0.8947368421052632,0.8421052631578947,-0.04288544243742252,-0.14829641066667487,-17.11047188984108,3,4.0,2.6666666666666665,0.5,HUBERT_BASE,6
4970-29095-0023_908-157963-0021__T1__SCV3FIX__VOICE-4970_CONTENT-908-908-157963-0021,4970,908,,-25.0,5,1.0,1.0,1.0,-0.11564382539223565,-0.2090264516986825,-33.38334689599103,1,2.5,2.5,0.0,HUBERT_BASE,6
1221-135767-0001_7127-75947-0008__T1__SCV3FIX__VOICE-1221_CONTENT-7127-7127-75947-0008,1221,7127,,-30.93,7,1.0,1.0,1.0,-0.07074054467583069,-0.1527790507373218,-29.644056902115942,1,3.5,3.5,0.0,HUBERT_BASE,6
6829-68771-0019_672-122797-0000__T2__SCV3FIX__VOICE-672_CONTENT-6829-6829-68771-0019,672,6829,,17.04,6,0.16666666666666666,0.0,0.0,0.0691386483216037,-0.04855734302188175,31.167735050204268,0,0.0,0.0,-1.0,HUBERT_BASE,6
121-121726-0008_5105-28240-0008__T1__SCV3FIX__VOICE-121_CONTENT-5105-5105-28240-0008,121,5105,,-24.73,7,1.0,1.0,1.0,-0.20438405075231844,-0.3793900389360123,-45.6195846533628,1,3.5,3.5,0.0,HUBERT_BASE,6
6930-75918-0008_4970-29093-0013__T1__SCV3FIX__VOICE-6930_CONTENT-4970-4970-29093-0013,6930,4970,,14.29,8,0.0,0.0,0.0,0.07612918333181677,0.04729020307866194,32.433682633939554,0,0.0,0.0,-1.0,HUBERT_BASE,6
6930-81414-0003_7127-75946-0021__T1__SCV3FIX__VOICE-6930_CONTENT-7127-7127-75946-0021,6930,7127,,10.06,5,0.2,0.0,0.0,0.10785834913550577,-2.408027744293939e-05,23.777427323556417,0,0.0,0.0,-1.0,HUBERT_BASE,6
5639-40744-0016_908-31957-0020__T1__SCV3FIX__VOICE-5639_CONTENT-908-908-31957-0020,5639,908,,-28.04,10,1.0,1.0,1.0,-0.07372683526738996,-0.1274366353296853,-30.799266795084566,1,5.0,5.0,0.0,HUBERT_BASE,6
5683-32879-0009_7729-102255-0014__T2__SCV3FIX__VOICE-7729_CONTENT-5683-5683-32879-0009,7729,5683,,11.73,9,0.0,0.0,0.0,0.11613426668997556,0.05657195834496753,38.31422247069083,0,0.0,0.0,-1.0,HUBERT_BASE,6
7127-75947-0015_2830-3980-0023__T2__SCV3FIX__VOICE-2830_CONTENT-7127-7127-75947-0015,2830,7127,,8.41,11,0.0,0.0,0.0,0.06488235042805471,0.012874966075169136,26.965392231239424,0,0.0,0.0,-1.0,HUBERT_BASE,6
260-123286-0025_5142-33396-0003__T1__SCV3FIX__VOICE-260_CONTENT-5142-5142-33396-0003,260,5142,,13.22,5,0.0,0.0,0.0,0.1246425727665585,0.06439387669521568,38.86640370762933,0,0.0,0.0,-1.0,HUBERT_BASE,6
1580-141084-0047_8230-279154-0006__T2__SCV3FIX__VOICE-8230_CONTENT-1580-1580-141084-0047,8230,1580,,12.58,9,0.0,0.0,0.0,0.052884710731908514,0.02747029011145241,39.479389671672834,0,0.0,0.0,-1.0,HUBERT_BASE,6
7021-85628-0022_2300-131720-0009__T1__SCV3FIX__VOICE-7021_CONTENT-2300-2300-131720-0009,7021,2300,,2.39,9,0.1111111111111111,0.0,0.0,0.04143095246842855,-0.0009232802529755002,15.544028066144007,0,0.0,0.0,-1.0,HUBERT_BASE,6
672-122797-0052_2961-960-0004__T1__SCV3FIX__VOICE-672_CONTENT-2961-2961-960-0004,672,2961,,-2.47,7,0.14285714285714285,0.0,0.0,0.030086314052123492,-0.05470317492751242,6.3427262971430665,0,0.0,0.0,-1.0,HUBERT_BASE,6
1580-141083-0023_121-127105-0012__T1__SCV3FIX__VOICE-1580_CONTENT-121-121-127105-0012,1580,121,,12.34,5,0.0,0.0,0.0,0.053455712263093515,0.02480065477353166,32.388030643530215,0,0.0,0.0,-1.0,HUBERT_BASE,6
5639-40744-0040_908-31957-0024__T1__SCV3FIX__VOICE-5639_CONTENT-908-908-31957-0024,5639,908,,-18.91,14,0.9285714285714286,1.0,0.9285714285714286,-0.10540679125274964,-0.2384692382802368,-33.01323924765939,1,6.5,6.5,0.0,HUBERT_BASE,6
6829-68769-0039_5142-33396-0009__T2__SCV3FIX__VOICE-5142_CONTENT-6829-6829-68769-0039,5142,6829,,-22.27,5,1.0,1.0,1.0,-0.0698743968655458,-0.09896821267572109,-34.99764322839619,1,2.5,2.5,0.0,HUBERT_BASE,6
7729-102255-0007_7021-85628-0010__T1__SCV3FIX__VOICE-7729_CONTENT-7021-7021-85628-0010,7729,7021,,-18.75,15,0.8,1.0,0.8,-0.07239801456456219,-0.21388780642933614,-32.20396287137527,2,4.5,3.0,0.0,HUBERT_BASE,6
5639-40744-0005_260-123288-0024__T2__SCV3FIX__VOICE-260_CONTENT-5639-5639-40744-0005,260,5639,,-1.34,10,0.4,0.3,0.3,0.023232182247030598,-0.060086185027080075,5.206982424712198,1,1.5,1.5,0.0,HUBERT_BASE,6
260-123440-0005_8555-284447-0014__T2__SCV3FIX__VOICE-8555_CONTENT-260-260-123440-0005,8555,260,,-21.69,5,1.0,1.0,1.0,-0.10780106253995947,-0.1464438509830358,-27.706917294429047,1,2.5,2.5,0.0,HUBERT_BASE,6
61-70970-0001_4446-2275-0038__T1__SCV3FIX__VOICE-61_CONTENT-4446-4446-2275-0038,61,4446,,11.83,8,0.0,0.0,0.0,0.12439122974487597,0.06789238745739701,36.03842005126061,0,0.0,0.0,-1.0,HUBERT_BASE,6
61-70968-0027_2094-142345-0005__T1__SCV3FIX__VOICE-61_CONTENT-2094-2094-142345-0005,61,2094,,13.39,12,0.0,0.0,0.0,0.15987018796867092,0.05164611544111697,33.39295406647059,0,0.0,0.0,-1.0,HUBERT_BASE,6
3729-6852-0016_5683-32879-0022__T1__SCV3FIX__VOICE-3729_CONTENT-5683-5683-32879-0022,3729,5683,,-28.6,7,0.8571428571428571,1.0,0.8571428571428571,-0.06235399511437821,-0.08789855065978414,-42.19868009823728,1,3.0,3.0,0.0,HUBERT_BASE,6
6930-76324-0001_8455-210777-0030__T1__SCV3FIX__VOICE-6930_CONTENT-8455-8455-210777-0030,6930,8455,,15.83,5,0.0,0.0,0.0,0.10725582799939111,0.031155343442466288,28.536533540481493,0,0.0,0.0,-1.0,HUBERT_BASE,6
121-127105-0006_8455-210777-0045__T2__SCV3FIX__VOICE-8455_CONTENT-121-121-127105-0006,8455,121,,12.04,8,0.0,0.0,0.0,0.09044956829750321,0.05245482816690683,34.343328483929675,0,0.0,0.0,-1.0,HUBERT_BASE,6
8455-210777-0053_2830-3980-0009__T2__SCV3FIX__VOICE-2830_CONTENT-8455-8455-210777-0053,2830,8455,,8.29,6,0.5,0.0,0.0,-0.030936897203524456,-0.14762759285146143,25.68806815665549,1,1.0,1.0,1.0,HUBERT_BASE,6
5683-32879-0010_7127-75947-0032__T1__SCV3FIX__VOICE-5683_CONTENT-7127-7127-75947-0032,5683,7127,,-34.17,7,1.0,1.0,1.0,-0.11333368768472199,-0.21338051970082106,-46.76456256993309,1,3.5,3.5,0.0,HUBERT_BASE,6
672-122797-0034_4992-41806-0007__T2__SCV3FIX__VOICE-4992_CONTENT-672-672-122797-0034,4992,672,,-13.27,9,0.7777777777777778,1.0,0.7777777777777778,-0.02050031323064199,-0.14522969432288413,-20.639353310521706,2,2.0,1.5,1.0,HUBERT_BASE,6
7021-85628-0012_7127-75947-0001__T1__SCV3FIX__VOICE-7021_CONTENT-7127-7127-75947-0001,7021,7127,,7.34,9,0.2222222222222222,0.0,0.0,0.0347116258273554,-0.11312968467854345,14.92315889132353,1,1.0,1.0,2.0,HUBERT_BASE,6
7021-79740-0007_8555-284447-0018__T2__SCV3FIX__VOICE-8555_CONTENT-7021-7021-79740-0007,8555,7021,,-24.68,9,1.0,1.0,1.0,-0.1190511843820211,-0.2125101740732518,-36.23410941570683,1,4.5,4.5,0.0,HUBERT_BASE,6
8455-210777-0048_2961-961-0008__T2__SCV3FIX__VOICE-2961_CONTENT-8455-8455-210777-0048,2961,8455,,-16.36,5,1.0,1.0,1.0,-0.08486257483829007,-0.13231230306122677,-34.960873974985724,1,2.5,2.5,0.0,HUBERT_BASE,6
4507-16021-0013_1320-122617-0017__T1__SCV3FIX__VOICE-4507_CONTENT-1320-1320-122617-0017,4507,1320,,-22.13,10,1.0,1.0,1.0,-0.09843054341587301,-0.1534250333166035,-36.901529069489875,1,5.0,5.0,0.0,HUBERT_BASE,6
4970-29095-0003_2094-142345-0021__T1__SCV3FIX__VOICE-4970_CONTENT-2094-2094-142345-0021,4970,2094,,-18.71,9,1.0,1.0,1.0,-0.10176213351654749,-0.2633709854857542,-37.66622176527929,1,4.5,4.5,0.0,HUBERT_BASE,6
2830-3980-0047_3729-6852-0022__T2__SCV3FIX__VOICE-3729_CONTENT-2830-2830-3980-0047,3729,2830,,-22.64,14,1.0,1.0,1.0,-0.11538417882806226,-0.28170975009855703,-37.884716412371105,1,7.0,7.0,0.0,HUBERT_BASE,6
7021-85628-0019_7729-102255-0033__T1__SCV3FIX__VOICE-7021_CONTENT-7729-7729-102255-0033,7021,7729,,11.59,5,0.0,0.0,0.0,0.09626974607342262,0.03473591735032555,29.47592989658947,0,0.0,0.0,-1.0,HUBERT_BASE,6
908-31957-0008_2961-961-0010__T1__SCV3FIX__VOICE-908_CONTENT-2961-2961-961-0010,908,2961,,9.64,14,0.0,0.0,0.0,0.07119737395619917,0.0206360079688942,32.79924410915714,0,0.0,0.0,-1.0,HUBERT_BASE,6
7021-79740-0012_8455-210777-0020__T1__SCV3FIX__VOICE-7021_CONTENT-8455-8455-210777-0020,7021,8455,,15.59,5,0.0,0.0,0.0,0.13405608411462475,0.0750223979250586,56.76127493512786,0,0.0,0.0,-1.0,HUBERT_BASE,6
5105-28240-0004_4992-23283-0014__T2__SCV3FIX__VOICE-4992_CONTENT-5105-5105-28240-0004,4992,5105,,-16.6,8,1.0,1.0,1.0,-0.10099519084220432,-0.13238693633308907,-33.933008680400896,1,4.0,4.0,0.0,HUBERT_BASE,6
5142-36377-0007_2830-3979-0012__T2__SCV3FIX__VOICE-2830_CONTENT-5142-5142-36377-0007,2830,5142,,14.45,6,0.0,0.0,0.0,0.11387756026184975,0.043636261544114374,39.55917490571366,0,0.0,0.0,-1.0,HUBERT_BASE,6
1995-1837-0004_5639-40744-0007__T1__SCV3FIX__VOICE-1995_CONTENT-5639-5639-40744-0007,1995,5639,,-29.67,9,1.0,1.0,1.0,-0.10415928338897412,-0.12814552308983873,-38.416571063125424,1,4.5,4.5,0.0,HUBERT_BASE,6
4970-29093-0004_8455-210777-0070__T2__SCV3FIX__VOICE-8455_CONTENT-4970-4970-29093-0004,8455,4970,,11.31,6,0.0,0.0,0.0,0.09217015192328781,0.05191755056533831,35.158780273107766,0,0.0,0.0,-1.0,HUBERT_BASE,6
908-157963-0016_2830-3980-0039__T1__SCV3FIX__VOICE-908_CONTENT-2830-2830-3980-0039,908,2830,,8.25,9,0.3333333333333333,0.0,0.0,0.029339145350432607,-0.02274215175920724,11.501925561518398,1,1.0,1.0,3.5,HUBERT_BASE,6
2830-3980-0032_237-134500-0010__T1__SCV3FIX__VOICE-2830_CONTENT-237-237-134500-0010,2830,237,,15.11,6,0.0,0.0,0.0,0.10400042306037788,0.04466749040078277,37.569450354304315,0,0.0,0.0,-1.0,HUBERT_BASE,6
1580-141084-0014_4992-23283-0015__T1__SCV3FIX__VOICE-1580_CONTENT-4992-4992-23283-0015,1580,4992,,-27.75,6,1.0,1.0,1.0,-0.0697709425781128,-0.1143778539670206,-37.478791938227324,1,3.0,3.0,0.0,HUBERT_BASE,6
7729-102255-0036_1580-141083-0031__T1__SCV3FIX__VOICE-7729_CONTENT-1580-1580-141083-0031,7729,1580,,9.47,11,0.0,0.0,0.0,0.11941777007453198,0.054615386072427774,43.01114232010429,0,0.0,0.0,-1.0,HUBERT_BASE,6
61-70970-0009_2961-960-0022__T1__SCV3FIX__VOICE-61_CONTENT-2961-2961-960-0022,61,2961,,7.74,5,0.0,0.0,0.0,0.10410210117236703,0.08032984044387537,30.613886345155436,0,0.0,0.0,-1.0,HUBERT_BASE,6
1188-133604-0022_1221-135767-0019__T2__SCV3FIX__VOICE-1221_CONTENT-1188-1188-133604-0022,1221,1188,,18.64,6,0.0,0.0,0.0,0.12282964447739449,0.05407578277915348,42.87210344759119,0,0.0,0.0,-1.0,HUBERT_BASE,6
4507-16021-0045_8555-284449-0012__T2__SCV3FIX__VOICE-8555_CONTENT-4507-4507-16021-0045,8555,4507,,-1.11,8,0.375,0.0,0.0,0.0051632096812398165,-0.12064969298342942,14.606584770755823,1,1.5,1.5,1.0,HUBERT_BASE,6
6829-68769-0048_1995-1837-0026__T2__SCV3FIX__VOICE-1995_CONTENT-6829-6829-68769-0048,1995,6829,,3.62,11,0.6363636363636364,0.18181818181818182,0.18181818181818182,-0.008636418586828731,-0.075241866707497,10.5409015729523,2,1.5,1.25,0.0,HUBERT_BASE,6
4970-29093-0020_5142-33396-0015__T2__SCV3FIX__VOICE-5142_CONTENT-4970-4970-29093-0020,5142,4970,,1.4,7,0.0,0.2857142857142857,0.0,0.08323732324389117,0.018573817152931715,19.473382131532073,0,0.0,0.0,-1.0,HUBERT_BASE,6
3570-5695-0009_4970-29095-0008__T1__SCV3FIX__VOICE-3570_CONTENT-4970-4970-29095-0008,3570,4970,,1.05,5,0.4,0.4,0.4,0.05066314617397318,-0.024894243616523037,9.484943805943226,1,1.0,1.0,0.0,HUBERT_BASE,6
3575-170457-0024_61-70968-0041__T1__SCV3FIX__VOICE-3575_CONTENT-61-61-70968-0041,3575,61,,-18.99,12,1.0,1.0,1.0,-0.07317144076915923,-0.1790698837628366,-28.799062663638097,1,6.0,6.0,0.0,HUBERT_BASE,6
5142-33396-0020_1089-134691-0006__T1__SCV3FIX__VOICE-5142_CONTENT-1089-1089-134691-0006,5142,1089,,-15.37,5,1.0,1.0,1.0,-0.14153003743674655,-0.21389531661442762,-38.90129461573451,1,2.5,2.5,0.0,HUBERT_BASE,6
3575-170457-0031_4446-2271-0000__T1__SCV3FIX__VOICE-3575_CONTENT-4446-4446-2271-0000,3575,4446,,-7.87,5,0.8,1.0,0.8,-0.025862276199197697,-0.0676031099150276,-12.134983535807795,1,2.0,2.0,0.5,HUBERT_BASE,6
7729-102255-0024_3575-170457-0047__T2__SCV3FIX__VOICE-3575_CONTENT-7729-7729-102255-0024,3575,7729,,-18.42,12,1.0,1.0,1.0,-0.10825651843379296,-0.1735050733536354,-32.08026893907859,1,6.0,6.0,0.0,HUBERT_BASE,6
7021-79730-0005_5142-36377-0007__T1__SCV3FIX__VOICE-7021_CONTENT-5142-5142-36377-0007,7021,5142,,13.86,11,0.09090909090909091,0.0,0.0,0.06137269310393365,-0.007812440239106433,44.07019929652369,0,0.0,0.0,-1.0,HUBERT_BASE,6
672-122797-0046_2961-961-0003__T2__SCV3FIX__VOICE-2961_CONTENT-672-672-122797-0046,2961,672,,0.45,7,0.7142857142857143,0.42857142857142855,0.42857142857142855,-0.027214592359790877,-0.22463178185379995,3.411647328699119,1,2.5,2.5,0.0,HUBERT_BASE,6
3570-5696-0006_260-123286-0006__T2__SCV3FIX__VOICE-260_CONTENT-3570-3570-5696-0006,260,3570,,9.61,7,0.0,0.0,0.0,0.07200755428261754,0.013389646739195515,32.31461674156443,0,0.0,0.0,-1.0,HUBERT_BASE,6
7127-75947-0032_6829-68769-0008__T2__SCV3FIX__VOICE-6829_CONTENT-7127-7127-75947-0032,6829,7127,,-28.56,7,1.0,1.0,1.0,-0.08803942893284723,-0.18868065627634145,-32.51609024755591,1,3.5,3.5,0.0,HUBERT_BASE,6
121-121726-0006_61-70970-0003__T2__SCV3FIX__VOICE-61_CONTENT-121-121-121726-0006,61,121,,8.04,6,0.0,0.0,0.0,0.13759700385294954,0.017902374976595303,30.593718439663842,0,0.0,0.0,-1.0,HUBERT_BASE,6
1089-134691-0025_8224-274384-0005__T1__SCV3FIX__VOICE-1089_CONTENT-8224-8224-274384-0005,1089,8224,,4.76,15,0.3333333333333333,0.0,0.0,0.05211666407075052,-0.08948706706365883,10.977550785896906,2,1.0,1.0,0.0,HUBERT_BASE,6
61-70970-0027_5142-33396-0024__T1__SCV3FIX__VOICE-61_CONTENT-5142-5142-33396-0024,61,5142,,11.54,9,0.0,0.0,0.0,0.09152699680194733,0.03892505091064691,34.13528876570667,0,0.0,0.0,-1.0,HUBERT_BASE,6
3570-5695-0002_8230-279154-0000__T1__SCV3FIX__VOICE-3570_CONTENT-8230-8230-279154-0000,3570,8230,,-18.48,14,1.0,1.0,1.0,-0.10354760964379982,-0.20669933223973913,-44.77385294623314,1,7.0,7.0,0.0,HUBERT_BASE,6
5683-32866-0007_237-126133-0010__T1__SCV3FIX__VOICE-5683_CONTENT-237-237-126133-0010,5683,237,,6.66,7,0.0,0.0,0.0,0.06088138709150911,0.016772270866896588,31.121709715078733,0,0.0,0.0,-1.0,HUBERT_BASE,6
1089-134686-0032_6829-68771-0030__T2__SCV3FIX__VOICE-6829_CONTENT-1089-1089-134686-0032,6829,1089,,-20.27,7,1.0,1.0,1.0,-0.11973647272521586,-0.16354435052997718,-38.005124985887754,1,3.5,3.5,0.0,HUBERT_BASE,6
7176-92135-0031_4446-2273-0021__T2__SCV3FIX__VOICE-4446_CONTENT-7176-7176-92135-0031,4446,7176,,-21.81,9,1.0,1.0,1.0,-0.09486399683133981,-0.18868792804329193,-43.47238794271279,1,4.5,4.5,0.0,HUBERT_BASE,6
1188-133604-0040_2094-142345-0057__T1__SCV3FIX__VOICE-1188_CONTENT-2094-2094-142345-0057,1188,2094,,13.81,5,0.0,0.0,0.0,0.10926251718347109,0.05303675265568919,33.54314742214889,0,0.0,0.0,-1.0,HUBERT_BASE,6
1188-133604-0025_4992-23283-0016__T2__SCV3FIX__VOICE-4992_CONTENT-1188-1188-133604-0025,4992,1188,,-16.0,7,1.0,1.0,1.0,-0.1055993843445864,-0.14595556837207124,-25.494610435279622,1,3.5,3.5,0.0,HUBERT_BASE,6
121-121726-0010_260-123286-0031__T1__SCV3FIX__VOICE-121_CONTENT-260-260-123286-0031,121,260,,-28.55,8,1.0,1.0,1.0,-0.10313133957462176,-0.18243306510362756,-42.06317156904461,1,4.0,4.0,0.0,HUBERT_BASE,6
4992-23283-0015_6829-68769-0016__T1__SCV3FIX__VOICE-4992_CONTENT-6829-6829-68769-0016,4992,6829,,-10.78,6,0.6666666666666666,0.8333333333333334,0.6666666666666666,-0.044026693115899664,-0.13980501572194903,-21.028870636748024,2,1.0,1.0,0.0,HUBERT_BASE,6
1580-141084-0019_3575-170457-0003__T1__SCV3FIX__VOICE-1580_CONTENT-3575-3575-170457-0003,1580,3575,,-22.6,5,1.0,1.0,1.0,-0.08642603301693337,-0.10145938798280163,-46.12017572077405,1,2.5,2.5,0.0,HUBERT_BASE,6
1188-133604-0013_2830-3980-0004__T2__SCV3FIX__VOICE-2830_CONTENT-1188-1188-133604-0013,2830,1188,,-5.8,5,0.6,0.8,0.6,-0.04405179270932145,-0.14432384239490625,-7.7068003689273015,1,1.5,1.5,0.5,HUBERT_BASE,6
8455-210777-0060_8463-287645-0006__T2__SCV3FIX__VOICE-8463_CONTENT-8455-8455-210777-0060,8463,8455,,12.09,13,0.0,0.0,0.0,0.08642712172065667,0.03621577978701396,34.39186027319809,0,0.0,0.0,-1.0,HUBERT_BASE,6
3575-170457-0014_4507-16021-0042__T2__SCV3FIX__VOICE-4507_CONTENT-3575-3575-170457-0014,4507,3575,,-12.91,12,0.75,0.75,0.6666666666666666,-0.04758277772250514,-0.1275317123376829,-15.273036452758141,3,2.0,1.5,0.0,HUBERT_BASE,6
4446-2273-0002_7176-88083-0004__T2__SCV3FIX__VOICE-7176_CONTENT-4446-4446-2273-0002,7176,4446,,13.1,5,0.0,0.0,0.0,0.10619713361389974,0.056092564332115735,41.4431366923661,0,0.0,0.0,-1.0,HUBERT_BASE,6
672-122797-0074_4507-16021-0057__T2__SCV3FIX__VOICE-4507_CONTENT-672-672-122797-0074,4507,672,,10.65,7,0.0,0.0,0.0,0.14889714150939307,0.07521552145346289,36.09655905769749,0,0.0,0.0,-1.0,HUBERT_BASE,6
1089-134686-0006_1580-141083-0022__T2__SCV3FIX__VOICE-1580_CONTENT-1089-1089-134686-0006,1580,1089,,14.99,5,0.0,0.0,0.0,0.11693075022164456,0.031226636215967885,33.75297231283418,0,0.0,0.0,-1.0,HUBERT_BASE,6
8463-294828-0020_1580-141083-0021__T1__SCV3FIX__VOICE-8463_CONTENT-1580-1580-141083-0021,8463,1580,,9.86,6,0.0,0.0,0.0,0.08963929652368617,0.05819993987351857,37.38053010639658,0,0.0,0.0,-1.0,HUBERT_BASE,6
672-122797-0027_3575-170457-0050__T1__SCV3FIX__VOICE-672_CONTENT-3575-3575-170457-0050,672,3575,,5.09,8,0.0,0.0,0.0,0.11352534323921569,0.02734643166208628,32.90026102383243,0,0.0,0.0,-1.0,HUBERT_BASE,6
5683-32879-0003_1995-1826-0013__T2__SCV3FIX__VOICE-1995_CONTENT-5683-5683-32879-0003,1995,5683,,10.89,16,0.0,0.0,0.0,0.0821610288533458,0.016365408570091722,29.48424776752788,0,0.0,0.0,-1.0,HUBERT_BASE,6
121-121726-0006_260-123286-0027__T1__SCV3FIX__VOICE-121_CONTENT-260-260-123286-0027,121,260,,-27.22,6,1.0,1.0,1.0,-0.17406043836424678,-0.2748246293889477,-42.73892084846731,1,3.0,3.0,0.0,HUBERT_BASE,6
6930-76324-0027_908-31957-0003__T1__SCV3FIX__VOICE-6930_CONTENT-908-908-31957-0003,6930,908,,-13.75,12,1.0,1.0,1.0,-0.09774852046867732,-0.20156335427561767,-34.77670725686693,1,6.0,6.0,0.0,HUBERT_BASE,6
5142-36377-0023_7021-85628-0027__T1__SCV3FIX__VOICE-5142_CONTENT-7021-7021-85628-0027,5142,7021,,-1.54,10,0.2,1.0,0.2,0.0695652877157891,-0.05513321812441496,-8.613034734147071,0,0.0,0.0,-1.0,HUBERT_BASE,6
1580-141083-0041_672-122797-0021__T1__SCV3FIX__VOICE-1580_CONTENT-672-672-122797-0021,1580,672,,-20.76,6,1.0,1.0,1.0,-0.09919282101933831,-0.2081883501601941,-34.77567051896968,1,3.0,3.0,0.0,HUBERT_BASE,6
2961-961-0020_5142-33396-0003__T1__SCV3FIX__VOICE-2961_CONTENT-5142-5142-33396-0003,2961,5142,,-8.73,5,0.4,0.8,0.4,0.018056228133568154,-0.16751975635302696,-14.532483686085968,1,1.0,1.0,0.0,HUBERT_BASE,6
5683-32866-0001_7729-102255-0027__T2__SCV3FIX__VOICE-7729_CONTENT-5683-5683-32866-0001,7729,5683,,10.57,5,0.0,0.0,0.0,0.12979081054459202,0.06263518208164698,40.357394987648185,0,0.0,0.0,-1.0,HUBERT_BASE,6
6829-68771-0032_1995-1837-0014__T2__SCV3FIX__VOICE-1995_CONTENT-6829-6829-68771-0032,1995,6829,,-11.36,12,0.8333333333333334,0.9166666666666666,0.8333333333333334,-0.07072707437075401,-0.1417401068341968,-29.912599022653552,2,3.0,2.5,0.5,HUBERT_BASE,6
6829-68769-0011_8463-287645-0003__T1__SCV3FIX__VOICE-6829_CONTENT-8463-8463-287645-0003,6829,8463,,-24.93,8,1.0,1.0,1.0,-0.07239633074571974,-0.14831548481711032,-30.002180653293408,1,4.0,4.0,0.0,HUBERT_BASE,6
4992-23283-0020_2300-131720-0014__T2__SCV3FIX__VOICE-2300_CONTENT-4992-4992-23283-0020,2300,4992,,9.9,6,0.0,0.0,0.0,0.06245463189006908,0.0335113435170421,34.48887528549158,0,0.0,0.0,-1.0,HUBERT_BASE,6
7021-79730-0004_2830-3980-0009__T1__SCV3FIX__VOICE-7021_CONTENT-2830-2830-3980-0009,7021,2830,,3.58,6,0.5,0.16666666666666666,0.16666666666666666,0.03148060088389807,-0.05261063470523353,14.366585067047653,1,1.0,1.0,0.5,HUBERT_BASE,6
1995-1836-0009_4507-16021-0034__T2__SCV3FIX__VOICE-4507_CONTENT-1995-1995-1836-0009,4507,1995,,-31.0,12,0.8333333333333334,1.0,0.8333333333333334,-0.03863578516982372,-0.08717311043410936,-34.55386479524453,2,3.5,2.5,0.0,HUBERT_BASE,6
4077-13751-0020_4507-16021-0043__T1__SCV3FIX__VOICE-4077_CONTENT-4507-4507-16021-0043,4077,4507,,4.81,6,0.0,0.0,0.0,0.044216126616438624,0.006711840495340904,15.416743555026967,0,0.0,0.0,-1.0,HUBERT_BASE,6
1284-1181-0015_8555-284447-0007__T1__SCV3FIX__VOICE-1284_CONTENT-8555-8555-284447-0007,1284,8555,,-8.69,9,0.7777777777777778,0.8888888888888888,0.7777777777777778,-0.06764744631060324,-0.13864469827494685,-17.657297942607578,2,2.0,1.75,0.0,HUBERT_BASE,6
8230-279154-0022_1284-1181-0020__T2__SCV3FIX__VOICE-1284_CONTENT-8230-8230-279154-0022,1284,8230,,2.02,11,0.45454545454545453,0.0,0.0,0.023163448628356932,-0.12041718436826399,12.194244561493571,1,2.5,2.5,3.0,HUBERT_BASE,6
3570-5696-0006_8555-284449-0008__T2__SCV3FIX__VOICE-8555_CONTENT-3570-3570-5696-0006,8555,3570,,2.6,7,0.14285714285714285,0.0,0.0,0.03516603260169471,-0.017871676125939318,25.09764717731731,0,0.0,0.0,-1.0,HUBERT_BASE,6
2300-131720-0000_8463-294828-0017__T1__SCV3FIX__VOICE-2300_CONTENT-8463-8463-294828-0017,2300,8463,,14.91,9,0.0,0.0,0.0,0.09625101501757645,0.06413823093009652,45.83184845612369,0,0.0,0.0,-1.0,HUBERT_BASE,6
3570-5694-0015_8463-294828-0028__T2__SCV3FIX__VOICE-8463_CONTENT-3570-3570-5694-0015,8463,3570,,16.12,14,0.0,0.0,0.0,0.0825859075087214,0.04836237336232274,42.487671274348564,0,0.0,0.0,-1.0,HUBERT_BASE,6
5683-32879-0020_8463-287645-0013__T1__SCV3FIX__VOICE-5683_CONTENT-8463-8463-287645-0013,5683,8463,,-7.34,12,0.75,0.6666666666666666,0.5833333333333334,-0.028116514736651794,-0.10304403713155963,-6.196492421450813,2,3.0,2.0,1.5,HUBERT_BASE,6
7729-102255-0026_2961-961-0000__T2__SCV3FIX__VOICE-2961_CONTENT-7729-7729-102255-0026,2961,7729,,-0.94,8,0.5,0.25,0.25,0.025680168254145985,-0.061481781600106755,8.855941400383937,0,0.0,0.0,-1.0,HUBERT_BASE,6
8463-294825-0019_8555-284449-0016__T1__SCV3FIX__VOICE-8463_CONTENT-8555-8555-284449-0016,8463,8555,,-19.89,5,1.0,1.0,1.0,-0.06582115947202336,-0.20379585686712876,-31.13324365646539,1,2.5,2.5,0.0,HUBERT_BASE,6
61-70968-0053_5683-32865-0008__T1__SCV3FIX__VOICE-61_CONTENT-5683-5683-32865-0008,61,5683,,9.12,7,0.0,0.0,0.0,0.12451723769334079,0.07402612460040481,37.19082278112,0,0.0,0.0,-1.0,HUBERT_BASE,6
6930-76324-0005_4507-16021-0057__T2__SCV3FIX__VOICE-4507_CONTENT-6930-6930-76324-0005,4507,6930,,16.2,8,0.0,0.0,0.0,0.1047017968707747,0.04828197649408805,45.51343104232036,0,0.0,0.0,-1.0,HUBERT_BASE,6
4970-29095-0030_4992-41797-0019__T2__SCV3FIX__VOICE-4992_CONTENT-4970-4970-29095-0030,4992,4970,,5.74,8,0.0,0.0,0.0,0.0832122219263158,0.0032770633042097375,19.902823904974973,0,0.0,0.0,-1.0,HUBERT_BASE,6
260-123286-0026_1580-141083-0025__T1__SCV3FIX__VOICE-260_CONTENT-1580-1580-141083-0025,260,1580,,10.77,6,0.0,0.0,0.0,0.10293412323302044,0.02760303608537762,44.96192580892631,0,0.0,0.0,-1.0,HUBERT_BASE,6
1320-122617-0030_1089-134686-0013__T2__SCV3FIX__VOICE-1089_CONTENT-1320-1320-122617-0030,1089,1320,,-2.63,6,0.5,0.3333333333333333,0.16666666666666666,-0.002990764763913504,-0.12350874892218955,1.7414326570096357,1,1.0,1.0,1.5,HUBERT_BASE,6
61-70968-0022_1221-135767-0011__T2__SCV3FIX__VOICE-1221_CONTENT-61-61-70968-0022,1221,61,,-21.73,8,1.0,1.0,1.0,-0.11376507241445069,-0.17715435865860352,-29.318515754909125,1,4.0,4.0,0.0,HUBERT_BASE,6
7729-102255-0021_61-70968-0050__T1__SCV3FIX__VOICE-7729_CONTENT-61-61-70968-0050,7729,61,,1.7,10,0.0,0.2,0.0,0.03412038628262767,0.005345583173746116,13.818634600858156,0,0.0,0.0,-1.0,HUBERT_BASE,6
121-121726-0012_2830-3980-0020__T1__SCV3FIX__VOICE-121_CONTENT-2830-2830-3980-0020,121,2830,,-33.4,5,1.0,1.0,1.0,-0.12362657931657384,-0.16876404634217068,-33.6007522057393,1,2.5,2.5,0.0,HUBERT_BASE,6
1320-122617-0040_1580-141083-0023__T2__SCV3FIX__VOICE-1580_CONTENT-1320-1320-122617-0040,1580,1320,,-27.64,5,1.0,1.0,1.0,-0.05675309759455034,-0.08341652313535008,-43.69552724039396,1,2.5,2.5,0.0,HUBERT_BASE,6
2300-131720-0021_121-121726-0004__T2__SCV3FIX__VOICE-121_CONTENT-2300-2300-131720-0021,121,2300,,-22.37,7,1.0,1.0,1.0,-0.17299677313683773,-0.33495689765000436,-43.10645313494421,1,3.5,3.5,0.0,HUBERT_BASE,6
1089-134691-0016_260-123286-0009__T1__SCV3FIX__VOICE-1089_CONTENT-260-260-123286-0009,1089,260,,14.24,10,0.3,0.0,0.0,0.044507181176949476,-0.014059782585031044,25.238275031186195,1,1.0,1.0,2.0,HUBERT_BASE,6
6930-75918-0000_1089-134686-0037__T1__SCV3FIX__VOICE-6930_CONTENT-1089-1089-134686-0037,6930,1089,,-17.95,6,1.0,1.0,1.0,-0.12555479576565604,-0.2043801627040841,-32.351954596680564,1,3.0,3.0,0.0,HUBERT_BASE,6
6930-75918-0005_237-134493-0004__T1__SCV3FIX__VOICE-6930_CONTENT-237-237-134493-0004,6930,237,,12.42,12,0.08333333333333333,0.0,0.0,0.07568643028026152,-0.007965326149897534,36.16071179041105,0,0.0,0.0,-1.0,HUBERT_BASE,6
5142-33396-0006_672-122797-0061__T2__SCV3FIX__VOICE-672_CONTENT-5142-5142-33396-0006,672,5142,,3.14,11,0.2727272727272727,0.0,0.0,0.06908783205498324,-0.07303823186429814,30.483866809971406,1,1.5,1.5,0.5,HUBERT_BASE,6
121-127105-0005_237-134493-0003__T1__SCV3FIX__VOICE-121_CONTENT-237-237-134493-0003,121,237,,-21.19,10,0.9,1.0,0.9,-0.10208091886239587,-0.2630064602738241,-37.65772448930219,1,4.5,4.5,0.0,HUBERT_BASE,6
7127-75946-0022_1995-1836-0003__T1__SCV3FIX__VOICE-7127_CONTENT-1995-1995-1836-0003,7127,1995,,12.37,14,0.0,0.0,0.0,0.10875825183064648,0.05472057837758826,34.22321172729792,0,0.0,0.0,-1.0,HUBERT_BASE,6
3729-6852-0018_5683-32866-0022__T2__SCV3FIX__VOICE-5683_CONTENT-3729-3729-6852-0018,5683,3729,,7.87,5,0.0,0.0,0.0,0.03763917613015233,0.02310961284074231,26.767746483410413,0,0.0,0.0,-1.0,HUBERT_BASE,6
5639-40744-0025_6829-68769-0009__T1__SCV3FIX__VOICE-5639_CONTENT-6829-6829-68769-0009,5639,6829,,9.87,7,0.0,0.0,0.0,0.0584871036290663,0.028176847646707692,24.42911825185484,0,0.0,0.0,-1.0,HUBERT_BASE,6
4446-2271-0021_7021-79740-0003__T1__SCV3FIX__VOICE-4446_CONTENT-7021-7021-79740-0003,4446,7021,,14.97,6,0.16666666666666666,0.0,0.0,0.08938292107224755,-0.030465363846869487,30.380275202731934,0,0.0,0.0,-1.0,HUBERT_BASE,6
4992-41806-0012_4446-2273-0015__T1__SCV3FIX__VOICE-4992_CONTENT-4446-4446-2273-0015,4992,4446,,9.8,8,0.0,0.0,0.0,0.07929924005906089,0.03701025394151658,30.02821478511924,0,0.0,0.0,-1.0,HUBERT_BASE,6
4970-29095-0005_61-70968-0014__T1__SCV3FIX__VOICE-4970_CONTENT-61-61-70968-0014,4970,61,,-23.43,8,1.0,1.0,1.0,-0.07715847148539212,-0.1236751622676715,-27.750668781075277,1,4.0,4.0,0.0,HUBERT_BASE,6
7127-75947-0015_4970-29093-0007__T1__SCV3FIX__VOICE-7127_CONTENT-4970-4970-29093-0007,7127,4970,,12.12,11,0.0,0.0,0.0,0.10530537798812963,0.06375741756558784,39.5877397200254,0,0.0,0.0,-1.0,HUBERT_BASE,6
2961-961-0009_1580-141083-0015__T2__SCV3FIX__VOICE-1580_CONTENT-2961-2961-961-0009,1580,2961,,-21.63,8,1.0,1.0,1.0,-0.07047964737078172,-0.15825599900752196,-33.12863422749331,1,4.0,4.0,0.0,HUBERT_BASE,6
4992-41806-0001_7127-75947-0028__T2__SCV3FIX__VOICE-7127_CONTENT-4992-4992-41806-0001,7127,4992,,11.83,13,0.0,0.0,0.0,0.09167640309200899,0.051878093635594924,40.73347153960872,0,0.0,0.0,-1.0,HUBERT_BASE,6
7021-85628-0008_237-134500-0013__T1__SCV3FIX__VOICE-7021_CONTENT-237-237-134500-0013,7021,237,,14.22,13,0.07692307692307693,0.0,0.0,0.07555935903152512,-0.04425500888296019,38.45079220044703,0,0.0,0.0,-1.0,HUBERT_BASE,6
7127-75947-0029_6829-68769-0036__T1__SCV3FIX__VOICE-7127_CONTENT-6829-6829-68769-0036,7127,6829,,13.21,9,0.0,0.0,0.0,0.11106285128193427,0.01035594294514619,36.56501773213775,0,0.0,0.0,-1.0,HUBERT_BASE,6
5105-28240-0015_2094-142345-0029__T1__SCV3FIX__VOICE-5105_CONTENT-2094-2094-142345-0029,5105,2094,,5.24,16,0.0,0.125,0.0,0.11251813871463522,0.03839415909228605,19.237851369019243,0,0.0,0.0,-1.0,HUBERT_BASE,6
672-122797-0003_4446-2275-0010__T1__SCV3FIX__VOICE-672_CONTENT-4446-4446-2275-0010,672,4446,,13.97,6,0.0,0.0,0.0,0.12513897738290328,0.03399181297983167,32.309123649129,0,0.0,0.0,-1.0,HUBERT_BASE,6
8463-294825-0003_1580-141083-0036__T2__SCV3FIX__VOICE-1580_CONTENT-8463-8463-294825-0003,1580,8463,,-11.18,6,0.16666666666666666,0.6666666666666666,0.16666666666666666,0.05852092265256026,-0.0011964407358440177,-1.360417512132673,0,0.0,0.0,-1.0,HUBERT_BASE,6
1284-1180-0032_4992-23283-0004__T1__SCV3FIX__VOICE-1284_CONTENT-4992-4992-23283-0004,1284,4992,,7.68,10,0.5,0.2,0.2,0.010614885546023856,-0.11012501242616912,12.486785577949355,1,2.0,2.0,1.0,HUBERT_BASE,6
6829-68771-0010_1995-1837-0010__T1__SCV3FIX__VOICE-6829_CONTENT-1995-1995-1837-0010,6829,1995,,12.1,5,0.0,0.0,0.0,0.10342429294243513,0.08028549168286758,43.315527616550625,0,0.0,0.0,-1.0,HUBERT_BASE,6
1089-134686-0006_4446-2271-0018__T2__SCV3FIX__VOICE-4446_CONTENT-1089-1089-134686-0006,4446,1089,,15.92,10,0.0,0.0,0.0,0.1385859583202007,0.10750913324740152,46.61699763470267,0,0.0,0.0,-1.0,HUBERT_BASE,6
3575-170457-0006_1284-1180-0002__T2__SCV3FIX__VOICE-1284_CONTENT-3575-3575-170457-0006,1284,3575,,5.01,14,0.21428571428571427,0.07142857142857142,0.07142857142857142,0.0630076060284917,-0.07468827359175279,26.503694964343726,1,1.0,1.0,0.0,HUBERT_BASE,6
1580-141084-0033_7127-75946-0013__T2__SCV3FIX__VOICE-7127_CONTENT-1580-1580-141084-0033,7127,1580,,10.97,13,0.0,0.0,0.0,0.07620755065704052,0.03316772115459932,31.702373437337638,0,0.0,0.0,-1.0,HUBERT_BASE,6
7729-102255-0039_121-127105-0006__T1__SCV3FIX__VOICE-7729_CONTENT-121-121-127105-0006,7729,121,,10.47,8,0.0,0.0,0.0,0.07806898829384509,0.04027277150670894,40.12622293729065,0,0.0,0.0,-1.0,HUBERT_BASE,6
1995-1837-0009_7176-88083-0006__T2__SCV3FIX__VOICE-7176_CONTENT-1995-1995-1837-0009,7176,1995,,14.36,6,0.0,0.0,0.0,0.10168427548105206,0.055279313412388564,41.48826663498526,0,0.0,0.0,-1.0,HUBERT_BASE,6
8455-210777-0031_121-127105-0028__T2__SCV3FIX__VOICE-121_CONTENT-8455-8455-210777-0031,121,8455,,-20.35,12,1.0,1.0,1.0,-0.09664352733011809,-0.1662238860707258,-32.136310886310405,1,6.0,6.0,0.0,HUBERT_BASE,6
8555-284447-0007_6829-68771-0033__T1__SCV3FIX__VOICE-8555_CONTENT-6829-6829-68771-0033,8555,6829,,3.87,9,0.0,0.0,0.0,0.05994440427966932,0.0048401895689552665,26.78411495027247,0,0.0,0.0,-1.0,HUBERT_BASE,6
7021-79730-0008_260-123288-0027__T1__SCV3FIX__VOICE-7021_CONTENT-260-260-123288-0027,7021,260,,11.24,11,0.0,0.0,0.0,0.05761322685668517,0.004124283953929164,30.174599097561472,0,0.0,0.0,-1.0,HUBERT_BASE,6
1188-133604-0022_1221-135767-0019__T1__SCV3FIX__VOICE-1188_CONTENT-1221-1221-135767-0019,1188,1221,,13.52,6,0.0,0.0,0.0,0.12184653595590973,0.08719057186831525,52.071627284051225,0,0.0,0.0,-1.0,HUBERT_BASE,6
8463-294825-0016_1320-122617-0026__T2__SCV3FIX__VOICE-1320_CONTENT-8463-8463-294825-0016,1320,8463,,13.57,7,0.0,0.0,0.0,0.1003885798966827,0.038947164233416376,43.03221377353285,0,0.0,0.0,-1.0,HUBERT_BASE,6
8463-294825-0003_1580-141083-0036__T1__SCV3FIX__VOICE-8463_CONTENT-1580-1580-141083-0036,8463,1580,,9.08,6,0.8333333333333334,0.0,0.0,-0.036546487228858025,-0.10621756102796198,9.227602744700322,1,2.5,2.5,0.5,HUBERT_BASE,6
4077-13754-0006_3575-170457-0000__T1__SCV3FIX__VOICE-4077_CONTENT-3575-3575-170457-0000,4077,3575,,12.18,14,0.14285714285714285,0.0,0.0,0.0861044875922359,-0.021096234727583374,25.18727385541107,0,0.0,0.0,-1.0,HUBERT_BASE,6
2300-131720-0030_1089-134686-0025__T1__SCV3FIX__VOICE-2300_CONTENT-1089-1089-134686-0025,2300,1089,,-2.8,12,0.16666666666666666,0.0,0.0,0.05359345060156543,-0.01750320864366739,15.060787905287446,0,0.0,0.0,-1.0,HUBERT_BASE,6
4970-29095-0038_5142-33396-0003__T2__SCV3FIX__VOICE-5142_CONTENT-4970-4970-29095-0038,5142,4970,,10.26,5,0.4,0.0,0.0,0.03384941920798874,-0.06513125350523508,24.413343650202144,1,1.0,1.0,1.5,HUBERT_BASE,6
5683-32879-0023_6829-68771-0003__T1__SCV3FIX__VOICE-5683_CONTENT-6829-6829-68771-0003,5683,6829,,14.68,7,0.14285714285714285,0.0,0.0,0.07327514851751846,-0.012356465030484265,33.7043644955281,0,0.0,0.0,-1.0,HUBERT_BASE,6
5142-33396-0067_1995-1836-0012__T1__SCV3FIX__VOICE-5142_CONTENT-1995-1995-1836-0012,5142,1995,,-15.96,6,0.8333333333333334,1.0,0.8333333333333334,-0.07858764405324602,-0.1599030598498289,-46.3239320478784,1,2.5,2.5,0.5,HUBERT_BASE,6
4970-29095-0022_1320-122617-0010__T2__SCV3FIX__VOICE-1320_CONTENT-4970-4970-29095-0022,1320,4970,,15.33,8,0.0,0.0,0.0,0.12474943104107418,0.03639018462833643,45.47882287324438,0,0.0,0.0,-1.0,HUBERT_BASE,6
3570-5694-0007_672-122797-0059__T1__SCV3FIX__VOICE-3570_CONTENT-672-672-122797-0059,3570,672,,-36.45,6,1.0,1.0,1.0,-0.06625010514675178,-0.13594925131696467,-43.34038188894589,1,3.0,3.0,0.0,HUBERT_BASE,6
237-126133-0006_8463-294828-0033__T2__SCV3FIX__VOICE-8463_CONTENT-237-237-126133-0006,8463,237,,2.95,11,0.0,0.0,0.0,0.09665646724628862,0.011767802074877931,15.804731566266156,0,0.0,0.0,-1.0,HUBERT_BASE,6
8230-279154-0031_121-123859-0003__T1__SCV3FIX__VOICE-8230_CONTENT-121-121-123859-0003,8230,121,,14.03,18,0.0,0.0,0.0,0.14908468080277104,0.06233406685306386,46.70158632406169,0,0.0,0.0,-1.0,HUBERT_BASE,6
6829-68771-0015_908-157963-0029__T2__SCV3FIX__VOICE-908_CONTENT-6829-6829-68771-0015,908,6829,,11.86,6,0.0,0.0,0.0,0.06914829434891724,0.05220752983444599,40.35127224005273,0,0.0,0.0,-1.0,HUBERT_BASE,6
1580-141084-0016_8455-210777-0037__T2__SCV3FIX__VOICE-8455_CONTENT-1580-1580-141084-0016,8455,1580,,11.97,8,0.0,0.0,0.0,0.09428825957532738,0.04655086901069405,37.588884909456084,0,0.0,0.0,-1.0,HUBERT_BASE,6
1284-1180-0007_2094-142345-0002__T2__SCV3FIX__VOICE-2094_CONTENT-1284-1284-1180-0007,2094,1284,,16.43,11,0.0,0.0,0.0,0.10742919879581984,0.02700126117109536,36.015618832343165,0,0.0,0.0,-1.0,HUBERT_BASE,6
1089-134686-0037_2094-142345-0001__T1__SCV3FIX__VOICE-1089_CONTENT-2094-2094-142345-0001,1089,2094,,6.97,9,0.0,0.0,0.0,0.1311346254819537,0.049248590089269184,27.568569072717487,0,0.0,0.0,-1.0,HUBERT_BASE,6
2094-142345-0043_1580-141084-0040__T2__SCV3FIX__VOICE-1580_CONTENT-2094-2094-142345-0043,1580,2094,,-20.48,10,1.0,1.0,1.0,-0.07997912646091923,-0.2251697733667828,-39.425269519472984,1,5.0,5.0,0.0,HUBERT_BASE,6
1284-1180-0009_2830-3980-0022__T1__SCV3FIX__VOICE-1284_CONTENT-2830-2830-3980-0022,1284,2830,,-6.45,5,0.6,0.6,0.4,-0.02700393611523051,-0.07892603465133241,0.315807084992305,1,1.0,1.0,0.5,HUBERT_BASE,6
7021-85628-0006_8555-284449-0013__T2__SCV3FIX__VOICE-8555_CONTENT-7021-7021-85628-0006,8555,7021,,-14.06,6,0.8333333333333334,1.0,0.8333333333333334,-0.08917020315182707,-0.23031962830049912,-24.13824758390943,1,2.0,2.0,0.0,HUBERT_BASE,6
7176-92135-0031_8224-274384-0002__T1__SCV3FIX__VOICE-7176_CONTENT-8224-8224-274384-0002,7176,8224,,-3.21,18,0.3333333333333333,0.2777777777777778,0.2777777777777778,0.031310518057527194,-0.12204907178265223,12.885219381508792,1,2.0,2.0,5.0,HUBERT_BASE,6
237-134500-0003_4446-2273-0015__T2__SCV3FIX__VOICE-4446_CONTENT-237-237-134500-0003,4446,237,,-19.37,5,1.0,1.0,1.0,-0.08028799484673924,-0.12689113363161098,-31.324544690408242,1,2.5,2.5,0.0,HUBERT_BASE,6
6930-81414-0011_4992-41806-0006__T1__SCV3FIX__VOICE-6930_CONTENT-4992-4992-41806-0006,6930,4992,,12.75,8,0.0,0.0,0.0,0.10097582567974688,0.036602792366388415,41.89481166753433,0,0.0,0.0,-1.0,HUBERT_BASE,6
8555-284447-0013_5683-32879-0021__T1__SCV3FIX__VOICE-8555_CONTENT-5683-5683-32879-0021,8555,5683,,-0.24,7,0.0,0.14285714285714285,0.0,0.025887789761925375,0.0032526944506896527,11.90773784428517,0,0.0,0.0,-1.0,HUBERT_BASE,6
4446-2275-0006_2300-131720-0005__T2__SCV3FIX__VOICE-2300_CONTENT-4446-4446-2275-0006,2300,4446,,11.37,6,0.16666666666666666,0.0,0.0,0.07652096215478095,-0.001627560784112858,42.19765212769344,0,0.0,0.0,-1.0,HUBERT_BASE,6
1320-122617-0029_4507-16021-0046__T1__SCV3FIX__VOICE-1320_CONTENT-4507-4507-16021-0046,1320,4507,,16.56,8,0.0,0.0,0.0,0.08900755143658401,0.06575631815209204,42.532976323686086,0,0.0,0.0,-1.0,HUBERT_BASE,6
672-122797-0055_61-70970-0021__T2__SCV3FIX__VOICE-61_CONTENT-672-672-122797-0055,61,672,,10.9,8,0.0,0.0,0.0,0.1505516017706878,0.05140400522981814,34.155039378914495,0,0.0,0.0,-1.0,HUBERT_BASE,6
908-157963-0009_61-70968-0013__T2__SCV3FIX__VOICE-61_CONTENT-908-908-157963-0009,61,908,,-3.52,7,0.5714285714285714,0.7142857142857143,0.5714285714285714,-0.01641423405657175,-0.11051357661020678,-1.0007291860856589,1,2.0,2.0,0.0,HUBERT_BASE,6
5142-33396-0014_7176-88083-0014__T1__SCV3FIX__VOICE-5142_CONTENT-7176-7176-88083-0014,5142,7176,,-19.73,5,1.0,1.0,1.0,-0.0668011181131545,-0.09321015886806605,-29.61865154618086,1,2.5,2.5,0.0,HUBERT_BASE,6
5683-32879-0003_5142-33396-0035__T1__SCV3FIX__VOICE-5683_CONTENT-5142-5142-33396-0035,5683,5142,,-0.19,6,0.0,0.0,0.0,0.07355308969626138,0.03285450359220454,20.243961100384848,0,0.0,0.0,-1.0,HUBERT_BASE,6
5142-33396-0025_1284-1180-0023__T1__SCV3FIX__VOICE-5142_CONTENT-1284-1284-1180-0023,5142,1284,,14.5,5,0.2,0.0,0.0,0.01718560636379367,-0.00038677838779199725,30.6918772062733,0,0.0,0.0,-1.0,HUBERT_BASE,6
3570-5694-0013_3575-170457-0030__T2__SCV3FIX__VOICE-3575_CONTENT-3570-3570-5694-0013,3575,3570,,-12.83,10,0.7,0.9,0.7,-0.030588188424051588,-0.11679923300794848,-19.413134959469634,1,3.5,3.5,0.5,HUBERT_BASE,6
2961-960-0014_5105-28240-0002__T1__SCV3FIX__VOICE-2961_CONTENT-5105-5105-28240-0002,2961,5105,,-19.33,7,1.0,1.0,1.0,-0.15001323710963047,-0.23452694106600336,-35.32987506896317,1,3.5,3.5,0.0,HUBERT_BASE,6
8455-210777-0028_6930-76324-0024__T1__SCV3FIX__VOICE-8455_CONTENT-6930-6930-76324-0024,8455,6930,,10.03,6,0.0,0.0,0.0,0.08364893102961977,0.04526638724566334,25.367969644535446,0,0.0,0.0,-1.0,HUBERT_BASE,6
7729-102255-0030_5142-33396-0001__T2__SCV3FIX__VOICE-5142_CONTENT-7729-7729-102255-0030,5142,7729,,-22.71,9,1.0,1.0,1.0,-0.11728895671877372,-0.20927483779124445,-42.949923952918255,1,4.5,4.5,0.0,HUBERT_BASE,6
1089-134691-0001_1320-122617-0013__T2__SCV3FIX__VOICE-1320_CONTENT-1089-1089-134691-0001,1320,1089,,-23.23,9,1.0,1.0,1.0,-0.1227416741367507,-0.24247037528417315,-28.70264337719921,1,4.5,4.5,0.0,HUBERT_BASE,6
121-127105-0035_1995-1826-0013__T1__SCV3FIX__VOICE-121_CONTENT-1995-1995-1826-0013,121,1995,,-24.5,16,0.875,1.0,0.875,-0.11465118227906725,-0.3776516242790904,-29.67737474492611,2,4.5,3.5,0.0,HUBERT_BASE,6
8463-287645-0009_5683-32866-0001__T2__SCV3FIX__VOICE-5683_CONTENT-8463-8463-287645-0009,5683,8463,,9.6,5,0.0,0.0,0.0,0.05282637965679848,0.02452087147848825,17.445946123047307,0,0.0,0.0,-1.0,HUBERT_BASE,6
3729-6852-0001_4077-13751-0008__T2__SCV3FIX__VOICE-4077_CONTENT-3729-3729-6852-0001,4077,3729,,16.94,20,0.05,0.0,0.0,0.061845415273663384,-0.015206098252396494,32.66418786204975,0,0.0,0.0,-1.0,HUBERT_BASE,6
1320-122617-0005_3729-6852-0014__T1__SCV3FIX__VOICE-1320_CONTENT-3729-3729-6852-0014,1320,3729,,13.01,7,0.0,0.0,0.0,0.1766323664334411,0.08323896550290988,41.09568941235727,0,0.0,0.0,-1.0,HUBERT_BASE,6
4970-29095-0037_4077-13754-0001__T1__SCV3FIX__VOICE-4970_CONTENT-4077-4077-13754-0001,4970,4077,,-27.92,6,1.0,1.0,1.0,-0.1024759210692302,-0.15448414970420132,-34.263048228982065,1,3.0,3.0,0.0,HUBERT_BASE,6
5105-28241-0017_1089-134691-0020__T2__SCV3FIX__VOICE-1089_CONTENT-5105-5105-28241-0017,1089,5105,,-11.2,6,0.6666666666666666,0.8333333333333334,0.6666666666666666,-0.06059507878810686,-0.21233476049226763,-17.669162249303884,1,2.0,2.0,0.0,HUBERT_BASE,6
5683-32865-0009_1580-141084-0000__T2__SCV3FIX__VOICE-1580_CONTENT-5683-5683-32865-0009,1580,5683,,-21.04,8,0.875,1.0,0.875,-0.047840445984186936,-0.15787310033438684,-29.705009924954197,1,3.5,3.5,0.5,HUBERT_BASE,6
237-134500-0010_672-122797-0047__T2__SCV3FIX__VOICE-672_CONTENT-237-237-134500-0010,672,237,,-6.9,5,0.2,0.0,0.0,0.01735310273521673,-0.054151005659158646,8.15997956034068,0,0.0,0.0,-1.0,HUBERT_BASE,6
1284-1181-0016_1089-134686-0028__T1__SCV3FIX__VOICE-1284_CONTENT-1089-1089-134686-0028,1284,1089,,-11.68,14,0.9285714285714286,0.9285714285714286,0.8571428571428571,-0.06758459820547404,-0.165465825057854,-23.274000665297752,2,5.0,3.25,0.0,HUBERT_BASE,6
672-122797-0063_1580-141084-0002__T2__SCV3FIX__VOICE-1580_CONTENT-672-672-122797-0063,1580,672,,-8.24,8,0.5,0.625,0.5,0.018105580438136773,-0.12043487784795526,-0.1530787887236098,1,2.0,2.0,0.5,HUBERT_BASE,6
3575-170457-0028_7127-75947-0010__T2__SCV3FIX__VOICE-7127_CONTENT-3575-3575-170457-0028,7127,3575,,7.53,10,0.1,0.0,0.0,0.13283734709168357,-0.0033775567332912093,43.11401749115203,0,0.0,0.0,-1.0,HUBERT_BASE,6
7021-85628-0012_8455-210777-0004__T2__SCV3FIX__VOICE-8455_CONTENT-7021-7021-85628-0012,8455,7021,,6.69,9,0.2222222222222222,0.1111111111111111,0.1111111111111111,0.06099789318600436,-0.04050695815134764,17.559014542835953,0,0.0,0.0,-1.0,HUBERT_BASE,6
2300-131720-0000_3570-5694-0000__T2__SCV3FIX__VOICE-3570_CONTENT-2300-2300-131720-0000,3570,2300,,-18.55,9,1.0,1.0,1.0,-0.08656485265276473,-0.1315847589115947,-37.27556168597344,1,4.5,4.5,0.0,HUBERT_BASE,6
61-70970-0007_4507-16021-0035__T1__SCV3FIX__VOICE-61_CONTENT-4507-4507-16021-0035,61,4507,,13.78,7,0.0,0.0,0.0,0.1065528922351493,0.006583038950840225,35.28199465090049,0,0.0,0.0,-1.0,HUBERT_BASE,6
672-122797-0068_2094-142345-0056__T1__SCV3FIX__VOICE-672_CONTENT-2094-2094-142345-0056,672,2094,,12.41,6,0.0,0.0,0.0,0.08421270193059875,0.029693662526396603,36.24434241280674,0,0.0,0.0,-1.0,HUBERT_BASE,6
5105-28240-0017_6829-68769-0001__T1__SCV3FIX__VOICE-5105_CONTENT-6829-6829-68769-0001,5105,6829,,15.23,10,0.0,0.0,0.0,0.10426762411774433,0.016832113932621073,29.082154810404482,0,0.0,0.0,-1.0,HUBERT_BASE,6
908-157963-0021_8463-287645-0001__T2__SCV3FIX__VOICE-8463_CONTENT-908-908-157963-0021,8463,908,,-25.68,5,1.0,1.0,1.0,-0.08500738409116212,-0.13785984465959877,-53.14559147409791,1,2.5,2.5,0.0,HUBERT_BASE,6
5142-33396-0024_5105-28240-0007__T2__SCV3FIX__VOICE-5105_CONTENT-5142-5142-33396-0024,5105,5142,,11.64,8,0.0,0.0,0.0,0.06797231027404088,0.0026896640164538743,28.231385386365105,0,0.0,0.0,-1.0,HUBERT_BASE,6
4077-13754-0011_7729-102255-0028__T2__SCV3FIX__VOICE-7729_CONTENT-4077-4077-13754-0011,7729,4077,,9.76,18,0.05555555555555555,0.0,0.0,0.09161661302006523,-0.0018137096995962665,37.23597229635424,0,0.0,0.0,-1.0,HUBERT_BASE,6
1284-1181-0006_61-70968-0004__T2__SCV3FIX__VOICE-61_CONTENT-1284-1284-1181-0006,61,1284,,11.48,6,0.0,0.0,0.0,0.12260126448440932,0.10061520980389849,35.229004513151494,0,0.0,0.0,-1.0,HUBERT_BASE,6
8463-287645-0009_1284-1181-0008__T2__SCV3FIX__VOICE-1284_CONTENT-8463-8463-287645-0009,1284,8463,,-2.92,6,1.0,0.3333333333333333,0.3333333333333333,-0.05374119035315896,-0.15502615677190112,-0.9244646335975707,1,3.0,3.0,0.0,HUBERT_BASE,6
1995-1837-0000_8224-274384-0013__T2__SCV3FIX__VOICE-8224_CONTENT-1995-1995-1837-0000,8224,1995,,13.88,6,0.0,0.0,0.0,0.11030299530772165,0.018530904876116527,33.353415154384386,0,0.0,0.0,-1.0,HUBERT_BASE,6
61-70970-0013_4507-16021-0035__T1__SCV3FIX__VOICE-61_CONTENT-4507-4507-16021-0035,61,4507,,11.48,7,0.0,0.0,0.0,0.15064870386563792,0.07544577604909852,36.607108394864476,0,0.0,0.0,-1.0,HUBERT_BASE,6
8463-294825-0019_1320-122617-0005__T1__SCV3FIX__VOICE-8463_CONTENT-1320-1320-122617-0005,8463,1320,,10.62,5,0.0,0.0,0.0,0.17923599978860982,0.16757667728348236,38.0291798902212,0,0.0,0.0,-1.0,HUBERT_BASE,6
6829-68769-0039_2300-131720-0037__T1__SCV3FIX__VOICE-6829_CONTENT-2300-2300-131720-0037,6829,2300,,-24.34,7,0.5714285714285714,1.0,0.5714285714285714,0.006327988187315566,-0.05599571221321964,-25.21271639822336,1,1.5,1.5,1.0,HUBERT_BASE,6
2961-961-0012_4992-41797-0016__T2__SCV3FIX__VOICE-4992_CONTENT-2961-2961-961-0012,4992,2961,,14.2,5,0.0,0.0,0.0,0.07369056859940652,0.027292251041069027,25.46348460346362,0,0.0,0.0,-1.0,HUBERT_BASE,6
5142-33396-0025_2961-961-0019__T1__SCV3FIX__VOICE-5142_CONTENT-2961-2961-961-0019,5142,2961,,-25.13,5,1.0,1.0,1.0,-0.07990375633756475,-0.11212718262531529,-36.644268503524856,1,2.5,2.5,0.0,HUBERT_BASE,6
5683-32866-0028_6829-68769-0001__T1__SCV3FIX__VOICE-5683_CONTENT-6829-6829-68769-0001,5683,6829,,8.99,10,0.1,0.0,0.0,0.08826691062076429,-0.012795263075193075,40.294397307072316,0,0.0,0.0,-1.0,HUBERT_BASE,6
237-134500-0037_2830-3980-0042__T2__SCV3FIX__VOICE-2830_CONTENT-237-237-134500-0037,2830,237,,13.12,5,0.0,0.0,0.0,0.14124189798149273,0.08618705983046027,41.48416538119901,0,0.0,0.0,-1.0,HUBERT_BASE,6
1089-134686-0032_4507-16021-0049__T1__SCV3FIX__VOICE-1089_CONTENT-4507-4507-16021-0049,1089,4507,,15.46,7,0.0,0.0,0.0,0.10602731491435581,0.002622842892573085,36.540222351376165,0,0.0,0.0,-1.0,HUBERT_BASE,6
4446-2275-0033_908-157963-0024__T1__SCV3FIX__VOICE-4446_CONTENT-908-908-157963-0024,4446,908,,-24.87,5,1.0,1.0,1.0,-0.059507044232354867,-0.07764154980119287,-31.771268565608203,1,2.5,2.5,0.0,HUBERT_BASE,6
8224-274381-0011_5683-32865-0010__T1__SCV3FIX__VOICE-8224_CONTENT-5683-5683-32865-0010,8224,5683,,12.85,11,0.0,0.0,0.0,0.06677006540039754,0.005576786718237581,39.22539405911738,0,0.0,0.0,-1.0,HUBERT_BASE,6
1580-141083-0021_2961-961-0005__T1__SCV3FIX__VOICE-1580_CONTENT-2961-2961-961-0005,1580,2961,,-23.88,6,1.0,1.0,1.0,-0.08531013181020913,-0.11934500694003469,-37.35324009302057,1,3.0,3.0,0.0,HUBERT_BASE,6
1089-134691-0005_908-157963-0011__T1__SCV3FIX__VOICE-1089_CONTENT-908-908-157963-0011,1089,908,,-0.53,9,0.5555555555555556,0.6666666666666666,0.4444444444444444,-0.027415144031750754,-0.14311080884814154,-6.573981144089612,1,2.0,2.0,1.5,HUBERT_BASE,6
6930-75918-0011_121-121726-0003__T2__SCV3FIX__VOICE-121_CONTENT-6930-6930-75918-0011,121,6930,,-20.6,4,1.0,1.0,1.0,-0.14911336189616908,-0.20005144776639205,-25.914471166814245,1,2.0,2.0,0.0,HUBERT_BASE,6
6930-75918-0005_237-134493-0004__T2__SCV3FIX__VOICE-237_CONTENT-6930-6930-75918-0005,237,6930,,-2.16,12,0.3333333333333333,0.5833333333333334,0.16666666666666666,0.02516825760527136,-0.08696186729351763,-0.5759071285965831,1,1.0,1.0,3.5,HUBERT_BASE,6
237-134500-0006_908-157963-0000__T2__SCV3FIX__VOICE-908_CONTENT-237-237-134500-0006,908,237,,14.92,7,0.0,0.0,0.0,0.07854938534610341,0.051002802484578,37.17769798474905,0,0.0,0.0,-1.0,HUBERT_BASE,6
1995-1837-0027_4970-29095-0022__T1__SCV3FIX__VOICE-1995_CONTENT-4970-4970-29095-0022,1995,4970,,0.15,8,0.5,0.375,0.25,0.008659025088860905,-0.08061516604216135,3.8026669687974834,2,1.0,1.0,1.0,HUBERT_BASE,6
5639-40744-0016_2830-3980-0006__T1__SCV3FIX__VOICE-5639_CONTENT-2830-2830-3980-0006,5639,2830,,-13.8,11,0.6363636363636364,1.0,0.6363636363636364,-0.01972673428113417,-0.17752731654521436,-18.379076541206256,2,2.5,1.75,0.5,HUBERT_BASE,6
260-123286-0008_4992-23283-0000__T1__SCV3FIX__VOICE-260_CONTENT-4992-4992-23283-0000,260,4992,,12.58,6,0.0,0.0,0.0,0.07197726737295733,0.02548504215201053,35.55822128130358,0,0.0,0.0,-1.0,HUBERT_BASE,6
908-31957-0008_4446-2271-0020__T1__SCV3FIX__VOICE-908_CONTENT-4446-4446-2271-0020,908,4446,,9.47,14,0.0,0.0,0.0,0.11025014324745815,0.015571946713473173,32.45717519350368,0,0.0,0.0,-1.0,HUBERT_BASE,6
2830-3980-0000_3575-170457-0028__T2__SCV3FIX__VOICE-3575_CONTENT-2830-2830-3980-0000,3575,2830,,-16.53,6,1.0,1.0,1.0,-0.10589801425575084,-0.17762405383725832,-40.04840970337309,1,3.0,3.0,0.0,HUBERT_BASE,6
672-122797-0072_4507-16021-0034__T2__SCV3FIX__VOICE-4507_CONTENT-672-672-122797-0072,4507,672,,-20.67,13,1.0,1.0,1.0,-0.13488380648324874,-0.2174704742051503,-41.98800149606235,1,6.5,6.5,0.0,HUBERT_BASE,6
1188-133604-0001_1995-1826-0012__T2__SCV3FIX__VOICE-1995_CONTENT-1188-1188-133604-0001,1995,1188,,-26.25,10,1.0,1.0,1.0,-0.1237632737988525,-0.20773732246726284,-40.57640734487951,1,5.0,5.0,0.0,HUBERT_BASE,6
5142-36377-0006_1995-1837-0022__T2__SCV3FIX__VOICE-1995_CONTENT-5142-5142-36377-0006,1995,5142,,-11.13,5,0.8,1.0,0.8,-0.04843272188626431,-0.0922965504264186,-18.434299807740487,1,2.0,2.0,0.0,HUBERT_BASE,6
4992-41797-0019_2830-3980-0063__T2__SCV3FIX__VOICE-2830_CONTENT-4992-4992-41797-0019,2830,4992,,15.09,8,0.0,0.0,0.0,0.1536466590045605,0.09122789811162879,46.33265778399914,0,0.0,0.0,-1.0,HUBERT_BASE,6
7127-75947-0039_7021-79740-0000__T2__SCV3FIX__VOICE-7021_CONTENT-7127-7127-75947-0039,7021,7127,,11.54,19,0.0,0.0,0.0,0.052986786138790265,0.0045504505834189635,27.562059030476014,0,0.0,0.0,-1.0,HUBERT_BASE,6
1089-134686-0019_5142-33396-0021__T1__SCV3FIX__VOICE-1089_CONTENT-5142-5142-33396-0021,1089,5142,,11.27,6,0.0,0.0,0.0,0.11506495751305536,0.060699652867728715,48.86635488983767,0,0.0,0.0,-1.0,HUBERT_BASE,6
5683-32866-0020_1188-133604-0020__T2__SCV3FIX__VOICE-1188_CONTENT-5683-5683-32866-0020,1188,5683,,12.91,6,0.0,0.0,0.0,0.11830279585070026,0.0672052626159172,47.27965763219722,0,0.0,0.0,-1.0,HUBERT_BASE,6
1089-134686-0004_1284-1180-0027__T1__SCV3FIX__VOICE-1089_CONTENT-1284-1284-1180-0027,1089,1284,,12.21,5,0.0,0.0,0.0,0.12433539601070184,0.08437096775565467,36.430020209154684,0,0.0,0.0,-1.0,HUBERT_BASE,6
5683-32866-0028_1995-1837-0015__T2__SCV3FIX__VOICE-1995_CONTENT-5683-5683-32866-0028,1995,5683,,-32.35,7,1.0,1.0,1.0,-0.08187731486886131,-0.1376286799578762,-41.98481530245242,1,3.5,3.5,0.0,HUBERT_BASE,6
7729-102255-0035_1320-122617-0041__T1__SCV3FIX__VOICE-7729_CONTENT-1320-1320-122617-0041,7729,1320,,15.31,7,0.0,0.0,0.0,0.08514402092448758,0.02102565848652238,26.161252759752024,0,0.0,0.0,-1.0,HUBERT_BASE,6
8555-292519-0006_61-70970-0037__T2__SCV3FIX__VOICE-61_CONTENT-8555-8555-292519-0006,61,8555,,10.13,10,0.0,0.0,0.0,0.11877861573328122,0.054908218174223866,35.84391013897154,0,0.0,0.0,-1.0,HUBERT_BASE,6
237-134500-0023_1284-1180-0011__T2__SCV3FIX__VOICE-1284_CONTENT-237-237-134500-0023,1284,237,,-2.57,5,0.2,0.4,0.2,0.019182646861650297,-0.04495763415244891,-4.107731189421125,0,0.0,0.0,-1.0,HUBERT_BASE,6
237-126133-0019_5639-40744-0024__T2__SCV3FIX__VOICE-5639_CONTENT-237-237-126133-0019,5639,237,,8.37,13,0.0,0.0,0.0,0.09056668050771738,0.029575526122814444,28.08982232121711,0,0.0,0.0,-1.0,HUBERT_BASE,6
8463-294828-0012_8555-284447-0009__T1__SCV3FIX__VOICE-8463_CONTENT-8555-8555-284447-0009,8463,8555,,10.75,5,0.0,0.0,0.0,0.026563240699817147,0.012605130420352273,20.379046205893676,0,0.0,0.0,-1.0,HUBERT_BASE,6
1089-134686-0008_8230-279154-0012__T2__SCV3FIX__VOICE-8230_CONTENT-1089-1089-134686-0008,8230,1089,,-7.08,6,0.8333333333333334,1.0,0.8333333333333334,-0.035538369362061985,-0.11479069066056047,-12.350716985869669,1,2.5,2.5,0.5,HUBERT_BASE,6
4077-13751-0012_7729-102255-0038__T2__SCV3FIX__VOICE-7729_CONTENT-4077-4077-13751-0012,7729,4077,,3.74,14,0.2857142857142857,0.0,0.0,0.049599380583300226,-0.05317867012827815,20.60198625132828,1,1.5,1.5,0.0,HUBERT_BASE,6
5142-33396-0034_8455-210777-0059__T1__SCV3FIX__VOICE-5142_CONTENT-8455-8455-210777-0059,5142,8455,,-22.63,10,1.0,1.0,1.0,-0.1378265368958011,-0.2085955101255751,-42.93020362661574,1,5.0,5.0,0.0,HUBERT_BASE,6
1995-1826-0016_4992-41797-0008__T1__SCV3FIX__VOICE-1995_CONTENT-4992-4992-41797-0008,1995,4992,,-1.97,10,0.5,0.4,0.3,-0.014329464006171022,-0.16671532059071192,4.215723684900314,2,1.5,1.25,0.5,HUBERT_BASE,6
1221-135767-0014_61-70968-0014__T2__SCV3FIX__VOICE-61_CONTENT-1221-1221-135767-0014,61,1221,,10.84,13,0.0,0.0,0.0,0.1081121156284073,0.04778415153923343,34.64469659928597,0,0.0,0.0,-1.0,HUBERT_BASE,6
1284-1181-0007_1580-141084-0045__T2__SCV3FIX__VOICE-1580_CONTENT-1284-1284-1181-0007,1580,1284,,-25.6,6,1.0,1.0,1.0,-0.06810477029602237,-0.10412228264941803,-41.95914319836174,1,3.0,3.0,0.0,HUBERT_BASE,6
7127-75947-0039_3570-5694-0006__T2__SCV3FIX__VOICE-3570_CONTENT-7127-7127-75947-0039,3570,7127,,-27.79,19,1.0,1.0,1.0,-0.07325118587805352,-0.13453233774845463,-36.659386598729306,1,9.5,9.5,0.0,HUBERT_BASE,6
260-123286-0023_4507-16021-0051__T2__SCV3FIX__VOICE-4507_CONTENT-260-260-123286-0023,4507,260,,-19.74,10,1.0,1.0,1.0,-0.08161071032846812,-0.11204003951757147,-36.95789832078725,1,5.0,5.0,0.0,HUBERT_BASE,6
7021-79730-0008_6829-68771-0020__T2__SCV3FIX__VOICE-6829_CONTENT-7021-7021-79730-0008,6829,7021,,-4.08,8,0.25,0.75,0.25,0.02872820499624458,-0.020119068133384266,-6.310556039991484,1,1.0,1.0,0.0,HUBERT_BASE,6
1320-122617-0026_6930-81414-0015__T2__SCV3FIX__VOICE-6930_CONTENT-1320-1320-122617-0026,6930,1320,,-25.87,6,1.0,1.0,1.0,-0.08063531032476567,-0.1979820688705588,-42.35735379589533,1,3.0,3.0,0.0,HUBERT_BASE,6
6930-76324-0011_1995-1837-0007__T1__SCV3FIX__VOICE-6930_CONTENT-1995-1995-1837-0007,6930,1995,,15.87,16,0.0,0.0,0.0,0.09366813516950387,0.0038965935051042955,41.085765979311105,0,0.0,0.0,-1.0,HUBERT_BASE,6
8455-210777-0058_7176-88083-0006__T2__SCV3FIX__VOICE-7176_CONTENT-8455-8455-210777-0058,7176,8455,,-7.37,7,0.7142857142857143,0.7142857142857143,0.5714285714285714,-0.020750720184647933,-0.0947477167638251,-9.557390816703542,2,1.5,1.25,0.5,HUBERT_BASE,6
8455-210777-0044_4507-16021-0015__T2__SCV3FIX__VOICE-4507_CONTENT-8455-8455-210777-0044,4507,8455,,12.15,6,0.0,0.0,0.0,0.060683299386330526,0.02536290271722741,27.694740219812786,0,0.0,0.0,-1.0,HUBERT_BASE,6
260-123286-0024_61-70970-0032__T1__SCV3FIX__VOICE-260_CONTENT-61-61-70970-0032,260,61,,-8.98,5,0.8,1.0,0.8,-0.07453699060776467,-0.1812347690168694,-13.001265399551295,1,1.5,1.5,1.0,HUBERT_BASE,6
1995-1826-0016_4992-41797-0008__T2__SCV3FIX__VOICE-4992_CONTENT-1995-1995-1826-0016,4992,1995,,16.74,10,0.0,0.0,0.0,0.11135656579430604,0.08195489481094487,41.02094611041799,0,0.0,0.0,-1.0,HUBERT_BASE,6
1995-1826-0017_1284-134647-0001__T1__SCV3FIX__VOICE-1995_CONTENT-1284-1284-134647-0001,1995,1284,,1.87,11,0.36363636363636365,0.36363636363636365,0.2727272727272727,0.016081397487973537,-0.11348707857198226,12.902903829502039,1,1.5,1.5,4.0,HUBERT_BASE,6
7176-92135-0044_61-70970-0039__T2__SCV3FIX__VOICE-61_CONTENT-7176-7176-92135-0044,61,7176,,1.61,9,0.5555555555555556,0.0,0.0,-0.0019295538755895736,-0.058032988341293334,9.773155260013574,1,1.5,1.5,2.0,HUBERT_BASE,6
4507-16021-0016_1320-122617-0029__T2__SCV3FIX__VOICE-1320_CONTENT-4507-4507-16021-0016,1320,4507,,9.04,14,0.0,0.0,0.0,0.1410876335371131,0.04126346274720083,47.49363400082442,0,0.0,0.0,-1.0,HUBERT_BASE,6
8455-210777-0009_2830-3980-0068__T2__SCV3FIX__VOICE-2830_CONTENT-8455-8455-210777-0009,2830,8455,,14.26,8,0.125,0.0,0.0,0.09479999564724294,-0.03593539405869128,32.22079982187276,0,0.0,0.0,-1.0,HUBERT_BASE,6
8230-279154-0022_4446-2271-0009__T1__SCV3FIX__VOICE-8230_CONTENT-4446-4446-2271-0009,8230,4446,,15.28,11,0.0,0.0,0.0,0.07862675353936766,0.0035936296970275894,36.093189166360986,0,0.0,0.0,-1.0,HUBERT_BASE,6
5639-40744-0013_237-134500-0021__T1__SCV3FIX__VOICE-5639_CONTENT-237-237-134500-0021,5639,237,,-29.02,9,1.0,1.0,1.0,-0.09079309595262758,-0.1649093364179689,-37.277935752433535,1,4.5,4.5,0.0,HUBERT_BASE,6
5142-36377-0013_8455-210777-0009__T1__SCV3FIX__VOICE-5142_CONTENT-8455-8455-210777-0009,5142,8455,,-8.8,8,0.875,1.0,0.875,-0.09401322852258415,-0.1719154681154932,-36.90001163730503,1,3.5,3.5,0.0,HUBERT_BASE,6
4507-16021-0037_1284-1181-0009__T2__SCV3FIX__VOICE-1284_CONTENT-4507-4507-16021-0037,1284,4507,,14.86,9,0.1111111111111111,0.0,0.0,0.07395638456798803,-0.005308618523367725,36.38095397070285,0,0.0,0.0,-1.0,HUBERT_BASE,6
6930-75918-0007_1089-134691-0022__T2__SCV3FIX__VOICE-1089_CONTENT-6930-6930-75918-0007,1089,6930,,6.98,5,0.0,0.0,0.0,0.08894481705023331,0.051778732694741536,35.58288527017014,0,0.0,0.0,-1.0,HUBERT_BASE,6
7127-75946-0020_8455-210777-0037__T2__SCV3FIX__VOICE-8455_CONTENT-7127-7127-75946-0020,8455,7127,,5.54,8,0.0,0.0,0.0,0.058437344276630554,0.02268677427930943,21.51454755202655,0,0.0,0.0,-1.0,HUBERT_BASE,6
6930-75918-0016_4446-2271-0020__T1__SCV3FIX__VOICE-6930_CONTENT-4446-4446-2271-0020,6930,4446,,15.13,14,0.07142857142857142,0.0,0.0,0.06874043327309022,-0.03501378879726347,29.434524444870977,0,0.0,0.0,-1.0,HUBERT_BASE,6
5142-33396-0020_1089-134691-0006__T2__SCV3FIX__VOICE-1089_CONTENT-5142-5142-33396-0020,1089,5142,,9.33,5,0.0,0.0,0.0,0.14437226871719339,0.10620253608328889,41.25970404563776,0,0.0,0.0,-1.0,HUBERT_BASE,6
1995-1836-0011_8463-294825-0015__T1__SCV3FIX__VOICE-1995_CONTENT-8463-8463-294825-0015,1995,8463,,12.22,5,0.0,0.0,0.0,0.10014783367866878,0.051681345749547414,41.79225240964049,0,0.0,0.0,-1.0,HUBERT_BASE,6
8455-210777-0056_6829-68771-0008__T2__SCV3FIX__VOICE-6829_CONTENT-8455-8455-210777-0056,6829,8455,,-17.96,10,1.0,1.0,1.0,-0.08809585234510389,-0.14141846263207802,-27.34951560903035,1,5.0,5.0,0.0,HUBERT_BASE,6
908-157963-0018_7127-75947-0026__T2__SCV3FIX__VOICE-7127_CONTENT-908-908-157963-0018,7127,908,,-16.05,7,1.0,1.0,1.0,-0.1330837893753581,-0.2933224555790289,-37.24044592052637,1,3.5,3.5,0.0,HUBERT_BASE,6
237-134493-0005_5105-28241-0017__T2__SCV3FIX__VOICE-5105_CONTENT-237-237-134493-0005,5105,237,,13.82,20,0.05,0.0,0.0,0.058310374547535536,-0.030673093137715268,33.185624149798144,0,0.0,0.0,-1.0,HUBERT_BASE,6
5142-33396-0028_61-70968-0055__T1__SCV3FIX__VOICE-5142_CONTENT-61-61-70968-0055,5142,61,,-19.57,6,1.0,1.0,1.0,-0.07785661104380487,-0.12540519842694253,-36.149233049867114,1,3.0,3.0,0.0,HUBERT_BASE,6
2300-131720-0041_1995-1836-0011__T2__SCV3FIX__VOICE-1995_CONTENT-2300-2300-131720-0041,1995,2300,,-25.53,6,1.0,1.0,1.0,-0.1253217926095899,-0.19829680502749958,-44.63730973980785,1,3.0,3.0,0.0,HUBERT_BASE,6
1284-1181-0009_4446-2271-0003__T2__SCV3FIX__VOICE-4446_CONTENT-1284-1284-1181-0009,4446,1284,,8.21,6,0.16666666666666666,0.0,0.0,0.06753834032703564,-0.01488697844061826,27.07874939977924,0,0.0,0.0,-1.0,HUBERT_BASE,6
61-70968-0000_8555-292519-0000__T2__SCV3FIX__VOICE-8555_CONTENT-61-61-70968-0000,8555,61,,12.51,8,0.0,0.0,0.0,0.056378938854773686,0.032796086179706196,30.465537034316842,0,0.0,0.0,-1.0,HUBERT_BASE,6
8230-279154-0036_5142-33396-0034__T1__SCV3FIX__VOICE-8230_CONTENT-5142-5142-33396-0034,8230,5142,,15.37,5,0.0,0.0,0.0,0.09299855044616663,0.05625671706419044,43.77089042727128,0,0.0,0.0,-1.0,HUBERT_BASE,6
260-123288-0009_1320-122617-0023__T2__SCV3FIX__VOICE-1320_CONTENT-260-260-123288-0009,1320,260,,-17.65,5,0.8,1.0,0.8,-0.05869423118127746,-0.1508790910394472,-16.49043795344854,1,2.0,2.0,0.0,HUBERT_BASE,6
1284-1180-0015_6829-68771-0023__T1__SCV3FIX__VOICE-1284_CONTENT-6829-6829-68771-0023,1284,6829,,-16.71,9,0.7777777777777778,0.8888888888888888,0.6666666666666666,-0.008087032199611143,-0.04352551871065957,-13.059513795898724,2,2.0,1.75,0.5,HUBERT_BASE,6
7729-102255-0027_8463-294828-0017__T2__SCV3FIX__VOICE-8463_CONTENT-7729-7729-102255-0027,8463,7729,,-21.98,10,1.0,1.0,1.0,-0.12303513490380005,-0.21040577801064664,-46.974890392950684,1,5.0,5.0,0.0,HUBERT_BASE,6
8455-210777-0002_8230-279154-0015__T2__SCV3FIX__VOICE-8230_CONTENT-8455-8455-210777-0002,8230,8455,,-5.65,11,0.7272727272727273,0.5454545454545454,0.45454545454545453,-0.027299250854648117,-0.12665743137349195,-3.316721609630654,2,2.0,2.0,0.0,HUBERT_BASE,6
4970-29095-0031_237-134493-0003__T1__SCV3FIX__VOICE-4970_CONTENT-237-237-134493-0003,4970,237,,-15.1,24,0.875,1.0,0.875,-0.054834063546926104,-0.1978737076285244,-21.128066102638464,2,6.5,5.25,0.0,HUBERT_BASE,6
908-157963-0024_1188-133604-0033__T1__SCV3FIX__VOICE-908_CONTENT-1188-1188-133604-0033,908,1188,,-0.71,5,0.4,0.4,0.4,0.026180400358159828,-0.0874926430369819,1.145990213832979,1,1.0,1.0,0.5,HUBERT_BASE,6
7729-102255-0022_1320-122617-0000__T1__SCV3FIX__VOICE-7729_CONTENT-1320-1320-122617-0000,7729,1320,,-16.89,14,1.0,1.0,1.0,-0.1363440102102799,-0.40211493055760317,-22.861279604186926,1,7.0,7.0,0.0,HUBERT_BASE,6
672-122797-0013_908-31957-0001__T2__SCV3FIX__VOICE-908_CONTENT-672-672-122797-0013,908,672,,9.72,16,0.0,0.0,0.0,0.1349569337941145,0.025133778544602303,29.603371386292544,0,0.0,0.0,-1.0,HUBERT_BASE,6
8555-284447-0024_1320-122617-0026__T1__SCV3FIX__VOICE-8555_CONTENT-1320-1320-122617-0026,8555,1320,,-26.78,8,1.0,1.0,1.0,-0.16350174147935725,-0.3307830826975977,-42.40320485817061,1,4.0,4.0,0.0,HUBERT_BASE,6
3729-6852-0020_7176-92135-0016__T1__SCV3FIX__VOICE-3729_CONTENT-7176-7176-92135-0016,3729,7176,,-24.92,14,0.9285714285714286,1.0,0.9285714285714286,-0.07701358045276804,-0.1829174720420289,-46.324647436993715,2,3.5,3.25,0.0,HUBERT_BASE,6
8224-274381-0003_260-123440-0014__T1__SCV3FIX__VOICE-8224_CONTENT-260-260-123440-0014,8224,260,,4.35,6,0.0,0.0,0.0,0.06906064693867488,0.008808613697382728,20.453472259433102,0,0.0,0.0,-1.0,HUBERT_BASE,6
1580-141083-0046_121-127105-0007__T1__SCV3FIX__VOICE-1580_CONTENT-121-121-127105-0007,1580,121,,-21.32,6,0.8333333333333334,1.0,0.8333333333333334,-0.09069828063212809,-0.21222898099056486,-31.492238775796505,1,2.5,2.5,0.5,HUBERT_BASE,6
1580-141084-0034_1089-134691-0010__T1__SCV3FIX__VOICE-1580_CONTENT-1089-1089-134691-0010,1580,1089,,-33.17,5,1.0,1.0,1.0,-0.055521903433162746,-0.08331358266142608,-35.09805326294913,1,2.5,2.5,0.0,HUBERT_BASE,6
7127-75947-0018_5105-28240-0016__T1__SCV3FIX__VOICE-7127_CONTENT-5105-5105-28240-0016,7127,5105,,7.27,7,0.0,0.0,0.0,0.07879850001390624,0.043887852744679545,26.374330544389995,0,0.0,0.0,-1.0,HUBERT_BASE,6
2830-3980-0041_7021-79740-0004__T1__SCV3FIX__VOICE-2830_CONTENT-7021-7021-79740-0004,2830,7021,,6.59,8,0.0,0.0,0.0,0.14109718498040846,0.05213660208239934,24.055214647276276,0,0.0,0.0,-1.0,HUBERT_BASE,6
5105-28241-0003_1995-1826-0005__T2__SCV3FIX__VOICE-1995_CONTENT-5105-5105-28241-0003,1995,5105,,-30.55,6,1.0,1.0,1.0,-0.11725560680978821,-0.2192068144001772,-28.958365453886557,1,3.0,3.0,0.0,HUBERT_BASE,6
1995-1837-0016_8230-279154-0006__T2__SCV3FIX__VOICE-8230_CONTENT-1995-1995-1837-0016,8230,1995,,13.18,13,0.0,0.0,0.0,0.1250440520213645,0.010486840992045443,39.025236292321594,0,0.0,0.0,-1.0,HUBERT_BASE,6
672-122797-0040_5683-32866-0024__T1__SCV3FIX__VOICE-672_CONTENT-5683-5683-32866-0024,672,5683,,13.64,9,0.0,0.0,0.0,0.08493874041093137,0.037155155053323896,35.645621278120764,0,0.0,0.0,-1.0,HUBERT_BASE,6
1320-122612-0010_2094-142345-0048__T1__SCV3FIX__VOICE-1320_CONTENT-2094-2094-142345-0048,1320,2094,,15.64,11,0.0,0.0,0.0,0.10567640993260298,0.049917339284800355,35.67068729160138,0,0.0,0.0,-1.0,HUBERT_BASE,6
8455-210777-0029_1580-141083-0035__T1__SCV3FIX__VOICE-8455_CONTENT-1580-1580-141083-0035,8455,1580,,8.59,5,0.0,0.0,0.0,0.07590721877484397,0.02053957988974342,34.8164064738783,0,0.0,0.0,-1.0,HUBERT_BASE,6
5683-32866-0017_1580-141083-0053__T2__SCV3FIX__VOICE-1580_CONTENT-5683-5683-32866-0017,1580,5683,,-20.5,7,1.0,1.0,1.0,-0.10790191859717956,-0.17503478066512013,-47.40354110216422,1,3.5,3.5,0.0,HUBERT_BASE,6
1188-133604-0014_4992-23283-0016__T1__SCV3FIX__VOICE-1188_CONTENT-4992-4992-23283-0016,1188,4992,,7.71,7,0.0,0.0,0.0,0.08672879010308862,0.05970561740825986,30.174622293872744,0,0.0,0.0,-1.0,HUBERT_BASE,6
8455-210777-0057_1284-1181-0015__T1__SCV3FIX__VOICE-8455_CONTENT-1284-1284-1181-0015,8455,1284,,-3.05,9,0.4444444444444444,0.1111111111111111,0.1111111111111111,0.03132671795820442,-0.06098334052553522,9.144408315009947,1,1.0,1.0,3.0,HUBERT_BASE,6
8230-279154-0023_260-123286-0002__T1__SCV3FIX__VOICE-8230_CONTENT-260-260-123286-0002,8230,260,,-0.87,11,0.5454545454545454,0.0,0.0,-0.017760200808191164,-0.08461290428689838,10.882517803427307,1,2.0,2.0,2.0,HUBERT_BASE,6
672-122797-0031_1089-134686-0016__T1__SCV3FIX__VOICE-672_CONTENT-1089-1089-134686-0016,672,1089,,17.31,6,0.16666666666666666,0.0,0.0,0.05175528886763844,-0.09845251643611863,26.53561555819798,0,0.0,0.0,-1.0,HUBERT_BASE,6
4992-41806-0003_5683-32879-0016__T1__SCV3FIX__VOICE-4992_CONTENT-5683-5683-32879-0016,4992,5683,,2.64,17,0.058823529411764705,0.0,0.0,0.06883920904242803,-0.0014377832982148675,27.982411248097513,0,0.0,0.0,-1.0,HUBERT_BASE,6
1580-141083-0008_1284-1181-0002__T2__SCV3FIX__VOICE-1284_CONTENT-1580-1580-141083-0008,1284,1580,,13.75,6,0.0,0.0,0.0,0.09337180938688446,0.025954192312430346,46.95490596438443,0,0.0,0.0,-1.0,HUBERT_BASE,6
7021-79759-0002_2830-3979-0011__T2__SCV3FIX__VOICE-2830_CONTENT-7021-7021-79759-0002,2830,7021,,11.46,9,0.2222222222222222,0.0,0.0,0.04823751528259512,-0.07717447847447911,24.673367870105153,0,0.0,0.0,-1.0,HUBERT_BASE,6
8463-294828-0031_7729-102255-0021__T2__SCV3FIX__VOICE-7729_CONTENT-8463-8463-294828-0031,7729,8463,,11.93,14,0.0,0.0,0.0,0.06204543215030823,0.023908854477785457,30.819951783450175,0,0.0,0.0,-1.0,HUBERT_BASE,6
5683-32879-0013_4992-41797-0011__T2__SCV3FIX__VOICE-4992_CONTENT-5683-5683-32879-0013,4992,5683,,9.61,9,0.0,0.0,0.0,0.07037439023748987,0.009296297841112633,27.204423282785914,0,0.0,0.0,-1.0,HUBERT_BASE,6
4970-29095-0038_5105-28240-0011__T2__SCV3FIX__VOICE-5105_CONTENT-4970-4970-29095-0038,5105,4970,,13.74,11,0.0,0.0,0.0,0.15774790389369608,0.08642983263724813,42.79474669655453,0,0.0,0.0,-1.0,HUBERT_BASE,6
4446-2271-0003_7127-75946-0021__T1__SCV3FIX__VOICE-4446_CONTENT-7127-7127-75946-0021,4446,7127,,11.14,5,0.0,0.0,0.0,0.14673332791241783,0.0326881402153778,35.47408726907205,0,0.0,0.0,-1.0,HUBERT_BASE,6
4446-2273-0019_260-123288-0010__T1__SCV3FIX__VOICE-4446_CONTENT-260-260-123288-0010,4446,260,,-23.71,5,1.0,1.0,1.0,-0.061214575924445194,-0.0741996804533871,-40.42665839848932,1,2.5,2.5,0.0,HUBERT_BASE,6
4992-41797-0010_7021-79740-0011__T1__SCV3FIX__VOICE-4992_CONTENT-7021-7021-79740-0011,4992,7021,,11.04,12,0.0,0.0,0.0,0.1441283586859121,0.05842727929537617,35.31033024605461,0,0.0,0.0,-1.0,HUBERT_BASE,6
7176-88083-0003_1089-134686-0012__T1__SCV3FIX__VOICE-7176_CONTENT-1089-1089-134686-0012,7176,1089,,-8.08,14,0.6428571428571429,0.9285714285714286,0.6428571428571429,-0.026394104353910985,-0.15717662003260258,-23.70956932553093,3,2.0,1.5,0.0,HUBERT_BASE,6
6829-68769-0015_1580-141084-0011__T2__SCV3FIX__VOICE-1580_CONTENT-6829-6829-68769-0015,1580,6829,,-23.9,8,1.0,1.0,1.0,-0.07650132763375533,-0.12854672753574403,-45.154089317955886,1,4.0,4.0,0.0,HUBERT_BASE,6
5683-32866-0022_4970-29093-0014__T1__SCV3FIX__VOICE-5683_CONTENT-4970-4970-29093-0014,5683,4970,,6.51,5,0.0,0.0,0.0,0.08067392328073666,0.05001479585365154,30.54801554401073,0,0.0,0.0,-1.0,HUBERT_BASE,6
8455-210777-0018_5142-36377-0015__T1__SCV3FIX__VOICE-8455_CONTENT-5142-5142-36377-0015,8455,5142,,12.66,6,0.0,0.0,0.0,0.12140993601322207,0.05520391353825571,38.598009798092626,0,0.0,0.0,-1.0,HUBERT_BASE,6
1284-1180-0006_6829-68769-0002__T1__SCV3FIX__VOICE-1284_CONTENT-6829-6829-68769-0002,1284,6829,,-20.11,5,0.8,1.0,0.8,-0.01662926878730455,-0.03734856769251227,-20.026660191136337,1,1.5,1.5,0.0,HUBERT_BASE,6
2300-131720-0029_1580-141083-0010__T1__SCV3FIX__VOICE-2300_CONTENT-1580-1580-141083-0010,2300,1580,,9.74,9,0.0,0.0,0.0,0.1231137936501593,0.07336330267091751,43.8248651053479,0,0.0,0.0,-1.0,HUBERT_BASE,6
7729-102255-0023_61-70968-0033__T2__SCV3FIX__VOICE-61_CONTENT-7729-7729-102255-0023,61,7729,,3.2,9,0.0,0.0,0.0,0.08310546991654284,0.021858936631557913,16.337801217228257,0,0.0,0.0,-1.0,HUBERT_BASE,6
1580-141083-0015_1995-1836-0008__T2__SCV3FIX__VOICE-1995_CONTENT-1580-1580-141083-0015,1995,1580,,13.53,8,0.125,0.0,0.0,0.07957195570572298,-0.0026118202476335117,33.847085437162306,0,0.0,0.0,-1.0,HUBERT_BASE,6
672-122797-0063_1320-122617-0025__T2__SCV3FIX__VOICE-1320_CONTENT-672-672-122797-0063,1320,672,,-8.98,9,0.2222222222222222,0.4444444444444444,0.2222222222222222,0.04671316924923182,-0.10335182936912057,-0.42796393985464004,1,1.0,1.0,0.0,HUBERT_BASE,6
237-134493-0004_1320-122617-0039__T2__SCV3FIX__VOICE-1320_CONTENT-237-237-134493-0004,1320,237,,15.58,12,0.0,0.0,0.0,0.08235562796547313,0.007772740901213715,36.59385743292497,0,0.0,0.0,-1.0,HUBERT_BASE,6
4446-2275-0012_1284-1180-0029__T2__SCV3FIX__VOICE-1284_CONTENT-4446-4446-2275-0012,1284,4446,,-18.56,9,1.0,1.0,1.0,-0.06254000324328983,-0.1260982253987617,-24.967560562174945,1,4.5,4.5,0.0,HUBERT_BASE,6
8455-210777-0033_1580-141084-0016__T2__SCV3FIX__VOICE-1580_CONTENT-8455-8455-210777-0033,1580,8455,,-25.3,10,1.0,1.0,1.0,-0.07249390526921454,-0.13361232826309843,-35.636798725469774,1,5.0,5.0,0.0,HUBERT_BASE,6
7729-102255-0010_8555-284449-0003__T2__SCV3FIX__VOICE-8555_CONTENT-7729-7729-102255-0010,8555,7729,,10.36,16,0.0625,0.0,0.0,0.09090488142589753,-0.005763232592712608,28.86103750099106,0,0.0,0.0,-1.0,HUBERT_BASE,6
1089-134691-0019_672-122797-0023__T1__SCV3FIX__VOICE-1089_CONTENT-672-672-122797-0023,1089,672,,2.31,5,0.0,0.0,0.0,0.1257889160459561,0.10036230484761621,25.750119135294,0,0.0,0.0,-1.0,HUBERT_BASE,6
1580-141084-0024_2094-142345-0025__T1__SCV3FIX__VOICE-1580_CONTENT-2094-2094-142345-0025,1580,2094,,-37.94,6,0.8333333333333334,1.0,0.8333333333333334,-0.05244264330102718,-0.09909666299788622,-49.302287314818976,1,2.5,2.5,0.0,HUBERT_BASE,6
4446-2273-0009_237-126133-0021__T1__SCV3FIX__VOICE-4446_CONTENT-237-237-126133-0021,4446,237,,-22.36,7,1.0,1.0,1.0,-0.10255807117724479,-0.1828267893911928,-44.209323964871665,1,3.5,3.5,0.0,HUBERT_BASE,6
7729-102255-0039_4992-41797-0014__T1__SCV3FIX__VOICE-7729_CONTENT-4992-4992-41797-0014,7729,4992,,10.38,12,0.0,0.0,0.0,0.07496071840729979,0.0019436479384581373,35.759837636386784,0,0.0,0.0,-1.0,HUBERT_BASE,6
4446-2271-0012_6930-76324-0011__T1__SCV3FIX__VOICE-4446_CONTENT-6930-6930-76324-0011,4446,6930,,10.9,6,0.0,0.0,0.0,0.038164098471912176,0.0135071870963418,32.70006018257524,0,0.0,0.0,-1.0,HUBERT_BASE,6
8555-284449-0006_2830-3980-0011__T2__SCV3FIX__VOICE-2830_CONTENT-8555-8555-284449-0006,2830,8555,,-5.21,6,0.8333333333333334,0.6666666666666666,0.5,-0.03160294627784451,-0.10696966355710102,-3.8700896256355026,1,2.5,2.5,0.0,HUBERT_BASE,6
1320-122612-0015_6829-68771-0018__T2__SCV3FIX__VOICE-6829_CONTENT-1320-1320-122612-0015,6829,1320,,-28.15,11,1.0,1.0,1.0,-0.09859284543044211,-0.1659408873474817,-38.326337288469446,1,5.5,5.5,0.0,HUBERT_BASE,6
672-122797-0066_7127-75947-0035__T1__SCV3FIX__VOICE-672_CONTENT-7127-7127-75947-0035,672,7127,,3.49,7,0.2857142857142857,0.0,0.0,0.04764159254426194,-0.060337724691137296,19.132199993651394,1,1.0,1.0,2.0,HUBERT_BASE,6
2094-142345-0021_1995-1826-0019__T2__SCV3FIX__VOICE-1995_CONTENT-2094-2094-142345-0021,1995,2094,,2.33,9,0.4444444444444444,0.2222222222222222,0.2222222222222222,0.025180038175161013,-0.1394891321797781,11.661260686628816,1,1.5,1.5,2.0,HUBERT_BASE,6
260-123288-0017_1580-141084-0049__T2__SCV3FIX__VOICE-1580_CONTENT-260-260-123288-0017,1580,260,,-21.37,9,1.0,1.0,1.0,-0.11045188725235325,-0.169562932437904,-37.92119767398066,1,4.5,4.5,0.0,HUBERT_BASE,6
237-126133-0005_4970-29093-0013__T2__SCV3FIX__VOICE-4970_CONTENT-237-237-126133-0005,4970,237,,-6.35,12,0.8333333333333334,1.0,0.8333333333333334,-0.0392016482366582,-0.1808263006752433,-15.909075990849518,2,2.5,2.25,0.0,HUBERT_BASE,6
6829-68771-0029_121-127105-0003__T1__SCV3FIX__VOICE-6829_CONTENT-121-121-127105-0003,6829,121,,-9.22,14,0.7142857142857143,0.8571428571428571,0.6428571428571429,0.0023329843680819124,-0.1241864725806795,-11.37779458397856,2,2.5,2.25,0.0,HUBERT_BASE,6
6930-76324-0020_7127-75946-0015__T2__SCV3FIX__VOICE-7127_CONTENT-6930-6930-76324-0020,7127,6930,,6.38,10,0.3,0.0,0.0,0.02720974434289667,-0.03941798131308083,14.203926018912188,1,1.0,1.0,2.5,HUBERT_BASE,6
6829-68769-0007_5142-33396-0031__T1__SCV3FIX__VOICE-6829_CONTENT-5142-5142-33396-0031,6829,5142,,11.57,6,0.0,0.0,0.0,0.08410114115945505,0.04854494236177331,43.12812147252628,0,0.0,0.0,-1.0,HUBERT_BASE,6
6930-76324-0014_1284-1181-0012__T1__SCV3FIX__VOICE-6930_CONTENT-1284-1284-1181-0012,6930,1284,,11.93,8,0.0,0.0,0.0,0.09850945572455976,0.07271980156595259,42.18929368334905,0,0.0,0.0,-1.0,HUBERT_BASE,6
61-70970-0014_2830-3980-0029__T2__SCV3FIX__VOICE-2830_CONTENT-61-61-70970-0014,2830,61,,-2.85,5,0.2,0.0,0.0,0.039154818829584714,-0.02959316909731513,11.96356524475005,0,0.0,0.0,-1.0,HUBERT_BASE,6
260-123440-0009_4970-29095-0017__T1__SCV3FIX__VOICE-260_CONTENT-4970-4970-29095-0017,260,4970,,8.55,5,0.2,0.0,0.0,0.02523152664704049,-0.009678180096636901,19.676290563920215,0,0.0,0.0,-1.0,HUBERT_BASE,6
1995-1836-0014_3570-5695-0002__T1__SCV3FIX__VOICE-1995_CONTENT-3570-3570-5695-0002,1995,3570,,9.73,14,0.14285714285714285,0.0,0.0,0.05713621231028439,-0.02217674796560698,32.39865046154768,0,0.0,0.0,-1.0,HUBERT_BASE,6
5142-36377-0010_5105-28241-0003__T2__SCV3FIX__VOICE-5105_CONTENT-5142-5142-36377-0010,5105,5142,,5.28,6,0.0,0.0,0.0,0.08702523493624498,0.028689091027743863,26.353858053705796,0,0.0,0.0,-1.0,HUBERT_BASE,6
1089-134686-0034_8455-210777-0067__T1__SCV3FIX__VOICE-1089_CONTENT-8455-8455-210777-0067,1089,8455,,13.46,6,0.0,0.0,0.0,0.07227220195192818,0.016460832725064156,37.015162467399115,0,0.0,0.0,-1.0,HUBERT_BASE,6
6829-68771-0025_4970-29095-0022__T2__SCV3FIX__VOICE-4970_CONTENT-6829-6829-68771-0025,4970,6829,,9.75,8,0.25,0.0,0.0,0.06387533467390967,-0.029426979366366512,31.106360549387468,0,0.0,0.0,-1.0,HUBERT_BASE,6
61-70970-0033_5142-33396-0026__T2__SCV3FIX__VOICE-5142_CONTENT-61-61-70970-0033,5142,61,,-13.66,5,1.0,1.0,1.0,-0.14138985089628084,-0.18521811415477596,-27.260440392853685,1,2.5,2.5,0.0,HUBERT_BASE,6
4992-41806-0014_1580-141083-0004__T1__SCV3FIX__VOICE-4992_CONTENT-1580-1580-141083-0004,4992,1580,,-15.12,8,1.0,0.75,0.75,-0.027359274848263226,-0.07183342774835377,-7.590295205151007,1,4.0,4.0,0.0,HUBERT_BASE,6
8230-279154-0026_2300-131720-0034__T1__SCV3FIX__VOICE-8230_CONTENT-2300-2300-131720-0034,8230,2300,,-14.98,16,1.0,1.0,1.0,-0.15255248990544532,-0.28516065504050037,-34.65163491277974,1,8.0,8.0,0.0,HUBERT_BASE,6
908-157963-0023_61-70968-0049__T1__SCV3FIX__VOICE-908_CONTENT-61-61-70968-0049,908,61,,0.72,15,0.4666666666666667,0.13333333333333333,0.13333333333333333,-0.0001609093624270308,-0.1659899873763676,10.253309543325566,3,1.5,1.1666666666666667,1.5,HUBERT_BASE,6
3570-5696-0007_1995-1837-0003__T2__SCV3FIX__VOICE-1995_CONTENT-3570-3570-5696-0007,1995,3570,,1.44,13,0.15384615384615385,0.5384615384615384,0.15384615384615385,0.03633957339873152,-0.019390947270920944,1.318915545773686,0,0.0,0.0,-1.0,HUBERT_BASE,6
8224-274384-0013_1995-1826-0000__T1__SCV3FIX__VOICE-8224_CONTENT-1995-1995-1826-0000,8224,1995,,13.96,9,0.0,0.0,0.0,0.13733551840463856,0.09563471223993447,40.19461934885755,0,0.0,0.0,-1.0,HUBERT_BASE,6
672-122797-0058_2300-131720-0029__T2__SCV3FIX__VOICE-2300_CONTENT-672-672-122797-0058,2300,672,,1.93,7,0.14285714285714285,0.0,0.0,0.13028397834769448,-0.06025760563366067,17.877626630411633,0,0.0,0.0,-1.0,HUBERT_BASE,6
61-70970-0020_4507-16021-0031__T1__SCV3FIX__VOICE-61_CONTENT-4507-4507-16021-0031,61,4507,,9.39,9,0.0,0.0,0.0,0.12950414234750993,0.07300156208901054,43.081494796589986,0,0.0,0.0,-1.0,HUBERT_BASE,6
260-123286-0020_4992-23283-0013__T1__SCV3FIX__VOICE-260_CONTENT-4992-4992-23283-0013,260,4992,,9.15,5,0.0,0.0,0.0,0.06880980747642702,0.0379585693274922,45.649595429693555,0,0.0,0.0,-1.0,HUBERT_BASE,6
4992-41806-0016_8230-279154-0023__T1__SCV3FIX__VOICE-4992_CONTENT-8230-8230-279154-0023,4992,8230,,-29.6,11,1.0,1.0,1.0,-0.0765530347340358,-0.13339424979300496,-32.77251587023531,1,5.5,5.5,0.0,HUBERT_BASE,6
3570-5695-0010_5105-28240-0015__T1__SCV3FIX__VOICE-3570_CONTENT-5105-5105-28240-0015,3570,5105,,-10.27,8,0.75,0.75,0.75,-0.06029073981838173,-0.28110980425329224,-19.335029051590606,1,3.0,3.0,1.0,HUBERT_BASE,6
7729-102255-0030_672-122797-0057__T1__SCV3FIX__VOICE-7729_CONTENT-672-672-122797-0057,7729,672,,11.24,12,0.0,0.0,0.0,0.17292032319832643,0.050897352222783576,40.70278762989593,0,0.0,0.0,-1.0,HUBERT_BASE,6
7729-102255-0042_121-121726-0005__T2__SCV3FIX__VOICE-121_CONTENT-7729-7729-102255-0042,121,7729,,15.11,5,0.8,0.0,0.0,-0.05902628634971441,-0.21378044147909092,27.235775249369436,1,1.5,1.5,0.0,HUBERT_BASE,6
4507-16021-0005_8463-294825-0006__T1__SCV3FIX__VOICE-4507_CONTENT-8463-8463-294825-0006,4507,8463,,8.67,7,0.14285714285714285,0.0,0.0,0.03437777244873327,-0.06937868092878963,18.245780321545624,0,0.0,0.0,-1.0,HUBERT_BASE,6
5683-32866-0025_2830-3980-0063__T1__SCV3FIX__VOICE-5683_CONTENT-2830-2830-3980-0063,5683,2830,,-24.52,5,1.0,1.0,1.0,-0.12595442045892719,-0.24727220322498222,-43.25711266541283,1,2.5,2.5,0.0,HUBERT_BASE,6
908-31957-0009_2094-142345-0024__T2__SCV3FIX__VOICE-2094_CONTENT-908-908-31957-0009,2094,908,,-32.78,9,1.0,1.0,1.0,-0.1087279716795012,-0.21733170313093553,-39.58765534351669,1,4.5,4.5,0.0,HUBERT_BASE,6
5683-32879-0007_6829-68771-0011__T1__SCV3FIX__VOICE-5683_CONTENT-6829-6829-68771-0011,5683,6829,,4.61,10,0.3,0.0,0.0,0.018470220808211413,-0.07994855506327214,21.862191115095158,1,1.0,1.0,0.5,HUBERT_BASE,6
4970-29095-0011_2830-3980-0024__T1__SCV3FIX__VOICE-4970_CONTENT-2830-2830-3980-0024,4970,2830,,-28.76,5,1.0,1.0,1.0,-0.0908716346999785,-0.1486370026327789,-42.83899159852984,1,2.5,2.5,0.0,HUBERT_BASE,6
8230-279154-0029_4446-2275-0022__T2__SCV3FIX__VOICE-4446_CONTENT-8230-8230-279154-0029,4446,8230,,-25.09,5,1.0,1.0,1.0,-0.08232730902095234,-0.11880929820674058,-36.737645954796676,1,2.5,2.5,0.0,HUBERT_BASE,6
61-70970-0030_1320-122617-0020__T1__SCV3FIX__VOICE-61_CONTENT-1320-1320-122617-0020,61,1320,,2.59,5,0.4,0.0,0.0,0.029216359329091234,-0.004069691350412796,9.353597072753336,1,1.0,1.0,1.0,HUBERT_BASE,6
1320-122617-0018_672-122797-0007__T2__SCV3FIX__VOICE-672_CONTENT-1320-1320-122617-0018,672,1320,,-8.24,11,0.9090909090909091,0.9090909090909091,0.8181818181818182,-0.11460775649264007,-0.21550219725006858,-20.265920155763716,2,3.0,2.5,0.0,HUBERT_BASE,6
61-70968-0016_2961-961-0015__T2__SCV3FIX__VOICE-2961_CONTENT-61-61-70968-0016,2961,61,,-23.68,6,1.0,1.0,1.0,-0.1161827415394953,-0.18323683372234834,-44.26772491124202,1,3.0,3.0,0.0,HUBERT_BASE,6
908-157963-0022_3570-5694-0005__T2__SCV3FIX__VOICE-3570_CONTENT-908-908-157963-0022,3570,908,,7.42,8,0.0,0.125,0.0,0.08271458314570028,0.023370141796147825,14.622527887944894,0,0.0,0.0,-1.0,HUBERT_BASE,6
6930-76324-0025_4970-29095-0038__T1__SCV3FIX__VOICE-6930_CONTENT-4970-4970-29095-0038,6930,4970,,2.26,7,0.14285714285714285,0.14285714285714285,0.14285714285714285,0.059744470378119745,-0.03521222474915264,23.273604870858513,0,0.0,0.0,-1.0,HUBERT_BASE,6
672-122797-0063_1580-141084-0002__T1__SCV3FIX__VOICE-672_CONTENT-1580-1580-141084-0002,672,1580,,11.81,8,0.0,0.0,0.0,0.07482879394513449,0.011832118502969613,27.615586500953157,0,0.0,0.0,-1.0,HUBERT_BASE,6
8463-294825-0010_61-70968-0054__T1__SCV3FIX__VOICE-8463_CONTENT-61-61-70968-0054,8463,61,,-24.62,8,1.0,1.0,1.0,-0.10361636524547574,-0.14368474917320273,-36.39084365192522,1,4.0,4.0,0.0,HUBERT_BASE,6
7127-75947-0039_7021-79740-0000__T1__SCV3FIX__VOICE-7127_CONTENT-7021-7021-79740-0000,7127,7021,,-21.05,19,1.0,1.0,1.0,-0.05067742387069103,-0.2533731136598585,-26.309851464439028,1,9.5,9.5,0.0,HUBERT_BASE,6
8555-284447-0018_5683-32879-0001__T1__SCV3FIX__VOICE-8555_CONTENT-5683-5683-32879-0001,8555,5683,,-10.36,6,0.3333333333333333,0.6666666666666666,0.3333333333333333,-0.011082631189161049,-0.06350833429089031,-6.966057666865647,1,1.0,1.0,2.0,HUBERT_BASE,6
5683-32879-0018_2961-961-0013__T2__SCV3FIX__VOICE-2961_CONTENT-5683-5683-32879-0018,2961,5683,,-11.45,9,0.6666666666666666,1.0,0.6666666666666666,-0.018399345033627317,-0.07841420016816614,-12.433015231061686,2,2.0,1.5,0.0,HUBERT_BASE,6
1580-141084-0018_4446-2273-0019__T1__SCV3FIX__VOICE-1580_CONTENT-4446-4446-2273-0019,1580,4446,,-4.09,5,0.2,0.2,0.0,0.02402591736275912,-0.04700315184781023,13.773496425762096,0,0.0,0.0,-1.0,HUBERT_BASE,6
5105-28233-0006_7021-85628-0012__T1__SCV3FIX__VOICE-5105_CONTENT-7021-7021-85628-0012,5105,7021,,10.71,9,0.0,0.0,0.0,0.1068726880609238,0.04681056286046714,40.59826961320796,0,0.0,0.0,-1.0,HUBERT_BASE,6
4446-2275-0006_2300-131720-0005__T1__SCV3FIX__VOICE-4446_CONTENT-2300-2300-131720-0005,4446,2300,,-22.77,6,0.8333333333333334,1.0,0.8333333333333334,-0.07342655764684469,-0.12588864313118342,-41.0684629701966,1,2.5,2.5,0.5,HUBERT_BASE,6
8230-279154-0030_6829-68769-0018__T2__SCV3FIX__VOICE-6829_CONTENT-8230-8230-279154-0030,6829,8230,,-20.86,13,1.0,1.0,1.0,-0.08326184310200477,-0.15603065817142558,-35.93406167870958,1,6.5,6.5,0.0,HUBERT_BASE,6
8224-274381-0013_1320-122617-0013__T2__SCV3FIX__VOICE-1320_CONTENT-8224-8224-274381-0013,1320,8224,,0.22,20,0.55,0.7,0.45,0.016195209559252667,-0.09118895740910371,-5.9588954154384,3,2.0,1.3333333333333333,1.5,HUBERT_BASE,6
61-70968-0020_1089-134691-0012__T2__SCV3FIX__VOICE-1089_CONTENT-61-61-70968-0020,1089,61,,-14.59,9,0.5555555555555556,1.0,0.5555555555555556,-0.030631725634621663,-0.22036015546675936,-15.401190136741016,1,2.0,2.0,2.5,HUBERT_BASE,6
8463-294828-0033_1995-1837-0017__T2__SCV3FIX__VOICE-1995_CONTENT-8463-8463-294828-0033,1995,8463,,15.41,5,0.0,0.0,0.0,0.053248980171824,0.03662115857074355,35.50171128742299,0,0.0,0.0,-1.0,HUBERT_BASE,6
3729-6852-0026_3570-5696-0006__T1__SCV3FIX__VOICE-3729_CONTENT-3570-3570-5696-0006,3729,3570,,-5.8,7,0.2857142857142857,1.0,0.2857142857142857,0.007949700883090756,-0.12821149569626822,-9.292485466519901,1,1.0,1.0,0.0,HUBERT_BASE,6
1580-141083-0032_61-70968-0033__T2__SCV3FIX__VOICE-61_CONTENT-1580-1580-141083-0032,61,1580,,11.14,7,0.0,0.0,0.0,0.0967701660013249,0.05663210492857784,39.352877909341366,0,0.0,0.0,-1.0,HUBERT_BASE,6
1284-1181-0016_3729-6852-0044__T1__SCV3FIX__VOICE-1284_CONTENT-3729-3729-6852-0044,1284,3729,,11.43,12,0.08333333333333333,0.0,0.0,0.05718371838621409,-0.020974580341576066,36.960968727742475,0,0.0,0.0,-1.0,HUBERT_BASE,6
260-123286-0018_5105-28240-0019__T1__SCV3FIX__VOICE-260_CONTENT-5105-5105-28240-0019,260,5105,,1.84,10,0.5,0.3,0.1,0.009471160742889817,-0.0948066096418011,6.600693787467715,2,1.5,1.25,0.0,HUBERT_BASE,6
1089-134691-0023_8224-274381-0011__T2__SCV3FIX__VOICE-8224_CONTENT-1089-1089-134691-0023,8224,1089,,-0.69,11,0.5454545454545454,0.18181818181818182,0.09090909090909091,0.002309680397426426,-0.06092429839822011,11.693105499800009,3,1.0,1.0,0.0,HUBERT_BASE,6
3575-170457-0055_3570-5695-0008__T1__SCV3FIX__VOICE-3575_CONTENT-3570-3570-5695-0008,3575,3570,,12.47,12,0.08333333333333333,0.0,0.0,0.04289737485182829,-0.032672464194115514,29.7847012621709,0,0.0,0.0,-1.0,HUBERT_BASE,6
672-122797-0013_908-31957-0001__T1__SCV3FIX__VOICE-672_CONTENT-908-908-31957-0001,672,908,,-17.78,16,1.0,1.0,1.0,-0.1384437944030871,-0.24601043244975984,-29.71165454329839,1,8.0,8.0,0.0,HUBERT_BASE,6
7021-79740-0007_4507-16021-0051__T2__SCV3FIX__VOICE-4507_CONTENT-7021-7021-79740-0007,4507,7021,,-33.06,11,1.0,1.0,1.0,-0.11540993463240991,-0.2010055740209652,-46.58260330362563,1,5.5,5.5,0.0,HUBERT_BASE,6
121-127105-0032_7127-75947-0037__T2__SCV3FIX__VOICE-7127_CONTENT-121-121-127105-0032,7127,121,,8.16,5,0.0,0.0,0.0,0.07116634987314137,0.01592320361754096,22.047633222534074,0,0.0,0.0,-1.0,HUBERT_BASE,6
908-31957-0007_5105-28233-0000__T1__SCV3FIX__VOICE-908_CONTENT-5105-5105-28233-0000,908,5105,,13.61,8,0.0,0.0,0.0,0.12102208599867115,0.06610060393938577,46.40091032556307,0,0.0,0.0,-1.0,HUBERT_BASE,6
121-121726-0001_672-122797-0015__T2__SCV3FIX__VOICE-672_CONTENT-121-121-121726-0001,672,121,,-0.22,6,0.0,0.0,0.0,0.16251962564752154,0.06577909253283099,9.127751345274033,0,0.0,0.0,-1.0,HUBERT_BASE,6
7021-79740-0012_1580-141084-0004__T1__SCV3FIX__VOICE-7021_CONTENT-1580-1580-141084-0004,7021,1580,,15.56,5,0.0,0.0,0.0,0.09026339305588986,0.054781610449597395,52.774932834334685,0,0.0,0.0,-1.0,HUBERT_BASE,6
1221-135767-0016_4970-29093-0012__T1__SCV3FIX__VOICE-1221_CONTENT-4970-4970-29093-0012,1221,4970,,2.44,16,0.125,0.125,0.0,0.04492215870565681,-0.03410607029563051,10.08035086458787,0,0.0,0.0,-1.0,HUBERT_BASE,6
7729-102255-0014_4446-2271-0011__T1__SCV3FIX__VOICE-7729_CONTENT-4446-4446-2271-0011,7729,4446,,6.67,6,0.0,0.0,0.0,0.11235288306482555,0.07972055989329685,35.074108817676176,0,0.0,0.0,-1.0,HUBERT_BASE,6
7127-75947-0029_3570-5695-0014__T1__SCV3FIX__VOICE-7127_CONTENT-3570-3570-5695-0014,7127,3570,,14.84,9,0.0,0.0,0.0,0.1053163402627878,0.06367088232160689,46.87612277606635,0,0.0,0.0,-1.0,HUBERT_BASE,6
61-70968-0027_3570-5695-0013__T1__SCV3FIX__VOICE-61_CONTENT-3570-3570-5695-0013,61,3570,,13.72,8,0.0,0.0,0.0,0.12780489410239626,0.09284913354188207,38.53187014533886,0,0.0,0.0,-1.0,HUBERT_BASE,6
260-123440-0003_7729-102255-0045__T2__SCV3FIX__VOICE-7729_CONTENT-260-260-123440-0003,7729,260,,0.8,6,0.5,0.16666666666666666,0.16666666666666666,-0.016723014497377453,-0.13286155988458515,5.618169350166064,1,1.5,1.5,1.0,HUBERT_BASE,6
3575-170457-0008_1089-134691-0017__T1__SCV3FIX__VOICE-3575_CONTENT-1089-1089-134691-0017,3575,1089,,-20.88,22,1.0,1.0,1.0,-0.1352063138245314,-0.303736143461074,-37.93589824647916,1,11.0,11.0,0.0,HUBERT_BASE,6
7127-75946-0018_1580-141084-0041__T1__SCV3FIX__VOICE-7127_CONTENT-1580-1580-141084-0041,7127,1580,,8.4,14,0.0,0.0,0.0,0.10584689778014071,0.030096947544881125,39.58713343255105,0,0.0,0.0,-1.0,HUBERT_BASE,6
1089-134691-0025_5105-28233-0004__T2__SCV3FIX__VOICE-5105_CONTENT-1089-1089-134691-0025,5105,1089,,-17.0,8,1.0,1.0,1.0,-0.1060109192340424,-0.1791229808268726,-38.99318624290559,1,4.0,4.0,0.0,HUBERT_BASE,6
1580-141083-0046_908-157963-0012__T2__SCV3FIX__VOICE-908_CONTENT-1580-1580-141083-0046,908,1580,,9.85,6,0.0,0.0,0.0,0.07648953770064298,0.04783415698704241,38.31311307037564,0,0.0,0.0,-1.0,HUBERT_BASE,6
5683-32866-0001_5105-28241-0016__T1__SCV3FIX__VOICE-5683_CONTENT-5105-5105-28241-0016,5683,5105,,-24.03,5,0.6,1.0,0.6,0.0005182475036826784,-0.02280688825530297,-24.503719835836826,1,1.5,1.5,0.5,HUBERT_BASE,6
908-157963-0016_2830-3980-0039__T2__SCV3FIX__VOICE-2830_CONTENT-908-908-157963-0016,2830,908,,-9.04,9,0.4444444444444444,0.5555555555555556,0.3333333333333333,-0.0064263305708722246,-0.12213343137614852,-3.8259630818061123,1,1.0,1.0,0.0,HUBERT_BASE,6
5142-33396-0021_61-70970-0027__T1__SCV3FIX__VOICE-5142_CONTENT-61-61-70970-0027,5142,61,,4.74,6,0.0,0.0,0.0,0.061520054001829326,0.003964013736222349,3.9150768076876523,0,0.0,0.0,-1.0,HUBERT_BASE,6
1995-1837-0004_3575-170457-0034__T2__SCV3FIX__VOICE-3575_CONTENT-1995-1995-1837-0004,3575,1995,,-12.35,5,0.6,1.0,0.6,-0.016252207972785038,-0.09653586773128608,-25.53271514952913,1,1.0,1.0,0.5,HUBERT_BASE,6
2300-131720-0015_3575-170457-0006__T2__SCV3FIX__VOICE-3575_CONTENT-2300-2300-131720-0015,3575,2300,,-17.08,15,1.0,1.0,1.0,-0.09932774248250681,-0.19288863510197252,-35.63617064456667,1,7.5,7.5,0.0,HUBERT_BASE,6
2094-142345-0032_672-122797-0046__T2__SCV3FIX__VOICE-672_CONTENT-2094-2094-142345-0032,672,2094,,-14.22,5,1.0,1.0,1.0,-0.04941553154992608,-0.14435388361203927,-16.233058783531067,1,2.5,2.5,0.0,HUBERT_BASE,6
1188-133604-0029_1284-1180-0013__T2__SCV3FIX__VOICE-1284_CONTENT-1188-1188-133604-0029,1284,1188,,-24.3,6,1.0,1.0,1.0,-0.16835622325652908,-0.23120483069599773,-41.33709015568616,1,3.0,3.0,0.0,HUBERT_BASE,6
8463-287645-0010_3575-170457-0039__T1__SCV3FIX__VOICE-8463_CONTENT-3575-3575-170457-0039,8463,3575,,5.97,7,0.0,0.0,0.0,0.09178658093418175,0.07634538259403345,37.78617276543893,0,0.0,0.0,-1.0,HUBERT_BASE,6
7176-92135-0043_1284-1181-0010__T1__SCV3FIX__VOICE-7176_CONTENT-1284-1284-1181-0010,7176,1284,,12.95,11,0.0,0.0,0.0,0.0850318972268278,0.04974692687885085,37.70907404105282,0,0.0,0.0,-1.0,HUBERT_BASE,6
7729-102255-0001_260-123286-0006__T2__SCV3FIX__VOICE-260_CONTENT-7729-7729-102255-0001,260,7729,,-2.11,5,0.6,0.6,0.6,-0.017197679193637128,-0.07012825228049502,0.2520072151281564,1,1.0,1.0,0.5,HUBERT_BASE,6
6930-75918-0016_4446-2271-0020__T2__SCV3FIX__VOICE-4446_CONTENT-6930-6930-75918-0016,4446,6930,,10.24,14,0.0,0.0,0.0,0.0744452070035461,0.033336940734854936,44.10818998915884,0,0.0,0.0,-1.0,HUBERT_BASE,6
5105-28241-0008_1284-1180-0004__T2__SCV3FIX__VOICE-1284_CONTENT-5105-5105-28241-0008,1284,5105,,-20.17,7,1.0,1.0,1.0,-0.0810293589358441,-0.13371759159938756,-27.51966825643865,1,3.5,3.5,0.0,HUBERT_BASE,6
1580-141083-0052_2961-960-0004__T1__SCV3FIX__VOICE-1580_CONTENT-2961-2961-960-0004,1580,2961,,-21.82,5,1.0,1.0,1.0,-0.07384101507276744,-0.11082143177338877,-36.629669520953236,1,2.5,2.5,0.0,HUBERT_BASE,6
7127-75947-0018_5142-36377-0002__T2__SCV3FIX__VOICE-5142_CONTENT-7127-7127-75947-0018,5142,7127,,-19.98,7,1.0,1.0,1.0,-0.08969781811558654,-0.11492109679411167,-31.556307439326954,1,3.5,3.5,0.0,HUBERT_BASE,6
7127-75946-0015_4446-2273-0035__T2__SCV3FIX__VOICE-4446_CONTENT-7127-7127-75946-0015,4446,7127,,-6.24,11,0.6363636363636364,0.9090909090909091,0.6363636363636364,-0.034192001549800066,-0.3095872936320152,-14.856429178283298,2,2.0,1.75,1.5,HUBERT_BASE,6
6829-68769-0032_8224-274384-0000__T1__SCV3FIX__VOICE-6829_CONTENT-8224-8224-274384-0000,6829,8224,,-24.23,10,0.9,1.0,0.9,-0.03646751170571253,-0.10538584411288643,-28.454189936344456,2,3.0,2.25,0.0,HUBERT_BASE,6
8455-210777-0000_5142-33396-0051__T1__SCV3FIX__VOICE-8455_CONTENT-5142-5142-33396-0051,8455,5142,,10.57,10,0.0,0.0,0.0,0.09526426862968437,0.021923064747085608,42.158110116390276,0,0.0,0.0,-1.0,HUBERT_BASE,6
1221-135766-0014_7127-75946-0004__T2__SCV3FIX__VOICE-7127_CONTENT-1221-1221-135766-0014,7127,1221,,13.17,7,0.0,0.0,0.0,0.09579678320541955,0.04820650598998388,36.616994795591594,0,0.0,0.0,-1.0,HUBERT_BASE,6
908-31957-0018_5683-32879-0022__T2__SCV3FIX__VOICE-5683_CONTENT-908-908-31957-0018,5683,908,,12.02,6,0.16666666666666666,0.0,0.0,0.045462158144817244,-0.023538112169618652,26.64507524682995,0,0.0,0.0,-1.0,HUBERT_BASE,6
1995-1837-0016_3575-170457-0038__T2__SCV3FIX__VOICE-3575_CONTENT-1995-1995-1837-0016,3575,1995,,9.34,13,0.0,0.0,0.0,0.0868979390807442,0.009835965835808258,25.638551162940875,0,0.0,0.0,-1.0,HUBERT_BASE,6
8463-294828-0031_908-157963-0023__T1__SCV3FIX__VOICE-8463_CONTENT-908-908-157963-0023,8463,908,,-17.98,14,1.0,1.0,1.0,-0.10564482006018958,-0.1882684883643596,-38.92263078839328,1,7.0,7.0,0.0,HUBERT_BASE,6
5683-32866-0020_8463-294828-0032__T2__SCV3FIX__VOICE-8463_CONTENT-5683-5683-32866-0020,8463,5683,,-25.63,6,1.0,1.0,1.0,-0.05314563720941575,-0.09011984083245483,-32.352400347924416,1,3.0,3.0,0.0,HUBERT_BASE,6
8555-284449-0019_4992-41797-0000__T1__SCV3FIX__VOICE-8555_CONTENT-4992-4992-41797-0000,8555,4992,,-10.17,9,0.5555555555555556,0.7777777777777778,0.5555555555555556,-0.023196233224230787,-0.10513746528158907,-15.939234504052584,1,2.5,2.5,2.0,HUBERT_BASE,6
2300-131720-0036_2094-142345-0039__T2__SCV3FIX__VOICE-2094_CONTENT-2300-2300-131720-0036,2094,2300,,3.99,11,0.18181818181818182,0.18181818181818182,0.18181818181818182,0.07689883049612141,-0.08273542601197514,4.706227037339696,1,1.0,1.0,4.5,HUBERT_BASE,6
1188-133604-0022_1320-122617-0034__T1__SCV3FIX__VOICE-1188_CONTENT-1320-1320-122617-0034,1188,1320,,11.96,17,0.17647058823529413,0.0,0.0,0.037113993809665305,-0.07475887919366853,19.878231069211523,0,0.0,0.0,-1.0,HUBERT_BASE,6
4446-2273-0019_8555-284447-0022__T1__SCV3FIX__VOICE-4446_CONTENT-8555-8555-284447-0022,4446,8555,,-10.37,5,0.6,0.8,0.6,-0.03421154102812281,-0.14699775441768315,-7.050626696079801,1,1.5,1.5,0.0,HUBERT_BASE,6
8555-284447-0017_1284-1180-0005__T1__SCV3FIX__VOICE-8555_CONTENT-1284-1284-1180-0005,8555,1284,,5.54,12,0.08333333333333333,0.16666666666666666,0.0,0.0618001921937193,-0.012868936907637019,23.360573733729023,0,0.0,0.0,-1.0,HUBERT_BASE,6
1284-1181-0004_7176-92135-0016__T1__SCV3FIX__VOICE-1284_CONTENT-7176-7176-92135-0016,1284,7176,,-23.96,13,1.0,1.0,1.0,-0.08480669288929762,-0.14911779545176507,-31.69585755733872,1,6.5,6.5,0.0,HUBERT_BASE,6
6930-76324-0025_2094-142345-0034__T1__SCV3FIX__VOICE-6930_CONTENT-2094-2094-142345-0034,6930,2094,,13.06,7,0.0,0.0,0.0,0.08005924883946913,0.03825676364679098,28.832768327328882,0,0.0,0.0,-1.0,HUBERT_BASE,6
260-123288-0007_6930-75918-0010__T2__SCV3FIX__VOICE-6930_CONTENT-260-260-123288-0007,6930,260,,7.43,5,0.0,0.0,0.0,0.07912445951414751,0.033586869390615504,27.2285287733525,0,0.0,0.0,-1.0,HUBERT_BASE,6
8463-294828-0029_2961-961-0017__T1__SCV3FIX__VOICE-8463_CONTENT-2961-2961-961-0017,8463,2961,,-5.72,9,0.5555555555555556,0.8888888888888888,0.5555555555555556,-0.010301243421056514,-0.09642475499677383,-9.015572420618945,2,1.0,1.0,1.5,HUBERT_BASE,6
6930-76324-0013_5142-33396-0031__T1__SCV3FIX__VOICE-6930_CONTENT-5142-5142-33396-0031,6930,5142,,11.92,7,0.0,0.0,0.0,0.10175920719710925,0.05658990368851924,33.020703112454434,0,0.0,0.0,-1.0,HUBERT_BASE,6
8455-210777-0018_1995-1836-0001__T2__SCV3FIX__VOICE-1995_CONTENT-8455-8455-210777-0018,1995,8455,,-13.0,9,0.6666666666666666,0.7777777777777778,0.6666666666666666,-0.05222667842964032,-0.11599529631369132,-19.054686215505594,2,1.5,1.5,0.0,HUBERT_BASE,6
1284-1180-0020_8555-284447-0005__T2__SCV3FIX__VOICE-8555_CONTENT-1284-1284-1180-0020,8555,1284,,5.24,10,0.1,0.0,0.0,0.04134786251804974,-0.027534781353479754,26.090942991268115,0,0.0,0.0,-1.0,HUBERT_BASE,6
908-31957-0005_5105-28233-0004__T2__SCV3FIX__VOICE-5105_CONTENT-908-908-31957-0005,5105,908,,-19.1,7,1.0,1.0,1.0,-0.12389810650044515,-0.20475477791133379,-38.91071816294835,1,3.5,3.5,0.0,HUBERT_BASE,6
61-70970-0011_4077-13751-0002__T1__SCV3FIX__VOICE-61_CONTENT-4077-4077-13751-0002,61,4077,,5.58,11,0.18181818181818182,0.0,0.0,0.05247384826398509,-0.021291852840631842,14.559320889880286,0,0.0,0.0,-1.0,HUBERT_BASE,6
5683-32866-0006_8463-294828-0027__T1__SCV3FIX__VOICE-5683_CONTENT-8463-8463-294828-0027,5683,8463,,12.42,7,0.0,0.0,0.0,0.07361843859213882,0.03156882004355366,47.27834098367441,0,0.0,0.0,-1.0,HUBERT_BASE,6
8555-284449-0018_8455-210777-0057__T1__SCV3FIX__VOICE-8555_CONTENT-8455-8455-210777-0057,8555,8455,,-23.0,13,1.0,1.0,1.0,-0.12040264205763086,-0.16146708174274693,-46.228317909230995,1,6.5,6.5,0.0,HUBERT_BASE,6
1284-1180-0002_7021-79759-0003__T1__SCV3FIX__VOICE-1284_CONTENT-7021-7021-79759-0003,1284,7021,,-18.61,8,1.0,1.0,1.0,-0.0814639895377251,-0.1338583328682077,-28.074760639647213,1,4.0,4.0,0.0,HUBERT_BASE,6
1580-141084-0018_1995-1826-0022__T2__SCV3FIX__VOICE-1995_CONTENT-1580-1580-141084-0018,1995,1580,,11.17,5,0.2,0.0,0.0,0.09338840152889516,-0.034288167267727876,41.796472648384736,0,0.0,0.0,-1.0,HUBERT_BASE,6
8555-284449-0006_1580-141083-0009__T1__SCV3FIX__VOICE-8555_CONTENT-1580-1580-141083-0009,8555,1580,,-8.73,6,0.8333333333333334,0.5,0.5,-0.05480704505046367,-0.13959604222532163,-3.8253200224020323,1,2.5,2.5,0.5,HUBERT_BASE,6
7127-75946-0016_5639-40744-0002__T1__SCV3FIX__VOICE-7127_CONTENT-5639-5639-40744-0002,7127,5639,,12.16,16,0.0625,0.0,0.0,0.08951581852761524,-0.03958726086044195,26.046253664056678,0,0.0,0.0,-1.0,HUBERT_BASE,6
7021-85628-0022_61-70968-0001__T1__SCV3FIX__VOICE-7021_CONTENT-61-61-70968-0001,7021,61,,6.96,6,0.0,0.0,0.0,0.09561098808945208,0.05990915468960811,32.61370116502865,0,0.0,0.0,-1.0,HUBERT_BASE,6
8555-284447-0010_7729-102255-0005__T2__SCV3FIX__VOICE-7729_CONTENT-8555-8555-284447-0010,7729,8555,,11.93,9,0.0,0.0,0.0,0.14635040120992546,0.07240361262017447,43.199489260749466,0,0.0,0.0,-1.0,HUBERT_BASE,6
1580-141083-0027_4077-13751-0000__T1__SCV3FIX__VOICE-1580_CONTENT-4077-4077-13751-0000,1580,4077,,-23.48,9,1.0,1.0,1.0,-0.055999570843571794,-0.10170227085795291,-34.00033737442188,1,4.5,4.5,0.0,HUBERT_BASE,6
1188-133604-0017_6930-81414-0007__T1__SCV3FIX__VOICE-1188_CONTENT-6930-6930-81414-0007,1188,6930,,10.72,7,0.0,0.0,0.0,0.1372160558971641,0.10643589918148155,47.030193643600356,0,0.0,0.0,-1.0,HUBERT_BASE,6
1995-1837-0012_8463-287645-0009__T1__SCV3FIX__VOICE-1995_CONTENT-8463-8463-287645-0009,1995,8463,,-25.2,6,1.0,1.0,1.0,-0.10510592617239677,-0.16559797027099077,-33.56460581585726,1,3.0,3.0,0.0,HUBERT_BASE,6
3575-170457-0045_6829-68769-0040__T2__SCV3FIX__VOICE-6829_CONTENT-3575-3575-170457-0045,6829,3575,,11.79,8,0.0,0.0,0.0,0.08553890058831538,0.03444743470694955,36.88751578162433,0,0.0,0.0,-1.0,HUBERT_BASE,6
8463-294825-0005_1580-141083-0031__T2__SCV3FIX__VOICE-1580_CONTENT-8463-8463-294825-0005,1580,8463,,-11.19,11,1.0,1.0,1.0,-0.06770526046283139,-0.10770350219741653,-35.30623961365642,1,5.5,5.5,0.0,HUBERT_BASE,6
1089-134691-0006_4446-2275-0012__T2__SCV3FIX__VOICE-4446_CONTENT-1089-1089-134691-0006,4446,1089,,-19.21,10,1.0,1.0,1.0,-0.11567961379921177,-0.19352173071935752,-35.19202668726596,1,5.0,5.0,0.0,HUBERT_BASE,6
4970-29095-0032_1580-141084-0026__T2__SCV3FIX__VOICE-1580_CONTENT-4970-4970-29095-0032,1580,4970,,-17.14,12,0.5833333333333334,0.9166666666666666,0.5833333333333334,-0.012296647265289645,-0.06609481834871045,-23.83478109286139,1,2.5,2.5,3.5,HUBERT_BASE,6
7127-75947-0023_4077-13754-0007__T2__SCV3FIX__VOICE-4077_CONTENT-7127-7127-75947-0023,4077,7127,,-7.72,9,0.7777777777777778,0.7777777777777778,0.6666666666666666,-0.03787957302538266,-0.1752433145760358,-11.428970780689275,1,3.5,3.5,1.0,HUBERT_BASE,6
3575-170457-0052_260-123288-0016__T2__SCV3FIX__VOICE-260_CONTENT-3575-3575-170457-0052,260,3575,,8.42,5,0.0,0.0,0.0,0.09155677579898039,0.0597806680071018,47.496345547101484,0,0.0,0.0,-1.0,HUBERT_BASE,6
1580-141083-0039_3729-6852-0041__T2__SCV3FIX__VOICE-3729_CONTENT-1580-1580-141083-0039,3729,1580,,14.49,6,0.0,0.0,0.0,0.13951808126200071,0.0696507669339318,36.57500760551384,0,0.0,0.0,-1.0,HUBERT_BASE,6
6829-68769-0002_3729-6852-0016__T2__SCV3FIX__VOICE-3729_CONTENT-6829-6829-68769-0002,3729,6829,,-21.63,5,1.0,1.0,1.0,-0.043400573441818226,-0.05757665519001964,-30.95742866108945,1,2.5,2.5,0.0,HUBERT_BASE,6
5105-28240-0003_672-122797-0019__T2__SCV3FIX__VOICE-672_CONTENT-5105-5105-28240-0003,672,5105,,-12.98,7,1.0,1.0,1.0,-0.1110142985174098,-0.18006628391622193,-23.18598138780586,1,3.5,3.5,0.0,HUBERT_BASE,6
8463-294828-0031_7729-102255-0021__T1__SCV3FIX__VOICE-8463_CONTENT-7729-7729-102255-0021,8463,7729,,-22.91,14,1.0,1.0,1.0,-0.06009366540883877,-0.11896522742376114,-30.078314707601656,1,7.0,7.0,0.0,HUBERT_BASE,6
7127-75946-0025_7021-85628-0002__T1__SCV3FIX__VOICE-7127_CONTENT-7021-7021-85628-0002,7127,7021,,6.88,6,0.3333333333333333,0.0,0.0,0.06935479161917218,-0.05612611658377642,17.63237363508991,1,1.0,1.0,1.0,HUBERT_BASE,6
4992-23283-0002_2830-3980-0061__T1__SCV3FIX__VOICE-4992_CONTENT-2830-2830-3980-0061,4992,2830,,-20.74,5,0.8,1.0,0.8,-0.08020064074914213,-0.15662700558136133,-25.16517081213833,1,2.0,2.0,0.0,HUBERT_BASE,6
1995-1826-0013_8555-284449-0018__T2__SCV3FIX__VOICE-8555_CONTENT-1995-1995-1826-0013,8555,1995,,-24.23,13,1.0,1.0,1.0,-0.09067186869487338,-0.14992737318345084,-47.38286033541037,1,6.5,6.5,0.0,HUBERT_BASE,6
672-122797-0018_61-70970-0019__T2__SCV3FIX__VOICE-61_CONTENT-672-672-122797-0018,61,672,,8.82,6,0.0,0.0,0.0,0.1514221049919159,0.10149252557704247,29.154881269080587,0,0.0,0.0,-1.0,HUBERT_BASE,6
2961-961-0020_5142-33396-0003__T2__SCV3FIX__VOICE-5142_CONTENT-2961-2961-961-0020,5142,2961,,-2.21,5,0.6,0.4,0.4,-0.03955099467540295,-0.18352140121751082,4.0860738432654555,1,1.5,1.5,1.0,HUBERT_BASE,6
6829-68769-0032_1995-1826-0005__T1__SCV3FIX__VOICE-6829_CONTENT-1995-1995-1826-0005,6829,1995,,-13.25,9,1.0,1.0,1.0,-0.06918579785621276,-0.19719245959677534,-30.01645872444196,1,4.5,4.5,0.0,HUBERT_BASE,6
61-70970-0036_2961-960-0001__T1__SCV3FIX__VOICE-61_CONTENT-2961-2961-960-0001,61,2961,,15.31,12,0.0,0.0,0.0,0.09875341156331323,0.0226410040285554,33.571370593213395,0,0.0,0.0,-1.0,HUBERT_BASE,6
2961-960-0016_4992-41806-0004__T2__SCV3FIX__VOICE-4992_CONTENT-2961-2961-960-0016,4992,2961,,5.79,6,0.6666666666666666,0.16666666666666666,0.16666666666666666,-0.016200411039806833,-0.12333893529262063,13.237226405601016,1,1.5,1.5,0.5,HUBERT_BASE,6
61-70968-0046_3570-5694-0004__T2__SCV3FIX__VOICE-3570_CONTENT-61-61-70968-0046,3570,61,,-26.01,6,0.8333333333333334,1.0,0.8333333333333334,-0.05257567336840132,-0.12442701806370493,-31.52217517593657,1,2.5,2.5,0.0,HUBERT_BASE,6
6829-68771-0013_6930-76324-0005__T1__SCV3FIX__VOICE-6829_CONTENT-6930-6930-76324-0005,6829,6930,,-22.51,9,0.8888888888888888,1.0,0.8888888888888888,-0.057644621891141085,-0.13031983114909662,-29.833749326169666,1,4.0,4.0,0.5,HUBERT_BASE,6
237-126133-0018_2830-3980-0018__T2__SCV3FIX__VOICE-2830_CONTENT-237-237-126133-0018,2830,237,,6.26,5,0.0,0.0,0.0,0.1000928420289046,0.04894977710099102,34.28476543253152,0,0.0,0.0,-1.0,HUBERT_BASE,6
1284-1181-0011_6829-68769-0031__T1__SCV3FIX__VOICE-1284_CONTENT-6829-6829-68769-0031,1284,6829,,-16.06,10,0.8,1.0,0.8,-0.04252640135507454,-0.12467860792617658,-19.522518455552152,2,2.5,1.75,1.0,HUBERT_BASE,6
1320-122617-0023_6930-81414-0002__T2__SCV3FIX__VOICE-6930_CONTENT-1320-1320-122617-0023,6930,1320,,13.97,5,0.0,0.0,0.0,0.15009149964673785,0.0879681066056659,39.038026813903926,0,0.0,0.0,-1.0,HUBERT_BASE,6
3570-5694-0018_1188-133604-0041__T2__SCV3FIX__VOICE-1188_CONTENT-3570-3570-5694-0018,1188,3570,,12.37,14,0.0,0.0,0.0,0.15958710144705365,0.039884089625902175,46.93617034843279,0,0.0,0.0,-1.0,HUBERT_BASE,6
2300-131720-0036_7176-92135-0006__T1__SCV3FIX__VOICE-2300_CONTENT-7176-7176-92135-0006,2300,7176,,7.29,13,0.15384615384615385,0.0,0.0,0.06819232368723872,-0.06852495941709269,29.192573247766237,1,1.0,1.0,3.5,HUBERT_BASE,6
7021-79740-0007_260-123286-0029__T2__SCV3FIX__VOICE-260_CONTENT-7021-7021-79740-0007,260,7021,,-4.95,8,0.125,0.5,0.125,0.0476175314167018,-0.13515821010094164,0.5671453723498925,0,0.0,0.0,-1.0,HUBERT_BASE,6
7021-85628-0009_4992-41797-0016__T2__SCV3FIX__VOICE-4992_CONTENT-7021-7021-85628-0009,4992,7021,,4.87,5,0.0,0.0,0.0,0.13754460164602572,0.12601811262980944,34.685660033255786,0,0.0,0.0,-1.0,HUBERT_BASE,6
8455-210777-0002_8230-279154-0015__T1__SCV3FIX__VOICE-8455_CONTENT-8230-8230-279154-0015,8455,8230,,-11.68,11,0.6363636363636364,1.0,0.6363636363636364,-0.03899143709864279,-0.2404120507867632,-19.991087467334275,2,2.0,1.5,2.0,HUBERT_BASE,6
3570-5695-0003_3575-170457-0032__T1__SCV3FIX__VOICE-3570_CONTENT-3575-3575-170457-0032,3570,3575,,-22.07,5,1.0,1.0,1.0,-0.0805984044865949,-0.1290259412367356,-34.65657443831164,1,2.5,2.5,0.0,HUBERT_BASE,6
4970-29093-0015_2961-961-0016__T2__SCV3FIX__VOICE-2961_CONTENT-4970-4970-29093-0015,2961,4970,,7.54,5,0.0,0.0,0.0,0.07910289082600083,0.013608634199720693,40.53204227018694,0,0.0,0.0,-1.0,HUBERT_BASE,6
6930-81414-0021_1320-122617-0003__T1__SCV3FIX__VOICE-6930_CONTENT-1320-1320-122617-0003,6930,1320,,-17.08,5,1.0,1.0,1.0,-0.1195816659418724,-0.14747757383308424,-42.97625772004479,1,2.5,2.5,0.0,HUBERT_BASE,6
121-127105-0029_8455-210777-0048__T2__SCV3FIX__VOICE-8455_CONTENT-121-121-127105-0029,8455,121,,15.08,5,0.0,0.0,0.0,0.11619156938637679,0.032058299857456674,43.48870866344429,0,0.0,0.0,-1.0,HUBERT_BASE,6
6930-75918-0004_8224-274384-0006__T1__SCV3FIX__VOICE-6930_CONTENT-8224-8224-274384-0006,6930,8224,,-18.02,12,1.0,1.0,1.0,-0.05765626057131762,-0.12839191431923602,-30.593717900396683,1,6.0,6.0,0.0,HUBERT_BASE,6
908-157963-0014_8555-284449-0020__T1__SCV3FIX__VOICE-908_CONTENT-8555-8555-284449-0020,908,8555,,9.25,8,0.0,0.0,0.0,0.11389464414576228,0.08161908711387322,37.77089035774977,0,0.0,0.0,-1.0,HUBERT_BASE,6
2961-961-0013_4077-13751-0007__T2__SCV3FIX__VOICE-4077_CONTENT-2961-2961-961-0013,4077,2961,,7.28,9,0.0,0.0,0.0,0.06357870954001717,0.009484947103400643,21.119244402256975,0,0.0,0.0,-1.0,HUBERT_BASE,6
672-122797-0036_7176-92135-0020__T2__SCV3FIX__VOICE-7176_CONTENT-672-672-122797-0036,7176,672,,8.66,9,0.1111111111111111,0.0,0.0,0.07718415029215286,-0.0026469284616064126,31.651187365659748,0,0.0,0.0,-1.0,HUBERT_BASE,6
4446-2275-0022_1995-1826-0018__T1__SCV3FIX__VOICE-4446_CONTENT-1995-1995-1826-0018,4446,1995,,-13.86,5,1.0,1.0,1.0,-0.06875310453891385,-0.10175193365583335,-22.690873490831816,1,2.5,2.5,0.0,HUBERT_BASE,6
1089-134686-0033_1320-122612-0001__T2__SCV3FIX__VOICE-1320_CONTENT-1089-1089-134686-0033,1320,1089,,-2.92,5,0.0,0.4,0.0,0.06453906651726496,0.014982998071464304,1.6932715999484222,0,0.0,0.0,-1.0,HUBERT_BASE,6
121-127105-0000_5142-33396-0044__T1__SCV3FIX__VOICE-121_CONTENT-5142-5142-33396-0044,121,5142,,-14.98,8,0.875,1.0,0.875,-0.07555371878798879,-0.28437598498798367,-23.14822546440791,1,3.5,3.5,0.0,HUBERT_BASE,6
5105-28240-0005_7127-75946-0011__T2__SCV3FIX__VOICE-7127_CONTENT-5105-5105-28240-0005,7127,5105,,6.33,5,0.6,0.0,0.0,-0.018037893932328974,-0.08416414300288999,6.431297640217318,1,1.0,1.0,1.0,HUBERT_BASE,6
1089-134686-0028_6829-68771-0025__T1__SCV3FIX__VOICE-1089_CONTENT-6829-6829-68771-0025,1089,6829,,11.62,14,0.0,0.0,0.0,0.11098126220287423,0.047456268029749116,38.23120135757885,0,0.0,0.0,-1.0,HUBERT_BASE,6
3575-170457-0007_121-121726-0011__T1__SCV3FIX__VOICE-3575_CONTENT-121-121-121726-0011,3575,121,,-1.09,7,0.14285714285714285,0.42857142857142855,0.14285714285714285,0.05347061251777653,-0.019803523621263475,2.393349092054185,0,0.0,0.0,-1.0,HUBERT_BASE,6
237-134500-0028_2830-3980-0023__T2__SCV3FIX__VOICE-2830_CONTENT-237-237-134500-0028,2830,237,,9.86,8,0.0,0.0,0.0,0.11016204926356991,0.05602001860175354,39.58953583129588,0,0.0,0.0,-1.0,HUBERT_BASE,6
7729-102255-0037_237-126133-0024__T1__SCV3FIX__VOICE-7729_CONTENT-237-237-126133-0024,7729,237,,14.25,18,0.0,0.0,0.0,0.08775157636224065,0.040768508187375874,37.926112247772394,0,0.0,0.0,-1.0,HUBERT_BASE,6
6829-68769-0007_5142-33396-0031__T2__SCV3FIX__VOICE-5142_CONTENT-6829-6829-68769-0007,5142,6829,,-20.78,6,1.0,1.0,1.0,-0.08773249187728498,-0.1256850332044228,-40.816540881281405,1,3.0,3.0,0.0,HUBERT_BASE,6
5683-32879-0010_7127-75947-0032__T2__SCV3FIX__VOICE-7127_CONTENT-5683-5683-32879-0010,7127,5683,,17.63,7,0.0,0.0,0.0,0.10625970720329789,0.007249653194392858,46.528296498764504,0,0.0,0.0,-1.0,HUBERT_BASE,6
2300-131720-0036_7176-92135-0006__T2__SCV3FIX__VOICE-7176_CONTENT-2300-2300-131720-0036,7176,2300,,-13.98,13,0.8461538461538461,1.0,0.8461538461538461,-0.06534075787348996,-0.14204860296159993,-28.574558110764038,2,3.5,2.75,0.0,HUBERT_BASE,6
1188-133604-0012_5105-28241-0016__T1__SCV3FIX__VOICE-1188_CONTENT-5105-5105-28241-0016,1188,5105,,12.81,11,0.0,0.0,0.0,0.11259757542197969,0.03916900844856308,35.933731116913755,0,0.0,0.0,-1.0,HUBERT_BASE,6
7176-88083-0000_1089-134686-0009__T2__SCV3FIX__VOICE-1089_CONTENT-7176-7176-88083-0000,1089,7176,,7.9,10,0.0,0.0,0.0,0.05317386862507674,0.009913928208192702,20.68569246946218,0,0.0,0.0,-1.0,HUBERT_BASE,6
2830-3980-0062_6829-68769-0034__T1__SCV3FIX__VOICE-2830_CONTENT-6829-6829-68769-0034,2830,6829,,9.02,9,0.2222222222222222,0.0,0.0,0.05873251947271571,-0.05996888258406552,31.092023286848573,0,0.0,0.0,-1.0,HUBERT_BASE,6
121-127105-0002_2961-960-0015__T1__SCV3FIX__VOICE-121_CONTENT-2961-2961-960-0015,121,2961,,-27.1,13,1.0,1.0,1.0,-0.09442548378697017,-0.21144575794781284,-36.70083451680347,1,6.5,6.5,0.0,HUBERT_BASE,6
61-70970-0013_7127-75947-0021__T2__SCV3FIX__VOICE-7127_CONTENT-61-61-70970-0013,7127,61,,13.11,6,0.0,0.0,0.0,0.10236664158479764,0.015242750243223302,22.35871898483482,0,0.0,0.0,-1.0,HUBERT_BASE,6
5639-40744-0020_3570-5694-0009__T1__SCV3FIX__VOICE-5639_CONTENT-3570-3570-5694-0009,5639,3570,,12.53,18,0.05555555555555555,0.0,0.0,0.09472817875456276,-0.0059613639515838646,31.240743729080137,0,0.0,0.0,-1.0,HUBERT_BASE,6
121-127105-0012_61-70968-0028__T2__SCV3FIX__VOICE-61_CONTENT-121-121-127105-0012,61,121,,9.97,8,0.0,0.0,0.0,0.09439846313793647,0.02783906404130221,30.306250493344592,0,0.0,0.0,-1.0,HUBERT_BASE,6
4446-2273-0001_1089-134691-0018__T2__SCV3FIX__VOICE-1089_CONTENT-4446-4446-2273-0001,1089,4446,,17.27,5,0.0,0.0,0.0,0.10698728342381995,0.05247240855949664,35.63163902065568,0,0.0,0.0,-1.0,HUBERT_BASE,6
7729-102255-0025_2830-3980-0029__T2__SCV3FIX__VOICE-2830_CONTENT-7729-7729-102255-0025,2830,7729,,2.15,9,0.1111111111111111,0.0,0.0,0.09967489845940933,-0.06892562956823267,25.367269993267833,0,0.0,0.0,-1.0,HUBERT_BASE,6
2830-3980-0028_6829-68771-0000__T2__SCV3FIX__VOICE-6829_CONTENT-2830-2830-3980-0028,6829,2830,,-26.62,6,1.0,1.0,1.0,-0.10237585960952857,-0.13664358581006653,-38.015357522370756,1,3.0,3.0,0.0,HUBERT_BASE,6
2300-131720-0015_2830-3980-0023__T2__SCV3FIX__VOICE-2830_CONTENT-2300-2300-131720-0015,2830,2300,,2.38,11,0.2727272727272727,0.18181818181818182,0.09090909090909091,0.019965003500167652,-0.10140734393044726,4.543401275345946,1,1.0,1.0,1.0,HUBERT_BASE,6
1221-135767-0008_5683-32865-0011__T2__SCV3FIX__VOICE-5683_CONTENT-1221-1221-135767-0008,5683,1221,,-8.74,5,0.8,0.6,0.6,-0.04130629454237626,-0.15128552833802178,-3.517813462683823,1,2.0,2.0,0.5,HUBERT_BASE,6
6930-76324-0026_8455-210777-0062__T2__SCV3FIX__VOICE-8455_CONTENT-6930-6930-76324-0026,8455,6930,,7.46,5,0.0,0.0,0.0,0.08298238762116754,0.053278027297440356,35.784114159201295,0,0.0,0.0,-1.0,HUBERT_BASE,6
2961-961-0016_237-134500-0012__T1__SCV3FIX__VOICE-2961_CONTENT-237-237-134500-0012,2961,237,,8.61,14,0.21428571428571427,0.07142857142857142,0.07142857142857142,0.061510204282039294,-0.11500024565531741,25.356546052295762,1,1.5,1.5,1.5,HUBERT_BASE,6
8463-287645-0014_1320-122617-0041__T2__SCV3FIX__VOICE-1320_CONTENT-8463-8463-287645-0014,1320,8463,,13.34,5,0.0,0.0,0.0,0.15917354633028724,0.11405306690295114,41.24929729606423,0,0.0,0.0,-1.0,HUBERT_BASE,6
7729-102255-0014_4446-2271-0011__T2__SCV3FIX__VOICE-4446_CONTENT-7729-7729-102255-0014,4446,7729,,14.49,6,0.16666666666666666,0.0,0.0,0.09125879669349575,-0.008213400676491345,27.688931088437418,0,0.0,0.0,-1.0,HUBERT_BASE,6
260-123440-0014_4970-29095-0030__T2__SCV3FIX__VOICE-4970_CONTENT-260-260-123440-0014,4970,260,,-27.58,6,1.0,1.0,1.0,-0.09356815434101705,-0.13368969888336546,-34.56839926896526,1,3.0,3.0,0.0,HUBERT_BASE,6
5683-32879-0007_8455-210777-0025__T1__SCV3FIX__VOICE-5683_CONTENT-8455-8455-210777-0025,5683,8455,,-22.0,6,1.0,1.0,1.0,-0.08791621349178765,-0.16607110177379547,-39.100354453781144,1,3.0,3.0,0.0,HUBERT_BASE,6
1284-1180-0021_8455-210777-0062__T1__SCV3FIX__VOICE-1284_CONTENT-8455-8455-210777-0062,1284,8455,,-15.31,5,1.0,1.0,1.0,-0.07553359635144241,-0.11098653442847806,-28.92523193847495,1,2.5,2.5,0.0,HUBERT_BASE,6
4970-29095-0007_1580-141083-0045__T1__SCV3FIX__VOICE-4970_CONTENT-1580-1580-141083-0045,4970,1580,,10.83,6,0.16666666666666666,0.0,0.0,0.06475795424411596,-0.005458890631825808,28.024962425917256,0,0.0,0.0,-1.0,HUBERT_BASE,6
672-122797-0052_4507-16021-0018__T1__SCV3FIX__VOICE-672_CONTENT-4507-4507-16021-0018,672,4507,,1.22,5,0.6,0.4,0.4,0.003157232803555665,-0.024717752805318405,-3.2596487394466998,1,1.0,1.0,1.0,HUBERT_BASE,6
4970-29093-0019_5683-32865-0015__T2__SCV3FIX__VOICE-5683_CONTENT-4970-4970-29093-0019,5683,4970,,7.8,6,0.0,0.0,0.0,0.1267228335198418,0.0588899243020905,34.71488779331293,0,0.0,0.0,-1.0,HUBERT_BASE,6
4970-29095-0035_2300-131720-0036__T2__SCV3FIX__VOICE-2300_CONTENT-4970-4970-29095-0035,2300,4970,,15.81,8,0.0,0.0,0.0,0.09377528902911822,0.03858798665118346,43.92790875104633,0,0.0,0.0,-1.0,HUBERT_BASE,6
908-157963-0022_61-70970-0007__T1__SCV3FIX__VOICE-908_CONTENT-61-61-70970-0007,908,61,,2.91,7,0.14285714285714285,0.0,0.0,0.07106827539016618,-0.013098413526013486,13.895129024596711,0,0.0,0.0,-1.0,HUBERT_BASE,6
4507-16021-0059_7176-88083-0005__T2__SCV3FIX__VOICE-7176_CONTENT-4507-4507-16021-0059,7176,4507,,15.22,7,0.0,0.0,0.0,0.13448986490909687,0.04060183879990842,48.05435436269242,0,0.0,0.0,-1.0,HUBERT_BASE,6
1580-141083-0052_1320-122617-0022__T1__SCV3FIX__VOICE-1580_CONTENT-1320-1320-122617-0022,1580,1320,,-14.67,5,1.0,1.0,1.0,-0.12341093569366576,-0.17582727990341784,-34.769020092152516,1,2.5,2.5,0.0,HUBERT_BASE,6
7729-102255-0001_1089-134691-0010__T1__SCV3FIX__VOICE-7729_CONTENT-1089-1089-134691-0010,7729,1089,,-19.06,5,1.0,1.0,1.0,-0.06543106866796145,-0.08929568350537664,-30.67439048258069,1,2.5,2.5,0.0,HUBERT_BASE,6
6930-81414-0004_908-31957-0019__T1__SCV3FIX__VOICE-6930_CONTENT-908-908-31957-0019,6930,908,,-18.91,17,1.0,1.0,1.0,-0.11731154175413938,-0.18033235660548574,-33.15940009307362,1,8.5,8.5,0.0,HUBERT_BASE,6
4507-16021-0008_237-134500-0041__T2__SCV3FIX__VOICE-237_CONTENT-4507-4507-16021-0008,237,4507,,-11.56,6,1.0,0.8333333333333334,0.8333333333333334,-0.07223239500096074,-0.11692697272853803,-25.47425055843321,1,3.0,3.0,0.0,HUBERT_BASE,6
8463-294825-0016_1320-122617-0026__T1__SCV3FIX__VOICE-8463_CONTENT-1320-1320-122617-0026,8463,1320,,-21.51,7,1.0,1.0,1.0,-0.08335067845399544,-0.17607678729724896,-38.5522741125106,1,3.5,3.5,0.0,HUBERT_BASE,6
8230-279154-0030_6829-68769-0018__T1__SCV3FIX__VOICE-8230_CONTENT-6829-6829-68769-0018,8230,6829,,11.13,13,0.0,0.0,0.0,0.08029660982038547,0.012448907391533037,36.37076427331805,0,0.0,0.0,-1.0,HUBERT_BASE,6
4446-2275-0034_672-122797-0005__T1__SCV3FIX__VOICE-4446_CONTENT-672-672-122797-0005,4446,672,,-27.17,5,1.0,1.0,1.0,-0.0789094129761511,-0.14953446980470586,-29.006284886366142,1,2.5,2.5,0.0,HUBERT_BASE,6
1995-1826-0025_2830-3980-0047__T1__SCV3FIX__VOICE-1995_CONTENT-2830-2830-3980-0047,1995,2830,,-14.56,5,1.0,1.0,1.0,-0.15843319755383217,-0.2670773204004252,-31.836782729062385,1,2.5,2.5,0.0,HUBERT_BASE,6
8455-210777-0025_6930-75918-0009__T2__SCV3FIX__VOICE-6930_CONTENT-8455-8455-210777-0025,6930,8455,,14.97,6,0.0,0.0,0.0,0.06562649599277337,0.02059614176857405,28.25506140407421,0,0.0,0.0,-1.0,HUBERT_BASE,6
5639-40744-0020_7021-79740-0001__T1__SCV3FIX__VOICE-5639_CONTENT-7021-7021-79740-0001,5639,7021,,-9.47,10,0.8,0.6,0.5,-0.045993256335511636,-0.1370020529328031,-12.393898256279702,1,3.0,3.0,0.0,HUBERT_BASE,6
1995-1836-0009_7729-102255-0020__T1__SCV3FIX__VOICE-1995_CONTENT-7729-7729-102255-0020,1995,7729,,-23.69,12,1.0,1.0,1.0,-0.0919543654740844,-0.15203181505159846,-30.457544550276783,1,6.0,6.0,0.0,HUBERT_BASE,6
61-70968-0003_5105-28240-0000__T1__SCV3FIX__VOICE-61_CONTENT-5105-5105-28240-0000,61,5105,,8.45,7,0.0,0.0,0.0,0.08059722435454228,0.060563268675900006,22.190096099229127,0,0.0,0.0,-1.0,HUBERT_BASE,6
5683-32865-0013_3570-5694-0001__T2__SCV3FIX__VOICE-3570_CONTENT-5683-5683-32865-0013,3570,5683,,-0.26,9,0.1111111111111111,0.4444444444444444,0.1111111111111111,0.07327391188522074,-0.07834041428886263,12.874867994856453,0,0.0,0.0,-1.0,HUBERT_BASE,6
5142-36586-0004_8230-279154-0040__T2__SCV3FIX__VOICE-8230_CONTENT-5142-5142-36586-0004,8230,5142,,9.5,6,0.0,0.0,0.0,0.07461832615083858,0.03292530905469715,49.222897861861156,0,0.0,0.0,-1.0,HUBERT_BASE,6
5142-36586-0003_5683-32879-0017__T2__SCV3FIX__VOICE-5683_CONTENT-5142-5142-36586-0003,5683,5142,,6.05,9,0.1111111111111111,0.0,0.0,0.06900870616919676,-0.023901700495476685,26.873452298485535,0,0.0,0.0,-1.0,HUBERT_BASE,6
260-123440-0010_237-126133-0018__T1__SCV3FIX__VOICE-260_CONTENT-237-237-126133-0018,260,237,,14.66,7,0.0,0.0,0.0,0.0995748331789149,0.04918110078045412,28.952705045874804,0,0.0,0.0,-1.0,HUBERT_BASE,6
7021-85628-0016_3729-6852-0039__T1__SCV3FIX__VOICE-7021_CONTENT-3729-3729-6852-0039,7021,3729,,14.19,7,0.0,0.0,0.0,0.04181418138399608,0.0169339721695142,43.978094757935246,0,0.0,0.0,-1.0,HUBERT_BASE,6
237-134493-0013_4992-23283-0009__T2__SCV3FIX__VOICE-4992_CONTENT-237-237-134493-0013,4992,237,,2.68,7,0.5714285714285714,0.5714285714285714,0.42857142857142855,-8.534510539784776e-05,-0.06327063095811192,3.970655869572402,1,1.0,1.0,1.0,HUBERT_BASE,6
121-127105-0036_5683-32865-0005__T2__SCV3FIX__VOICE-5683_CONTENT-121-121-127105-0036,5683,121,,-5.35,7,0.42857142857142855,0.42857142857142855,0.42857142857142855,-0.01083971645782067,-0.13349395723383783,5.460916895004119,1,1.5,1.5,0.5,HUBERT_BASE,6
672-122797-0021_5683-32866-0005__T2__SCV3FIX__VOICE-5683_CONTENT-672-672-122797-0021,5683,672,,10.14,7,0.0,0.0,0.0,0.13992033538473442,0.09177196389307996,42.54120768027222,0,0.0,0.0,-1.0,HUBERT_BASE,6
5142-33396-0034_8455-210777-0059__T2__SCV3FIX__VOICE-8455_CONTENT-5142-5142-33396-0034,8455,5142,,11.39,10,0.0,0.0,0.0,0.14064527077829972,0.09472876532509111,43.89027815572401,0,0.0,0.0,-1.0,HUBERT_BASE,6
6829-68769-0021_1188-133604-0024__T2__SCV3FIX__VOICE-1188_CONTENT-6829-6829-68769-0021,1188,6829,,10.44,14,0.14285714285714285,0.0,0.0,0.041257907601461356,-0.06344574941139747,28.573956419895207,0,0.0,0.0,-1.0,HUBERT_BASE,6
8463-294825-0004_61-70970-0024__T1__SCV3FIX__VOICE-8463_CONTENT-61-61-70970-0024,8463,61,,-27.07,6,1.0,1.0,1.0,-0.08116792972867305,-0.171522385714592,-39.806688425384785,1,3.0,3.0,0.0,HUBERT_BASE,6
6930-76324-0006_5683-32865-0016__T2__SCV3FIX__VOICE-5683_CONTENT-6930-6930-76324-0006,5683,6930,,8.81,5,0.2,0.0,0.0,0.07414436324577071,-0.0018318935927000846,33.72357662699846,0,0.0,0.0,-1.0,HUBERT_BASE,6
1089-134686-0007_7021-85628-0018__T1__SCV3FIX__VOICE-1089_CONTENT-7021-7021-85628-0018,1089,7021,,9.57,7,0.14285714285714285,0.0,0.0,0.09512210553674909,-0.01771730149120454,28.37258380516016,0,0.0,0.0,-1.0,HUBERT_BASE,6
8555-284447-0014_8463-287645-0006__T1__SCV3FIX__VOICE-8555_CONTENT-8463-8463-287645-0006,8555,8463,,6.61,14,0.35714285714285715,0.14285714285714285,0.0,0.012473801375746465,-0.06885057550058249,13.094884130584845,1,2.0,2.0,0.5,HUBERT_BASE,6
1320-122612-0006_2830-3979-0010__T1__SCV3FIX__VOICE-1320_CONTENT-2830-2830-3979-0010,1320,2830,,6.37,5,0.0,0.0,0.0,0.05755942062153056,0.019244913476370917,18.063688504170862,0,0.0,0.0,-1.0,HUBERT_BASE,6
61-70968-0046_8230-279154-0017__T2__SCV3FIX__VOICE-8230_CONTENT-61-61-70968-0046,8230,61,,-5.54,6,0.8333333333333334,1.0,0.8333333333333334,-0.04604222548442025,-0.13379300170537956,-13.480942954653095,1,2.5,2.5,0.0,HUBERT_BASE,6
6829-68769-0004_908-31957-0006__T1__SCV3FIX__VOICE-6829_CONTENT-908-908-31957-0006,6829,908,,-22.15,10,1.0,1.0,1.0,-0.08269487374695805,-0.1367893624617087,-39.94313392386426,1,5.0,5.0,0.0,HUBERT_BASE,6
8463-287645-0010_3575-170457-0039__T2__SCV3FIX__VOICE-3575_CONTENT-8463-8463-287645-0010,3575,8463,,-14.66,7,1.0,1.0,1.0,-0.09464597935307806,-0.1145737898371798,-39.44186798257798,1,3.5,3.5,0.0,HUBERT_BASE,6
7176-92135-0031_8224-274384-0002__T2__SCV3FIX__VOICE-8224_CONTENT-7176-7176-92135-0031,8224,7176,,-1.88,18,0.6666666666666666,0.5,0.5,-0.014575622715913684,-0.1287436513095397,-3.1331554177558503,2,3.5,2.75,0.0,HUBERT_BASE,6
4970-29095-0012_1995-1837-0001__T2__SCV3FIX__VOICE-1995_CONTENT-4970-4970-29095-0012,1995,4970,,5.76,8,0.0,0.125,0.0,0.11009745602517838,0.02079952262675422,30.011368310218764,0,0.0,0.0,-1.0,HUBERT_BASE,6
6930-81414-0004_908-31957-0019__T2__SCV3FIX__VOICE-908_CONTENT-6930-6930-81414-0004,908,6930,,12.12,17,0.0,0.0,0.0,0.11862661415465905,0.05087775193488664,39.16273102230353,0,0.0,0.0,-1.0,HUBERT_BASE,6
908-157963-0022_3570-5694-0005__T1__SCV3FIX__VOICE-908_CONTENT-3570-3570-5694-0005,908,3570,,8.57,8,0.0,0.0,0.0,0.09851407121072414,0.028806626220589826,35.82672184649786,0,0.0,0.0,-1.0,HUBERT_BASE,6
3729-6852-0002_5142-36586-0003__T1__SCV3FIX__VOICE-3729_CONTENT-5142-5142-36586-0003,3729,5142,,-16.51,9,1.0,1.0,1.0,-0.08460115888121506,-0.15175587425094605,-29.331402307360413,1,4.5,4.5,0.0,HUBERT_BASE,6
1580-141083-0034_4507-16021-0017__T1__SCV3FIX__VOICE-1580_CONTENT-4507-4507-16021-0017,1580,4507,,6.98,12,0.08333333333333333,0.16666666666666666,0.0,0.05681735128477764,-0.006588458883123427,15.375507362539311,0,0.0,0.0,-1.0,HUBERT_BASE,6
3575-170457-0031_4970-29093-0018__T2__SCV3FIX__VOICE-4970_CONTENT-3575-3575-170457-0031,4970,3575,,9.8,7,0.14285714285714285,0.0,0.0,0.04199276182391284,-0.05773018267142693,26.56360304952546,0,0.0,0.0,-1.0,HUBERT_BASE,6
908-157963-0022_4970-29093-0014__T1__SCV3FIX__VOICE-908_CONTENT-4970-4970-29093-0014,908,4970,,10.46,7,0.0,0.0,0.0,0.11574890375305111,0.08154356696772203,38.02897497375909,0,0.0,0.0,-1.0,HUBERT_BASE,6
4446-2273-0005_4992-23283-0009__T2__SCV3FIX__VOICE-4992_CONTENT-4446-4446-2273-0005,4992,4446,,10.68,7,0.0,0.0,0.0,0.06931819299263044,0.01964980200167754,35.042699435859404,0,0.0,0.0,-1.0,HUBERT_BASE,6
4970-29093-0022_3729-6852-0038__T2__SCV3FIX__VOICE-3729_CONTENT-4970-4970-29093-0022,3729,4970,,-10.88,10,0.6,1.0,0.6,-0.04062944106307968,-0.21711855606723396,-21.117140803738597,1,2.0,2.0,1.5,HUBERT_BASE,6
5142-36586-0003_260-123288-0002__T1__SCV3FIX__VOICE-5142_CONTENT-260-260-123288-0002,5142,260,,-23.08,9,1.0,1.0,1.0,-0.08986266875621673,-0.17368502112662798,-34.76493698873813,1,4.5,4.5,0.0,HUBERT_BASE,6
61-70968-0060_7176-92135-0034__T2__SCV3FIX__VOICE-7176_CONTENT-61-61-70968-0060,7176,61,,-4.6,6,0.5,0.5,0.3333333333333333,-0.00127777041081976,-0.05029356379057648,-1.7525809038062132,1,1.0,1.0,0.5,HUBERT_BASE,6
8555-284447-0021_121-127105-0000__T1__SCV3FIX__VOICE-8555_CONTENT-121-121-127105-0000,8555,121,,14.94,18,0.2777777777777778,0.0,0.0,0.05845355658193712,-0.091995670287769,30.814453011147894,2,1.0,1.0,1.5,HUBERT_BASE,6
1580-141083-0027_7127-75947-0008__T2__SCV3FIX__VOICE-7127_CONTENT-1580-1580-141083-0027,7127,1580,,12.43,7,0.0,0.0,0.0,0.11133670049487522,0.07701546258767611,41.5331619231876,0,0.0,0.0,-1.0,HUBERT_BASE,6
237-134500-0000_8463-294828-0029__T2__SCV3FIX__VOICE-8463_CONTENT-237-237-134500-0000,8463,237,,12.0,9,0.0,0.0,0.0,0.06071972388111056,0.014079038003474209,31.28073484333888,0,0.0,0.0,-1.0,HUBERT_BASE,6
121-123859-0004_2830-3980-0075__T2__SCV3FIX__VOICE-2830_CONTENT-121-121-123859-0004,2830,121,,14.42,9,0.0,0.0,0.0,0.15360946548436655,0.0574187718366993,40.748923400290266,0,0.0,0.0,-1.0,HUBERT_BASE,6
4077-13754-0011_2300-131720-0008__T2__SCV3FIX__VOICE-2300_CONTENT-4077-4077-13754-0011,2300,4077,,8.08,17,0.0,0.0,0.0,0.09952117771576854,0.007113456583805133,31.65385751488691,0,0.0,0.0,-1.0,HUBERT_BASE,6
4992-41806-0017_8555-284447-0024__T1__SCV3FIX__VOICE-4992_CONTENT-8555-8555-284447-0024,4992,8555,,-19.5,8,0.5,1.0,0.5,0.011061494950101156,-0.10910689531670148,-25.67932241592219,1,1.5,1.5,0.0,HUBERT_BASE,6
1995-1836-0014_8455-210777-0025__T1__SCV3FIX__VOICE-1995_CONTENT-8455-8455-210777-0025,1995,8455,,-26.11,6,1.0,1.0,1.0,-0.10350736527768356,-0.14656431010367832,-35.420317502889965,1,3.0,3.0,0.0,HUBERT_BASE,6
5683-32865-0008_2300-131720-0032__T1__SCV3FIX__VOICE-5683_CONTENT-2300-2300-131720-0032,5683,2300,,-14.53,11,0.8181818181818182,1.0,0.8181818181818182,-0.1157060167373401,-0.337977937837707,-25.2908481877693,1,4.5,4.5,1.0,HUBERT_BASE,6
5683-32866-0018_1995-1837-0026__T2__SCV3FIX__VOICE-1995_CONTENT-5683-5683-32866-0018,1995,5683,,5.23,9,0.5555555555555556,0.0,0.0,0.004107437519062618,-0.030279516568176734,23.89238708844367,2,1.5,1.25,1.0,HUBERT_BASE,6
260-123440-0003_7729-102255-0045__T1__SCV3FIX__VOICE-260_CONTENT-7729-7729-102255-0045,260,7729,,7.62,6,0.0,0.0,0.0,0.10764847917666455,0.052169545169653775,21.565896418835894,0,0.0,0.0,-1.0,HUBERT_BASE,6
6829-68771-0018_7021-79740-0006__T1__SCV3FIX__VOICE-6829_CONTENT-7021-7021-79740-0006,6829,7021,,-17.51,10,0.6,1.0,0.6,-0.007709470965948572,-0.09029408190850197,-24.276213876212246,1,2.5,2.5,1.0,HUBERT_BASE,6
121-123859-0003_260-123288-0025__T2__SCV3FIX__VOICE-260_CONTENT-121-121-123859-0003,260,121,,-32.3,18,0.9444444444444444,1.0,0.9444444444444444,-0.0660119906820433,-0.15023076233809718,-38.812630041287356,2,4.5,4.25,0.0,HUBERT_BASE,6
2830-3980-0062_6829-68769-0034__T2__SCV3FIX__VOICE-6829_CONTENT-2830-2830-3980-0062,6829,2830,,-14.29,9,0.4444444444444444,1.0,0.4444444444444444,-0.02330084714411191,-0.1939307563854361,-24.378958091262664,1,1.0,1.0,3.5,HUBERT_BASE,6
5142-33396-0028_4970-29095-0026__T2__SCV3FIX__VOICE-4970_CONTENT-5142-5142-33396-0028,4970,5142,,-17.95,6,1.0,1.0,1.0,-0.07526081478784201,-0.20473111592170912,-23.54807287481192,1,3.0,3.0,0.0,HUBERT_BASE,6
3570-5695-0003_8455-210777-0024__T2__SCV3FIX__VOICE-8455_CONTENT-3570-3570-5695-0003,8455,3570,,13.55,9,0.0,0.0,0.0,0.1139295437702606,0.04664343485482747,40.915575696588185,0,0.0,0.0,-1.0,HUBERT_BASE,6
1188-133604-0033_7127-75947-0027__T1__SCV3FIX__VOICE-1188_CONTENT-7127-7127-75947-0027,1188,7127,,12.6,12,0.08333333333333333,0.0,0.0,0.08388567879800009,-0.014708161936576536,42.83109776676836,0,0.0,0.0,-1.0,HUBERT_BASE,6
121-121726-0014_7021-79740-0000__T1__SCV3FIX__VOICE-121_CONTENT-7021-7021-79740-0000,121,7021,,16.43,5,0.2,0.0,0.0,0.021474291310511817,-0.04489296090557027,32.117929865265175,0,0.0,0.0,-1.0,HUBERT_BASE,6
4970-29093-0011_260-123286-0001__T2__SCV3FIX__VOICE-260_CONTENT-4970-4970-29093-0011,260,4970,,11.78,5,0.0,0.0,0.0,0.08501613103913538,0.044989173107295444,44.5942954623653,0,0.0,0.0,-1.0,HUBERT_BASE,6
8555-284449-0019_4992-41797-0000__T2__SCV3FIX__VOICE-4992_CONTENT-8555-8555-284449-0019,4992,8555,,0.57,9,0.4444444444444444,0.2222222222222222,0.2222222222222222,0.02349981930422472,-0.050506784305422436,15.729610812300024,1,2.0,2.0,0.0,HUBERT_BASE,6
2961-961-0007_6930-76324-0016__T1__SCV3FIX__VOICE-2961_CONTENT-6930-6930-76324-0016,2961,6930,,6.81,16,0.0625,0.0,0.0,0.06989470646989933,-0.1311568269354132,27.778274957577587,0,0.0,0.0,-1.0,HUBERT_BASE,6
4507-16021-0022_8455-210777-0064__T2__SCV3FIX__VOICE-8455_CONTENT-4507-4507-16021-0022,8455,4507,,12.37,6,0.0,0.0,0.0,0.08721408533120173,0.03338992528892759,40.00128305958527,0,0.0,0.0,-1.0,HUBERT_BASE,6
908-157963-0011_8230-279154-0024__T1__SCV3FIX__VOICE-908_CONTENT-8230-8230-279154-0024,908,8230,,14.65,11,0.0,0.0,0.0,0.11310551904014222,0.02333861542754534,30.052833239281895,0,0.0,0.0,-1.0,HUBERT_BASE,6
1320-122612-0009_6930-81414-0011__T1__SCV3FIX__VOICE-1320_CONTENT-6930-6930-81414-0011,1320,6930,,7.22,6,0.0,0.0,0.0,0.13810348848111592,0.07301199725349161,35.659321457693956,0,0.0,0.0,-1.0,HUBERT_BASE,6
1320-122612-0006_4446-2271-0018__T2__SCV3FIX__VOICE-4446_CONTENT-1320-1320-122612-0006,4446,1320,,14.31,8,0.0,0.0,0.0,0.10445536955909426,0.013156121034114454,37.76755026678252,0,0.0,0.0,-1.0,HUBERT_BASE,6
7021-85628-0010_5683-32865-0007__T2__SCV3FIX__VOICE-5683_CONTENT-7021-7021-85628-0010,5683,7021,,-10.16,11,1.0,1.0,1.0,-0.08510400269992882,-0.18668031319144263,-29.520856377654056,1,5.5,5.5,0.0,HUBERT_BASE,6
4970-29095-0011_2830-3980-0024__T2__SCV3FIX__VOICE-2830_CONTENT-4970-4970-29095-0011,2830,4970,,8.75,5,0.0,0.0,0.0,0.10255255828898173,0.06924677322622463,37.74913858341832,0,0.0,0.0,-1.0,HUBERT_BASE,6
1089-134691-0002_4507-16021-0036__T2__SCV3FIX__VOICE-4507_CONTENT-1089-1089-134691-0002,4507,1089,,-20.64,9,1.0,1.0,1.0,-0.10262805616579779,-0.22563524137428526,-37.72197414451992,1,4.5,4.5,0.0,HUBERT_BASE,6
3575-170457-0021_4992-41797-0015__T2__SCV3FIX__VOICE-4992_CONTENT-3575-3575-170457-0021,4992,3575,,14.68,7,0.0,0.0,0.0,0.050991984930487004,0.028475936879248098,30.31502218856997,0,0.0,0.0,-1.0,HUBERT_BASE,6
1188-133604-0017_5142-33396-0001__T1__SCV3FIX__VOICE-1188_CONTENT-5142-5142-33396-0001,1188,5142,,11.25,8,0.0,0.0,0.0,0.1517559117468611,0.09266669183684062,43.00533098529106,0,0.0,0.0,-1.0,HUBERT_BASE,6
1188-133604-0032_8224-274384-0000__T2__SCV3FIX__VOICE-8224_CONTENT-1188-1188-133604-0032,8224,1188,,-22.21,13,1.0,1.0,1.0,-0.10286274587075542,-0.2476932952933265,-35.20466025311873,1,6.5,6.5,0.0,HUBERT_BASE,6
6930-76324-0006_7176-92135-0007__T2__SCV3FIX__VOICE-7176_CONTENT-6930-6930-76324-0006,7176,6930,,6.39,5,0.0,0.0,0.0,0.1266447812543415,0.08773786177026754,29.21200949824716,0,0.0,0.0,-1.0,HUBERT_BASE,6
908-157963-0030_2961-960-0019__T2__SCV3FIX__VOICE-2961_CONTENT-908-908-157963-0030,2961,908,,-21.73,8,0.875,1.0,0.875,-0.09771741010219694,-0.19908296663754232,-37.40466023564444,2,2.0,1.75,0.0,HUBERT_BASE,6
672-122797-0006_5683-32865-0017__T2__SCV3FIX__VOICE-5683_CONTENT-672-672-122797-0006,5683,672,,-16.91,9,0.4444444444444444,1.0,0.4444444444444444,0.003629397810179396,-0.10990232009428147,-21.456917927252054,1,1.0,1.0,1.5,HUBERT_BASE,6
2830-3980-0069_1089-134686-0002__T2__SCV3FIX__VOICE-1089_CONTENT-2830-2830-3980-0069,1089,2830,,-1.19,10,0.2,0.4,0.1,0.07645087745984433,-0.04091202570077168,2.2779460565494736,0,0.0,0.0,-1.0,HUBERT_BASE,6
672-122797-0068_7127-75947-0024__T2__SCV3FIX__VOICE-7127_CONTENT-672-672-122797-0068,7127,672,,4.42,7,0.0,0.0,0.0,0.15861281380011424,0.0547524679677559,25.47660475744456,0,0.0,0.0,-1.0,HUBERT_BASE,6
7127-75946-0016_7176-92135-0006__T1__SCV3FIX__VOICE-7127_CONTENT-7176-7176-92135-0006,7127,7176,,11.98,14,0.07142857142857142,0.0,0.0,0.08840928269745915,-0.005484461674673646,27.370747366096744,0,0.0,0.0,-1.0,HUBERT_BASE,6
61-70970-0031_4992-23283-0010__T2__SCV3FIX__VOICE-4992_CONTENT-61-61-70970-0031,4992,61,,-14.31,9,0.6666666666666666,1.0,0.6666666666666666,-0.023877936313043222,-0.09390443375652435,-12.241078935536068,1,2.0,2.0,0.0,HUBERT_BASE,6
4507-16021-0055_1089-134691-0007__T1__SCV3FIX__VOICE-4507_CONTENT-1089-1089-134691-0007,4507,1089,,11.74,5,0.0,0.0,0.0,0.12502264103813052,0.08085644565376793,32.601775380493876,0,0.0,0.0,-1.0,HUBERT_BASE,6
1995-1837-0009_6829-68769-0017__T1__SCV3FIX__VOICE-1995_CONTENT-6829-6829-68769-0017,1995,6829,,-13.43,6,0.8333333333333334,1.0,0.8333333333333334,-0.053112735182789285,-0.17755656885361082,-22.38710142109952,1,2.0,2.0,1.0,HUBERT_BASE,6
6930-75918-0008_672-122797-0056__T2__SCV3FIX__VOICE-672_CONTENT-6930-6930-75918-0008,672,6930,,6.73,8,0.0,0.0,0.0,0.10683861572099541,0.041401147014384354,31.22633842024028,0,0.0,0.0,-1.0,HUBERT_BASE,6
3570-5694-0001_908-31957-0012__T1__SCV3FIX__VOICE-3570_CONTENT-908-908-31957-0012,3570,908,,-18.24,10,1.0,1.0,1.0,-0.11999142532448015,-0.1752790161235559,-41.13835565617295,1,5.0,5.0,0.0,HUBERT_BASE,6
1580-141084-0011_7176-92135-0001__T1__SCV3FIX__VOICE-1580_CONTENT-7176-7176-92135-0001,1580,7176,,-21.23,8,1.0,1.0,1.0,-0.06922862643097837,-0.1296616265429844,-46.215016542659015,1,4.0,4.0,0.0,HUBERT_BASE,6
672-122797-0041_7021-85628-0021__T1__SCV3FIX__VOICE-672_CONTENT-7021-7021-85628-0021,672,7021,,-18.35,6,1.0,1.0,1.0,-0.1120237636614011,-0.12922221163751013,-33.44682907222587,1,3.0,3.0,0.0,HUBERT_BASE,6
6829-68769-0024_260-123286-0030__T1__SCV3FIX__VOICE-6829_CONTENT-260-260-123286-0030,6829,260,,-21.07,8,1.0,1.0,1.0,-0.07243028465386599,-0.13486953942306878,-36.252708931595166,1,4.0,4.0,0.0,HUBERT_BASE,6
8555-284447-0003_7021-79740-0011__T2__SCV3FIX__VOICE-7021_CONTENT-8555-8555-284447-0003,7021,8555,,11.13,7,0.0,0.0,0.0,0.15696113646165472,0.11566364189025546,50.01151101645174,0,0.0,0.0,-1.0,HUBERT_BASE,6
4507-16021-0053_2300-131720-0005__T2__SCV3FIX__VOICE-2300_CONTENT-4507-4507-16021-0053,2300,4507,,15.22,12,0.0,0.0,0.0,0.09454917238758094,0.00032722951277674994,36.63733426687234,0,0.0,0.0,-1.0,HUBERT_BASE,6
5142-33396-0026_4507-16021-0043__T1__SCV3FIX__VOICE-5142_CONTENT-4507-4507-16021-0043,5142,4507,,-14.68,5,1.0,1.0,1.0,-0.0727782646328126,-0.1302713207339955,-22.375304191129963,1,2.5,2.5,0.0,HUBERT_BASE,6
1089-134686-0000_61-70968-0047__T1__SCV3FIX__VOICE-1089_CONTENT-61-61-70968-0047,1089,61,,2.31,8,0.625,0.25,0.25,-0.04060016667413219,-0.190842465671212,8.010836308761732,1,2.5,2.5,1.5,HUBERT_BASE,6
61-70970-0025_4992-41806-0009__T1__SCV3FIX__VOICE-61_CONTENT-4992-4992-41806-0009,61,4992,,8.69,7,0.0,0.0,0.0,0.10596812665525067,0.06888419527774059,24.687854006855243,0,0.0,0.0,-1.0,HUBERT_BASE,6
260-123286-0009_1284-1181-0002__T2__SCV3FIX__VOICE-1284_CONTENT-260-260-123286-0009,1284,260,,-25.41,6,0.8333333333333334,1.0,0.8333333333333334,-0.054638306928103696,-0.09632498407385848,-28.875636274308054,1,2.5,2.5,0.5,HUBERT_BASE,6
4992-41797-0017_1995-1836-0006__T2__SCV3FIX__VOICE-1995_CONTENT-4992-4992-41797-0017,1995,4992,,-9.68,14,0.9285714285714286,0.8571428571428571,0.8571428571428571,-0.07105326499146442,-0.1861859080520175,-16.536470639726303,1,6.5,6.5,0.0,HUBERT_BASE,6
1284-1180-0010_4992-41806-0003__T1__SCV3FIX__VOICE-1284_CONTENT-4992-4992-41806-0003,1284,4992,,-20.43,16,1.0,1.0,1.0,-0.06640952716407131,-0.11967116151883062,-32.25511102930278,1,8.0,8.0,0.0,HUBERT_BASE,6
5105-28241-0003_4077-13751-0001__T1__SCV3FIX__VOICE-5105_CONTENT-4077-4077-13751-0001,5105,4077,,8.79,6,0.0,0.0,0.0,0.16564848195431894,0.09457992190744868,35.0470926395377,0,0.0,0.0,-1.0,HUBERT_BASE,6
6930-76324-0020_4970-29095-0032__T2__SCV3FIX__VOICE-4970_CONTENT-6930-6930-76324-0020,4970,6930,,-22.48,11,1.0,1.0,1.0,-0.11904421880433,-0.19820982913737883,-34.36538516262071,1,5.5,5.5,0.0,HUBERT_BASE,6
4507-16021-0002_4077-13751-0001__T2__SCV3FIX__VOICE-4077_CONTENT-4507-4507-16021-0002,4077,4507,,18.37,5,0.0,0.0,0.0,0.1436231013240943,0.06388211122540954,40.769732995557675,0,0.0,0.0,-1.0,HUBERT_BASE,6
908-157963-0014_4507-16021-0056__T1__SCV3FIX__VOICE-908_CONTENT-4507-4507-16021-0056,908,4507,,10.97,8,0.0,0.0,0.0,0.12331229760205083,0.0727907393767222,35.69969731726053,0,0.0,0.0,-1.0,HUBERT_BASE,6
6829-68769-0049_1284-1181-0001__T1__SCV3FIX__VOICE-6829_CONTENT-1284-1284-1181-0001,6829,1284,,-9.46,13,0.6153846153846154,0.9230769230769231,0.6153846153846154,-0.038729910717350394,-0.15599667482161028,-18.629657350714453,2,2.5,2.0,1.5,HUBERT_BASE,6
8230-279154-0036_5142-33396-0034__T2__SCV3FIX__VOICE-5142_CONTENT-8230-8230-279154-0036,5142,8230,,-26.99,5,1.0,1.0,1.0,-0.0874329078907489,-0.15051097273873515,-42.34519609622361,1,2.5,2.5,0.0,HUBERT_BASE,6
4077-13754-0005_1221-135767-0005__T1__SCV3FIX__VOICE-4077_CONTENT-1221-1221-135767-0005,4077,1221,,12.9,10,0.0,0.0,0.0,0.08248771288561194,0.026184486863258805,30.21055129553084,0,0.0,0.0,-1.0,HUBERT_BASE,6
2830-3980-0054_3575-170457-0020__T2__SCV3FIX__VOICE-3575_CONTENT-2830-2830-3980-0054,3575,2830,,-24.35,16,0.9375,1.0,0.9375,-0.10731952396816807,-0.23269253131698242,-39.66154241559888,2,5.0,3.75,0.0,HUBERT_BASE,6
5142-36377-0001_5683-32866-0012__T1__SCV3FIX__VOICE-5142_CONTENT-5683-5683-32866-0012,5142,5683,,-5.19,9,0.6666666666666666,0.7777777777777778,0.5555555555555556,-0.023909983909516794,-0.15070984291791056,-12.403074411994687,1,2.5,2.5,2.0,HUBERT_BASE,6
6930-81414-0008_3570-5696-0008__T2__SCV3FIX__VOICE-3570_CONTENT-6930-6930-81414-0008,3570,6930,,-30.35,11,1.0,1.0,1.0,-0.07908945345916135,-0.1439611855673465,-35.902721636917136,1,5.5,5.5,0.0,HUBERT_BASE,6
8455-210777-0018_1995-1836-0001__T1__SCV3FIX__VOICE-8455_CONTENT-1995-1995-1836-0001,8455,1995,,14.56,9,0.0,0.0,0.0,0.11089002806731021,0.05942404505518939,35.36566793122387,0,0.0,0.0,-1.0,HUBERT_BASE,6
3570-5695-0006_3575-170457-0053__T2__SCV3FIX__VOICE-3575_CONTENT-3570-3570-5695-0006,3575,3570,,-5.0,13,0.3076923076923077,0.7692307692307693,0.3076923076923077,0.01544925761297247,-0.0876638835313377,-7.996398629068063,1,1.5,1.5,1.5,HUBERT_BASE,6
5142-33396-0009_8463-294828-0027__T1__SCV3FIX__VOICE-5142_CONTENT-8463-8463-294828-0027,5142,8463,,-15.06,5,1.0,1.0,1.0,-0.08971904897379657,-0.1270426573034299,-35.63192380596808,1,2.5,2.5,0.0,HUBERT_BASE,6
8463-294828-0014_2300-131720-0000__T1__SCV3FIX__VOICE-8463_CONTENT-2300-2300-131720-0000,8463,2300,,-23.87,9,1.0,1.0,1.0,-0.11085861951383592,-0.20478415079628476,-42.633421498556004,1,4.5,4.5,0.0,HUBERT_BASE,6
8455-210777-0058_7176-88083-0006__T1__SCV3FIX__VOICE-8455_CONTENT-7176-7176-88083-0006,8455,7176,,2.74,7,0.14285714285714285,0.2857142857142857,0.14285714285714285,0.04310880400578676,-0.028237870477888838,14.588929618352035,0,0.0,0.0,-1.0,HUBERT_BASE,6
2300-131720-0015_2830-3980-0023__T1__SCV3FIX__VOICE-2300_CONTENT-2830-2830-3980-0023,2300,2830,,1.47,11,0.36363636363636365,0.18181818181818182,0.18181818181818182,0.04807105732045833,-0.03321617248758524,12.925050410957068,1,2.0,2.0,3.0,HUBERT_BASE,6
908-157963-0026_61-70970-0012__T2__SCV3FIX__VOICE-61_CONTENT-908-908-157963-0026,61,908,,-8.35,5,0.8,1.0,0.8,-0.028898220411839558,-0.09273529420009219,-16.077290811841753,2,1.0,1.0,0.0,HUBERT_BASE,6
260-123288-0000_61-70968-0039__T2__SCV3FIX__VOICE-61_CONTENT-260-260-123288-0000,61,260,,-14.03,5,0.8,1.0,0.8,-0.020614085756314782,-0.08136647776949046,-23.247309890279404,1,2.0,2.0,0.0,HUBERT_BASE,6
2300-131720-0005_4446-2271-0014__T1__SCV3FIX__VOICE-2300_CONTENT-4446-4446-2271-0014,2300,4446,,10.39,9,0.0,0.0,0.0,0.08212751894766786,0.03182977374313467,38.092783788597075,0,0.0,0.0,-1.0,HUBERT_BASE,6
2961-960-0016_6829-68769-0005__T2__SCV3FIX__VOICE-6829_CONTENT-2961-2961-960-0016,6829,2961,,-10.79,12,1.0,1.0,1.0,-0.10157700382459552,-0.24578154999850055,-21.014767681359302,1,6.0,6.0,0.0,HUBERT_BASE,6
121-123859-0004_2830-3980-0075__T1__SCV3FIX__VOICE-121_CONTENT-2830-2830-3980-0075,121,2830,,-30.46,9,1.0,1.0,1.0,-0.1474296810135279,-0.2582586933432883,-40.705069216189514,1,4.5,4.5,0.0,HUBERT_BASE,6
4077-13754-0003_8455-210777-0006__T1__SCV3FIX__VOICE-4077_CONTENT-8455-8455-210777-0006,4077,8455,,-19.1,8,0.75,1.0,0.75,-0.049349005739245375,-0.10659640814257754,-19.16611041962874,1,3.0,3.0,0.5,HUBERT_BASE,6
5105-28241-0019_2830-3980-0050__T2__SCV3FIX__VOICE-2830_CONTENT-5105-5105-28241-0019,2830,5105,,-0.62,9,0.6666666666666666,0.7777777777777778,0.6666666666666666,-0.04023433195691999,-0.24498249403754946,-5.1511681294414835,2,2.0,1.5,0.0,HUBERT_BASE,6
3575-170457-0007_61-70970-0018__T2__SCV3FIX__VOICE-61_CONTENT-3575-3575-170457-0007,61,3575,,12.98,8,0.0,0.0,0.0,0.1291448204668682,0.06456547599793228,35.46167189528894,0,0.0,0.0,-1.0,HUBERT_BASE,6
3570-5695-0003_8455-210777-0024__T1__SCV3FIX__VOICE-3570_CONTENT-8455-8455-210777-0024,3570,8455,,-22.61,9,1.0,1.0,1.0,-0.1143698960762902,-0.17637432320075763,-42.23861298915084,1,4.5,4.5,0.0,HUBERT_BASE,6
1580-141083-0034_7021-79730-0007__T2__SCV3FIX__VOICE-7021_CONTENT-1580-1580-141083-0034,7021,1580,,13.59,12,0.0,0.0,0.0,0.07949027153359266,0.010894179126293757,39.568657212181556,0,0.0,0.0,-1.0,HUBERT_BASE,6
6829-68771-0027_2961-960-0012__T2__SCV3FIX__VOICE-2961_CONTENT-6829-6829-68771-0027,2961,6829,,4.34,9,0.3333333333333333,0.1111111111111111,0.1111111111111111,0.01700837946174553,-0.012851706103082505,14.00000071294521,1,1.0,1.0,0.0,HUBERT_BASE,6
6930-75918-0019_1580-141083-0033__T2__SCV3FIX__VOICE-1580_CONTENT-6930-6930-75918-0019,1580,6930,,-20.81,13,1.0,1.0,1.0,-0.10806029328712219,-0.21526778596853635,-32.03501082850936,1,6.5,6.5,0.0,HUBERT_BASE,6
237-126133-0003_2830-3980-0028__T2__SCV3FIX__VOICE-2830_CONTENT-237-237-126133-0003,2830,237,,15.13,6,0.0,0.0,0.0,0.04840493630682624,0.034069303077867374,32.15618731570819,0,0.0,0.0,-1.0,HUBERT_BASE,6
8455-210777-0065_1284-1181-0009__T2__SCV3FIX__VOICE-1284_CONTENT-8455-8455-210777-0065,1284,8455,,-25.26,6,1.0,1.0,1.0,-0.05962342165643658,-0.09869462317471844,-30.25291055093443,1,3.0,3.0,0.0,HUBERT_BASE,6
1089-134686-0004_6829-68771-0005__T1__SCV3FIX__VOICE-1089_CONTENT-6829-6829-68771-0005,1089,6829,,10.57,9,0.2222222222222222,0.0,0.0,0.026133540109705256,-0.04928493401185996,19.949942614522456,0,0.0,0.0,-1.0,HUBERT_BASE,6
7021-85628-0015_61-70968-0035__T2__SCV3FIX__VOICE-61_CONTENT-7021-7021-85628-0015,61,7021,,6.04,14,0.14285714285714285,0.14285714285714285,0.07142857142857142,0.10941637592306971,-0.026045561868317302,15.805162588901764,0,0.0,0.0,-1.0,HUBERT_BASE,6
6829-68769-0044_7021-79740-0009__T1__SCV3FIX__VOICE-6829_CONTENT-7021-7021-79740-0009,6829,7021,,-17.74,5,0.8,1.0,0.8,-0.05484645508433663,-0.10747289930054371,-31.525772464279715,1,2.0,2.0,0.0,HUBERT_BASE,6
1995-1837-0029_5683-32865-0013__T2__SCV3FIX__VOICE-5683_CONTENT-1995-1995-1837-0029,5683,1995,,13.76,9,0.0,0.0,0.0,0.10300093963290019,0.03332155733546238,43.229434157359634,0,0.0,0.0,-1.0,HUBERT_BASE,6
1221-135767-0014_672-122797-0074__T2__SCV3FIX__VOICE-672_CONTENT-1221-1221-135767-0014,672,1221,,11.59,12,0.08333333333333333,0.0,0.0,0.1466737821395813,-0.01394780005054097,39.05557374200722,0,0.0,0.0,-1.0,HUBERT_BASE,6
1089-134686-0017_1580-141084-0045__T2__SCV3FIX__VOICE-1580_CONTENT-1089-1089-134686-0017,1580,1089,,-18.62,6,1.0,1.0,1.0,-0.10364924635561024,-0.15505269410706835,-32.60193241170743,1,3.0,3.0,0.0,HUBERT_BASE,6
7127-75947-0027_260-123440-0016__T2__SCV3FIX__VOICE-260_CONTENT-7127-7127-75947-0027,260,7127,,-26.13,8,1.0,1.0,1.0,-0.07843157451477847,-0.17180809546095932,-30.02569700772286,1,4.0,4.0,0.0,HUBERT_BASE,6
672-122797-0003_1284-1180-0024__T1__SCV3FIX__VOICE-672_CONTENT-1284-1284-1180-0024,672,1284,,12.97,8,0.0,0.0,0.0,0.1505483993694267,0.07997942287580861,40.42753080492611,0,0.0,0.0,-1.0,HUBERT_BASE,6
260-123286-0015_237-134493-0001__T1__SCV3FIX__VOICE-260_CONTENT-237-237-134493-0001,260,237,,12.76,9,0.0,0.0,0.0,0.08831579455600594,0.05096065896156077,42.25614381414584,0,0.0,0.0,-1.0,HUBERT_BASE,6
237-134493-0011_8224-274384-0013__T2__SCV3FIX__VOICE-8224_CONTENT-237-237-134493-0011,8224,237,,11.7,9,0.0,0.0,0.0,0.08813858594277503,0.03098845419895646,44.768990658060346,0,0.0,0.0,-1.0,HUBERT_BASE,6
8455-210777-0046_3570-5694-0012__T2__SCV3FIX__VOICE-3570_CONTENT-8455-8455-210777-0046,3570,8455,,-14.89,5,1.0,1.0,1.0,-0.11340205981881049,-0.1470697492749442,-31.978546956683452,1,2.5,2.5,0.0,HUBERT_BASE,6
1188-133604-0025_121-121726-0010__T1__SCV3FIX__VOICE-1188_CONTENT-121-121-121726-0010,1188,121,,14.07,12,0.0,0.0,0.0,0.14210718228458005,0.09504318047218319,42.890195328631386,0,0.0,0.0,-1.0,HUBERT_BASE,6
6829-68769-0051_4446-2275-0026__T2__SCV3FIX__VOICE-4446_CONTENT-6829-6829-68769-0051,4446,6829,,-27.98,6,1.0,1.0,1.0,-0.07755397188111833,-0.14035071820260026,-28.570741878921286,1,3.0,3.0,0.0,HUBERT_BASE,6
5683-32866-0012_121-121726-0001__T1__SCV3FIX__VOICE-5683_CONTENT-121-121-121726-0001,5683,121,,12.0,9,0.0,0.0,0.0,0.16947450435139805,0.10293061041641327,44.27865512770677,0,0.0,0.0,-1.0,HUBERT_BASE,6
1320-122617-0016_2961-960-0020__T1__SCV3FIX__VOICE-1320_CONTENT-2961-2961-960-0020,1320,2961,,13.86,18,0.1111111111111111,0.0,0.0,0.09683577985311408,-0.01204907320828652,36.92153062402736,0,0.0,0.0,-1.0,HUBERT_BASE,6
1188-133604-0038_61-70970-0012__T2__SCV3FIX__VOICE-61_CONTENT-1188-1188-133604-0038,61,1188,,-20.41,5,0.6,0.8,0.6,-0.020376396123994424,-0.10634874339768596,-16.565874111031192,1,1.5,1.5,0.0,HUBERT_BASE,6
1188-133604-0038_5142-33396-0043__T2__SCV3FIX__VOICE-5142_CONTENT-1188-1188-133604-0038,5142,1188,,-27.69,6,1.0,1.0,1.0,-0.10045734472591601,-0.14388417909863482,-42.889734619732366,1,3.0,3.0,0.0,HUBERT_BASE,6
2094-142345-0052_1089-134691-0001__T2__SCV3FIX__VOICE-1089_CONTENT-2094-2094-142345-0052,1089,2094,,13.23,8,0.0,0.0,0.0,0.1124174928080257,0.05000895161746621,33.84772580861822,0,0.0,0.0,-1.0,HUBERT_BASE,6
4446-2271-0014_672-122797-0057__T2__SCV3FIX__VOICE-672_CONTENT-4446-4446-2271-0014,672,4446,,10.41,8,0.25,0.125,0.0,0.025517226273804483,-0.018799782543875043,23.78481391009361,0,0.0,0.0,-1.0,HUBERT_BASE,6
4970-29095-0038_5142-33396-0003__T1__SCV3FIX__VOICE-4970_CONTENT-5142-5142-33396-0003,4970,5142,,-22.45,5,0.8,1.0,0.8,-0.05928110936691524,-0.1194916414855064,-33.53295474347411,1,2.0,2.0,0.0,HUBERT_BASE,6
8555-284447-0013_3575-170457-0004__T2__SCV3FIX__VOICE-3575_CONTENT-8555-8555-284447-0013,3575,8555,,1.52,5,0.8,0.4,0.4,-0.01236792720473152,-0.04763334894281024,-4.850979298190974,2,1.0,1.0,0.0,HUBERT_BASE,6
3570-5696-0009_7729-102255-0016__T2__SCV3FIX__VOICE-7729_CONTENT-3570-3570-5696-0009,7729,3570,,11.32,16,0.0,0.0,0.0,0.1106713063591852,0.06161332007205489,32.8312886629009,0,0.0,0.0,-1.0,HUBERT_BASE,6
4446-2271-0020_1320-122617-0020__T1__SCV3FIX__VOICE-4446_CONTENT-1320-1320-122617-0020,4446,1320,,8.78,14,0.14285714285714285,0.0,0.0,0.07866514888522473,-0.04569304170376076,20.658618669248394,0,0.0,0.0,-1.0,HUBERT_BASE,6
4077-13751-0017_4446-2275-0040__T1__SCV3FIX__VOICE-4077_CONTENT-4446-4446-2275-0040,4077,4446,,13.85,9,0.0,0.0,0.0,0.07099572668657012,0.017208282971297284,32.856006998908015,0,0.0,0.0,-1.0,HUBERT_BASE,6
2094-142345-0034_672-122797-0015__T2__SCV3FIX__VOICE-672_CONTENT-2094-2094-142345-0034,672,2094,,10.29,7,0.0,0.0,0.0,0.1061353753929976,0.06696492299618129,32.69450485685049,0,0.0,0.0,-1.0,HUBERT_BASE,6
8555-284449-0019_5142-33396-0054__T1__SCV3FIX__VOICE-8555_CONTENT-5142-5142-33396-0054,8555,5142,,13.6,10,0.0,0.0,0.0,0.07159271520512553,0.01036082957164386,45.02770963426654,0,0.0,0.0,-1.0,HUBERT_BASE,6
5142-33396-0036_7127-75946-0011__T1__SCV3FIX__VOICE-5142_CONTENT-7127-7127-75946-0011,5142,7127,,-24.16,5,1.0,1.0,1.0,-0.08844565197376868,-0.13919508178793683,-38.97490573559976,1,2.5,2.5,0.0,HUBERT_BASE,6
260-123440-0009_5105-28240-0011__T2__SCV3FIX__VOICE-5105_CONTENT-260-260-123440-0009,5105,260,,14.57,5,0.0,0.0,0.0,0.059637883313448325,0.023755557597665122,33.37844235215324,0,0.0,0.0,-1.0,HUBERT_BASE,6
2830-3980-0012_1320-122617-0027__T2__SCV3FIX__VOICE-1320_CONTENT-2830-2830-3980-0012,1320,2830,,7.59,5,0.0,0.0,0.0,0.05455188454473714,0.014139411276964386,27.04726656060121,0,0.0,0.0,-1.0,HUBERT_BASE,6
3575-170457-0025_4992-23283-0005__T2__SCV3FIX__VOICE-4992_CONTENT-3575-3575-170457-0025,4992,3575,,-0.42,17,0.4117647058823529,0.47058823529411764,0.29411764705882354,0.0077995935086103765,-0.07522577345277026,2.8755757594715328,1,3.0,3.0,5.0,HUBERT_BASE,6
7729-102255-0015_7127-75946-0012__T2__SCV3FIX__VOICE-7127_CONTENT-7729-7729-102255-0015,7127,7729,,-16.16,18,0.9444444444444444,1.0,0.9444444444444444,-0.07868658778725116,-0.27114988572042387,-29.495899432500437,2,7.5,4.25,0.0,HUBERT_BASE,6
260-123286-0000_4077-13754-0010__T2__SCV3FIX__VOICE-4077_CONTENT-260-260-123286-0000,4077,260,,-16.77,11,0.9090909090909091,0.9090909090909091,0.8181818181818182,-0.052038960042144096,-0.153973406690866,-16.590895499419556,1,4.5,4.5,0.0,HUBERT_BASE,6
1188-133604-0005_4446-2271-0003__T1__SCV3FIX__VOICE-1188_CONTENT-4446-4446-2271-0003,1188,4446,,8.73,6,0.0,0.0,0.0,0.14465280700590707,0.10987151104240123,37.919417785100684,0,0.0,0.0,-1.0,HUBERT_BASE,6
4077-13751-0020_8555-284449-0007__T2__SCV3FIX__VOICE-8555_CONTENT-4077-4077-13751-0020,8555,4077,,-15.47,17,0.9411764705882353,1.0,0.9411764705882353,-0.1040203594091824,-0.18964672940947913,-40.72029234904503,1,8.0,8.0,0.5,HUBERT_BASE,6
6930-75918-0008_260-123288-0006__T1__SCV3FIX__VOICE-6930_CONTENT-260-260-123288-0006,6930,260,,12.46,8,0.0,0.0,0.0,0.09679143857831302,0.038322989345598524,26.352620346897986,0,0.0,0.0,-1.0,HUBERT_BASE,6
2830-3980-0068_2300-131720-0030__T1__SCV3FIX__VOICE-2830_CONTENT-2300-2300-131720-0030,2830,2300,,-13.01,9,0.8888888888888888,1.0,0.8888888888888888,-0.09180816771351069,-0.30187588326378245,-25.522841331478066,1,3.5,3.5,1.0,HUBERT_BASE,6
3729-6852-0046_672-122797-0044__T1__SCV3FIX__VOICE-3729_CONTENT-672-672-122797-0044,3729,672,,-30.73,6,1.0,1.0,1.0,-0.1097641129316031,-0.16154884968955519,-37.60745616711618,1,3.0,3.0,0.0,HUBERT_BASE,6
8455-210777-0010_1995-1826-0024__T2__SCV3FIX__VOICE-1995_CONTENT-8455-8455-210777-0010,1995,8455,,15.14,5,0.0,0.0,0.0,0.11111908532400298,0.07078309089348933,37.842608358586986,0,0.0,0.0,-1.0,HUBERT_BASE,6
5142-33396-0021_61-70970-0027__T2__SCV3FIX__VOICE-61_CONTENT-5142-5142-33396-0021,61,5142,,9.12,6,0.0,0.0,0.0,0.11971999196073957,0.09484688954112275,36.81582228788821,0,0.0,0.0,-1.0,HUBERT_BASE,6
908-31957-0012_6829-68769-0025__T1__SCV3FIX__VOICE-908_CONTENT-6829-6829-68769-0025,908,6829,,9.04,10,0.0,0.0,0.0,0.09887687636926479,0.0334118561243375,38.34020809183427,0,0.0,0.0,-1.0,HUBERT_BASE,6
7176-92135-0022_4507-16021-0040__T2__SCV3FIX__VOICE-4507_CONTENT-7176-7176-92135-0022,4507,7176,,-21.86,5,1.0,1.0,1.0,-0.11018148802848345,-0.16700042950897254,-40.705286514816045,1,2.5,2.5,0.0,HUBERT_BASE,6
6829-68771-0013_8224-274384-0006__T2__SCV3FIX__VOICE-8224_CONTENT-6829-6829-68771-0013,8224,6829,,6.8,12,0.0,0.0,0.0,0.09034752828339498,0.012982798216934821,37.61885088492608,0,0.0,0.0,-1.0,HUBERT_BASE,6
2830-3980-0051_7176-92135-0032__T1__SCV3FIX__VOICE-2830_CONTENT-7176-7176-92135-0032,2830,7176,,-11.88,5,1.0,1.0,1.0,-0.03573694261487026,-0.07178366468531283,-18.279233735928138,1,2.5,2.5,0.0,HUBERT_BASE,6
1089-134686-0028_8224-274384-0005__T1__SCV3FIX__VOICE-1089_CONTENT-8224-8224-274384-0005,1089,8224,,0.51,14,0.21428571428571427,0.6428571428571429,0.07142857142857142,0.05331709669339386,-0.028402568034663678,-2.7403695392936314,1,1.0,1.0,0.0,HUBERT_BASE,6
8455-210777-0012_61-70970-0033__T1__SCV3FIX__VOICE-8455_CONTENT-61-61-70970-0033,8455,61,,-4.28,5,0.8,0.6,0.4,-0.02223118410438807,-0.07993139937330962,-0.6574727531951442,2,1.0,1.0,0.0,HUBERT_BASE,6
237-126133-0024_121-127105-0019__T2__SCV3FIX__VOICE-121_CONTENT-237-237-126133-0024,121,237,,-12.78,6,0.8333333333333334,1.0,0.8333333333333334,-0.04453579705330026,-0.10040367267801609,-22.622107269594125,1,2.5,2.5,0.5,HUBERT_BASE,6
5142-33396-0022_3570-5696-0009__T1__SCV3FIX__VOICE-5142_CONTENT-3570-3570-5696-0009,5142,3570,,-27.26,8,1.0,1.0,1.0,-0.08202220984336918,-0.13681506836965562,-39.23026059090703,1,4.0,4.0,0.0,HUBERT_BASE,6
2300-131720-0008_5683-32866-0021__T2__SCV3FIX__VOICE-5683_CONTENT-2300-2300-131720-0008,5683,2300,,16.41,14,0.07142857142857142,0.0,0.0,0.09497065235123912,-0.0081745980535185,28.025183187571105,0,0.0,0.0,-1.0,HUBERT_BASE,6
672-122797-0018_8230-279154-0041__T2__SCV3FIX__VOICE-8230_CONTENT-672-672-122797-0018,8230,672,,11.92,8,0.125,0.0,0.0,0.06843951555680178,-0.08000486929147366,30.723748130845184,0,0.0,0.0,-1.0,HUBERT_BASE,6
5142-33396-0049_1089-134691-0022__T2__SCV3FIX__VOICE-1089_CONTENT-5142-5142-33396-0049,1089,5142,,13.44,5,0.0,0.0,0.0,0.09911379833525127,0.07186543797766931,41.24762015473888,0,0.0,0.0,-1.0,HUBERT_BASE,6
6930-81414-0023_5142-33396-0012__T2__SCV3FIX__VOICE-5142_CONTENT-6930-6930-81414-0023,5142,6930,,-22.37,8,1.0,1.0,1.0,-0.13424674615162768,-0.17231375210767863,-38.74344395976442,1,4.0,4.0,0.0,HUBERT_BASE,6
6829-68771-0008_7127-75947-0033__T2__SCV3FIX__VOICE-7127_CONTENT-6829-6829-68771-0008,7127,6829,,7.59,13,0.0,0.0,0.0,0.0795416405959764,0.035406229302521464,27.688828893216737,0,0.0,0.0,-1.0,HUBERT_BASE,6
7729-102255-0000_1580-141084-0039__T1__SCV3FIX__VOICE-7729_CONTENT-1580-1580-141084-0039,7729,1580,,11.0,5,0.0,0.0,0.0,0.08579339956740392,0.06672412421317242,38.86560333640383,0,0.0,0.0,-1.0,HUBERT_BASE,6
3575-170457-0032_8455-210777-0058__T1__SCV3FIX__VOICE-3575_CONTENT-8455-8455-210777-0058,3575,8455,,2.03,5,0.4,0.4,0.4,0.03205882178617747,-0.0585953616460575,-0.12800431028659887,1,1.0,1.0,1.5,HUBERT_BASE,6
7176-92135-0023_1320-122617-0011__T2__SCV3FIX__VOICE-1320_CONTENT-7176-7176-92135-0023,1320,7176,,1.86,11,0.5454545454545454,0.0,0.0,0.052905096984345354,-0.0768899317780336,11.100375077951181,2,2.0,1.5,0.0,HUBERT_BASE,6
4446-2271-0024_672-122797-0018__T2__SCV3FIX__VOICE-672_CONTENT-4446-4446-2271-0024,672,4446,,-3.56,5,0.8,0.2,0.2,-0.025614326616097482,-0.13031388193158278,9.191196403871341,2,1.0,1.0,0.0,HUBERT_BASE,6
2830-3980-0045_237-126133-0019__T1__SCV3FIX__VOICE-2830_CONTENT-237-237-126133-0019,2830,237,,4.54,6,0.0,0.0,0.0,0.08972444432802819,0.046152422286768746,32.00394570352191,0,0.0,0.0,-1.0,HUBERT_BASE,6
7176-92135-0022_672-122797-0054__T2__SCV3FIX__VOICE-672_CONTENT-7176-7176-92135-0022,672,7176,,-15.29,7,1.0,1.0,1.0,-0.15048825310189828,-0.32690407140334066,-29.86260912697811,1,3.5,3.5,0.0,HUBERT_BASE,6
1580-141084-0042_6930-75918-0010__T2__SCV3FIX__VOICE-6930_CONTENT-1580-1580-141084-0042,6930,1580,,13.89,5,0.0,0.0,0.0,0.06454749228212442,0.041422902709292164,28.87799253526187,0,0.0,0.0,-1.0,HUBERT_BASE,6
1284-1180-0014_260-123440-0008__T2__SCV3FIX__VOICE-260_CONTENT-1284-1284-1180-0014,260,1284,,11.79,6,0.0,0.0,0.0,0.06276007123175713,0.013547954927533579,31.1222985115794,0,0.0,0.0,-1.0,HUBERT_BASE,6
2094-142345-0018_1320-122617-0018__T2__SCV3FIX__VOICE-1320_CONTENT-2094-2094-142345-0018,1320,2094,,8.03,5,0.4,0.0,0.0,-0.012674823061233065,-0.0650476204260374,25.527328224448002,0,0.0,0.0,-1.0,HUBERT_BASE,6
908-31957-0017_2094-142345-0005__T1__SCV3FIX__VOICE-908_CONTENT-2094-2094-142345-0005,908,2094,,17.2,14,0.0,0.0,0.0,0.10217983377256402,0.024588401657667847,42.776565395243416,0,0.0,0.0,-1.0,HUBERT_BASE,6
61-70968-0013_6829-68771-0028__T1__SCV3FIX__VOICE-61_CONTENT-6829-6829-68771-0028,61,6829,,13.34,6,0.0,0.0,0.0,0.11050140896825766,0.049585761603566536,38.28750720498192,0,0.0,0.0,-1.0,HUBERT_BASE,6
1089-134686-0024_1995-1836-0013__T2__SCV3FIX__VOICE-1995_CONTENT-1089-1089-134686-0024,1995,1089,,-28.48,9,1.0,1.0,1.0,-0.1175730925836182,-0.1599680940067647,-37.54831277773124,1,4.5,4.5,0.0,HUBERT_BASE,6
8455-210777-0046_2961-960-0017__T1__SCV3FIX__VOICE-8455_CONTENT-2961-2961-960-0017,8455,2961,,13.95,14,0.0,0.0,0.0,0.09191512045557704,0.009309591954554386,36.28782450752393,0,0.0,0.0,-1.0,HUBERT_BASE,6
6930-76324-0016_4970-29095-0018__T2__SCV3FIX__VOICE-4970_CONTENT-6930-6930-76324-0016,4970,6930,,-25.65,17,1.0,1.0,1.0,-0.11513592949570643,-0.209982127522077,-34.73519689910409,1,8.5,8.5,0.0,HUBERT_BASE,6
8455-210777-0004_4507-16021-0034__T1__SCV3FIX__VOICE-8455_CONTENT-4507-4507-16021-0034,8455,4507,,15.78,14,0.0,0.0,0.0,0.09218524478039918,0.032962087086673586,44.08720873993443,0,0.0,0.0,-1.0,HUBERT_BASE,6
1089-134686-0029_121-127105-0007__T1__SCV3FIX__VOICE-1089_CONTENT-121-121-127105-0007,1089,121,,10.3,8,0.25,0.0,0.0,0.07907464667019204,-0.04179001985665487,21.955160549193884,0,0.0,0.0,-1.0,HUBERT_BASE,6
4507-16021-0045_6829-68769-0012__T1__SCV3FIX__VOICE-4507_CONTENT-6829-6829-68769-0012,4507,6829,,-14.48,7,1.0,1.0,1.0,-0.052796892022225914,-0.1643519964726341,-24.696195389159648,1,3.5,3.5,0.0,HUBERT_BASE,6
7176-88083-0020_5683-32879-0003__T1__SCV3FIX__VOICE-7176_CONTENT-5683-5683-32879-0003,7176,5683,,11.88,9,0.0,0.0,0.0,0.1078242795257017,0.05707961060525735,33.679115873318146,0,0.0,0.0,-1.0,HUBERT_BASE,6
8555-284449-0012_1580-141084-0004__T2__SCV3FIX__VOICE-1580_CONTENT-8555-8555-284449-0012,1580,8555,,-14.9,17,0.5294117647058824,0.9411764705882353,0.5294117647058824,-0.010865874317633965,-0.10849827311003335,-21.916553849656783,3,2.0,1.3333333333333333,3.5,HUBERT_BASE,6
1995-1826-0016_6930-76324-0027__T1__SCV3FIX__VOICE-1995_CONTENT-6930-6930-76324-0027,1995,6930,,13.93,10,0.2,0.0,0.0,0.04720563805370666,-0.016512274411880967,41.03235823693787,1,1.0,1.0,0.5,HUBERT_BASE,6
1995-1826-0001_8463-287645-0012__T2__SCV3FIX__VOICE-8463_CONTENT-1995-1995-1826-0001,8463,1995,,16.79,9,0.0,0.0,0.0,0.10709742231735447,0.04660338347946902,43.21892112891034,0,0.0,0.0,-1.0,HUBERT_BASE,6
5142-33396-0001_6930-76324-0005__T2__SCV3FIX__VOICE-6930_CONTENT-5142-5142-33396-0001,6930,5142,,9.6,9,0.0,0.0,0.0,0.13811775221795963,0.03322660856550941,36.87887881733215,0,0.0,0.0,-1.0,HUBERT_BASE,6
3729-6852-0036_908-31957-0019__T1__SCV3FIX__VOICE-3729_CONTENT-908-908-31957-0019,3729,908,,-20.48,9,1.0,1.0,1.0,-0.11917860104028942,-0.18841374923909382,-37.6759429542668,1,4.5,4.5,0.0,HUBERT_BASE,6
260-123288-0012_7021-85628-0010__T2__SCV3FIX__VOICE-7021_CONTENT-260-260-123288-0012,7021,260,,11.9,6,0.16666666666666666,0.0,0.0,0.08172781061425266,-0.021395982159178373,35.21947235404827,0,0.0,0.0,-1.0,HUBERT_BASE,6
8555-284449-0002_61-70968-0001__T2__SCV3FIX__VOICE-61_CONTENT-8555-8555-284449-0002,61,8555,,10.15,6,0.0,0.0,0.0,0.10905243956718207,0.08204597070634012,30.51803415635564,0,0.0,0.0,-1.0,HUBERT_BASE,6
3575-170457-0027_1580-141083-0007__T2__SCV3FIX__VOICE-1580_CONTENT-3575-3575-170457-0027,1580,3575,,-17.09,8,1.0,1.0,1.0,-0.042904583781283395,-0.07138395166680334,-28.324800662710334,1,4.0,4.0,0.0,HUBERT_BASE,6
8555-292519-0013_5105-28241-0013__T2__SCV3FIX__VOICE-5105_CONTENT-8555-8555-292519-0013,5105,8555,,16.04,7,0.0,0.0,0.0,0.06579526410423134,0.031189616490542638,31.268448520060172,0,0.0,0.0,-1.0,HUBERT_BASE,6
5683-32866-0013_8555-284447-0024__T2__SCV3FIX__VOICE-8555_CONTENT-5683-5683-32866-0013,8555,5683,,11.98,8,0.625,0.0,0.0,-0.03780935496029443,-0.1527933096177283,20.767360619543545,1,2.5,2.5,1.5,HUBERT_BASE,6
237-126133-0010_6829-68769-0003__T2__SCV3FIX__VOICE-6829_CONTENT-237-237-126133-0010,6829,237,,2.14,7,0.14285714285714285,0.42857142857142855,0.14285714285714285,0.028235945464367727,-0.010585551618411904,5.563279975853914,0,0.0,0.0,-1.0,HUBERT_BASE,6
1580-141084-0029_5683-32879-0023__T1__SCV3FIX__VOICE-1580_CONTENT-5683-5683-32879-0023,1580,5683,,-11.31,8,1.0,1.0,1.0,-0.0667494579571459,-0.1282005717097452,-26.931717102532843,1,4.0,4.0,0.0,HUBERT_BASE,6
2830-3980-0004_4446-2275-0008__T1__SCV3FIX__VOICE-2830_CONTENT-4446-4446-2275-0008,2830,4446,,10.36,6,0.0,0.0,0.0,0.08333173261704528,0.0349499576901664,35.8703978459989,0,0.0,0.0,-1.0,HUBERT_BASE,6
7021-79730-0008_260-123288-0027__T2__SCV3FIX__VOICE-260_CONTENT-7021-7021-79730-0008,260,7021,,-6.52,11,0.45454545454545453,0.7272727272727273,0.2727272727272727,0.020328281539707147,-0.07346731775528026,-3.376824928362035,2,1.0,1.0,2.5,HUBERT_BASE,6
7127-75947-0015_2830-3980-0023__T1__SCV3FIX__VOICE-7127_CONTENT-2830-2830-3980-0023,7127,2830,,3.75,11,0.18181818181818182,0.09090909090909091,0.0,0.05995760388854665,-0.05832726341981542,11.688218657367834,1,1.0,1.0,3.0,HUBERT_BASE,6
2094-142345-0034_4507-16021-0051__T2__SCV3FIX__VOICE-4507_CONTENT-2094-2094-142345-0034,4507,2094,,-25.82,11,1.0,1.0,1.0,-0.059274788095360444,-0.10704451585303665,-30.43118397733792,1,5.5,5.5,0.0,HUBERT_BASE,6
5639-40744-0013_6829-68769-0039__T2__SCV3FIX__VOICE-6829_CONTENT-5639-5639-40744-0013,6829,5639,,-19.77,7,1.0,1.0,1.0,-0.09868045109587964,-0.1433540931539622,-38.95200516205148,1,3.5,3.5,0.0,HUBERT_BASE,6
260-123288-0008_237-134500-0033__T1__SCV3FIX__VOICE-260_CONTENT-237-237-134500-0033,260,237,,12.51,9,0.0,0.0,0.0,0.10879546156173128,0.031606852376133254,34.363179652697745,0,0.0,0.0,-1.0,HUBERT_BASE,6
5683-32879-0019_1284-1180-0025__T1__SCV3FIX__VOICE-5683_CONTENT-1284-1284-1180-0025,5683,1284,,-16.87,11,0.8181818181818182,1.0,0.8181818181818182,-0.021609939329679976,-0.04902607104477763,-24.67168925959979,3,2.5,1.5,0.0,HUBERT_BASE,6
1188-133604-0029_4077-13751-0006__T2__SCV3FIX__VOICE-4077_CONTENT-1188-1188-133604-0029,4077,1188,,-20.08,6,1.0,1.0,1.0,-0.10804088254174853,-0.18242080829330343,-34.99375614325563,1,3.0,3.0,0.0,HUBERT_BASE,6
2830-3980-0042_260-123288-0022__T1__SCV3FIX__VOICE-2830_CONTENT-260-260-123288-0022,2830,260,,7.88,5,0.0,0.0,0.0,0.10800348215882663,0.05078131961531451,29.59586131512491,0,0.0,0.0,-1.0,HUBERT_BASE,6
61-70970-0034_908-31957-0020__T2__SCV3FIX__VOICE-908_CONTENT-61-61-70970-0034,908,61,,-9.41,7,0.7142857142857143,0.8571428571428571,0.7142857142857143,-0.07976253938768012,-0.35509925370505235,-11.133997142779977,1,1.5,1.5,2.0,HUBERT_BASE,6
1221-135766-0009_5142-33396-0058__T2__SCV3FIX__VOICE-5142_CONTENT-1221-1221-135766-0009,5142,1221,,12.26,5,0.0,0.0,0.0,0.05914807642717843,0.012077388368471498,35.33606305182418,0,0.0,0.0,-1.0,HUBERT_BASE,6
61-70970-0013_7127-75947-0021__T1__SCV3FIX__VOICE-61_CONTENT-7127-7127-75947-0021,61,7127,,5.69,6,0.0,0.0,0.0,0.19283461914403124,0.0791353081219851,33.80165027011197,0,0.0,0.0,-1.0,HUBERT_BASE,6
1995-1837-0013_7176-92135-0009__T2__SCV3FIX__VOICE-7176_CONTENT-1995-1995-1837-0013,7176,1995,,8.84,5,0.0,0.0,0.0,0.11561632552409325,0.09138749757769393,42.042023562531504,0,0.0,0.0,-1.0,HUBERT_BASE,6
1995-1826-0011_8463-287645-0014__T2__SCV3FIX__VOICE-8463_CONTENT-1995-1995-1826-0011,8463,1995,,16.47,5,0.0,0.0,0.0,0.15158335470872691,0.09978545107263392,41.86476821365542,0,0.0,0.0,-1.0,HUBERT_BASE,6
6829-68769-0033_5142-36377-0010__T1__SCV3FIX__VOICE-6829_CONTENT-5142-5142-36377-0010,6829,5142,,2.36,7,0.42857142857142855,0.14285714285714285,0.14285714285714285,0.030453578342944092,-0.0711860119168567,14.961193813472505,1,1.0,1.0,0.0,HUBERT_BASE,6
5142-33396-0018_8463-294828-0011__T1__SCV3FIX__VOICE-5142_CONTENT-8463-8463-294828-0011,5142,8463,,-4.42,6,0.6666666666666666,1.0,0.6666666666666666,-0.03898319272165832,-0.17588835462127628,-9.43246980640007,1,2.0,2.0,0.0,HUBERT_BASE,6
8455-210777-0052_61-70970-0014__T2__SCV3FIX__VOICE-61_CONTENT-8455-8455-210777-0052,61,8455,,3.77,4,0.0,0.0,0.0,0.04063631867431031,0.0029481705656685397,17.041447848678825,0,0.0,0.0,-1.0,HUBERT_BASE,6
1580-141083-0008_7729-102255-0020__T1__SCV3FIX__VOICE-1580_CONTENT-7729-7729-102255-0020,1580,7729,,-13.07,7,1.0,1.0,1.0,-0.05443213627389961,-0.09889262716872338,-29.104124579273556,1,3.5,3.5,0.0,HUBERT_BASE,6
1320-122612-0001_2300-131720-0002__T2__SCV3FIX__VOICE-2300_CONTENT-1320-1320-122612-0001,2300,1320,,-0.51,18,0.5555555555555556,0.2777777777777778,0.2777777777777778,0.0003317403610609652,-0.22594579580519925,7.657877753525069,2,2.5,2.0,0.0,HUBERT_BASE,6
3575-170457-0048_1580-141084-0033__T1__SCV3FIX__VOICE-3575_CONTENT-1580-1580-141084-0033,3575,1580,,-24.58,10,1.0,1.0,1.0,-0.0629128532281062,-0.13540369808493602,-30.852044868937515,1,5.0,5.0,0.0,HUBERT_BASE,6
8463-294825-0019_1320-122617-0005__T2__SCV3FIX__VOICE-1320_CONTENT-8463-8463-294825-0019,1320,8463,,14.9,5,0.0,0.0,0.0,0.14475842882195689,0.09557963365841304,33.04726210569247,0,0.0,0.0,-1.0,HUBERT_BASE,6
6930-76324-0001_1580-141083-0050__T1__SCV3FIX__VOICE-6930_CONTENT-1580-1580-141083-0050,6930,1580,,12.52,5,0.0,0.0,0.0,0.07700989677963115,0.044629753115347004,33.726410642534994,0,0.0,0.0,-1.0,HUBERT_BASE,6
2300-131720-0040_1320-122612-0001__T2__SCV3FIX__VOICE-1320_CONTENT-2300-2300-131720-0040,1320,2300,,-14.36,9,0.6666666666666666,1.0,0.6666666666666666,-0.04211438195630654,-0.1317057558558553,-17.89037783996509,2,1.5,1.25,0.0,HUBERT_BASE,6
7176-88083-0019_61-70968-0019__T2__SCV3FIX__VOICE-61_CONTENT-7176-7176-88083-0019,61,7176,,7.87,9,0.3333333333333333,0.0,0.0,0.0005486149991503764,-0.07735816382148897,11.004323595579322,1,1.0,1.0,1.0,HUBERT_BASE,6
672-122797-0067_6930-81414-0007__T1__SCV3FIX__VOICE-672_CONTENT-6930-6930-81414-0007,672,6930,,6.03,7,0.0,0.0,0.0,0.1475966577593994,0.11197519745841955,34.250770941121246,0,0.0,0.0,-1.0,HUBERT_BASE,6
1320-122617-0013_2094-142345-0036__T1__SCV3FIX__VOICE-1320_CONTENT-2094-2094-142345-0036,1320,2094,,14.5,12,0.0,0.0,0.0,0.15616585340627623,0.0662776338376736,39.62614582943793,0,0.0,0.0,-1.0,HUBERT_BASE,6
1995-1837-0019_672-122797-0023__T2__SCV3FIX__VOICE-672_CONTENT-1995-1995-1837-0019,672,1995,,9.32,9,0.0,0.0,0.0,0.18726126673633098,0.126109120707798,46.25113095189812,0,0.0,0.0,-1.0,HUBERT_BASE,6
4446-2273-0018_61-70968-0043__T2__SCV3FIX__VOICE-61_CONTENT-4446-4446-2273-0018,61,4446,,13.13,5,0.0,0.0,0.0,0.10516533806410513,0.0788192146880996,29.945230482594106,0,0.0,0.0,-1.0,HUBERT_BASE,6
8230-279154-0030_121-127105-0001__T1__SCV3FIX__VOICE-8230_CONTENT-121-121-127105-0001,8230,121,,10.39,9,0.0,0.0,0.0,0.10156290857080524,0.06644398237163318,39.61146654767342,0,0.0,0.0,-1.0,HUBERT_BASE,6
4077-13751-0009_908-157963-0017__T2__SCV3FIX__VOICE-908_CONTENT-4077-4077-13751-0009,908,4077,,14.87,8,0.0,0.0,0.0,0.06499152671598768,0.0433430035667588,33.435532088961345,0,0.0,0.0,-1.0,HUBERT_BASE,6
3570-5694-0021_237-134500-0014__T1__SCV3FIX__VOICE-3570_CONTENT-237-237-134500-0014,3570,237,,-7.63,7,0.7142857142857143,0.8571428571428571,0.7142857142857143,-0.05595073379191277,-0.13875579556472784,-25.02068396803642,1,2.5,2.5,1.0,HUBERT_BASE,6
61-70968-0030_4507-16021-0055__T2__SCV3FIX__VOICE-4507_CONTENT-61-61-70968-0030,4507,61,,14.19,10,0.0,0.0,0.0,0.09550105467108633,0.05017083782943854,36.92217719114012,0,0.0,0.0,-1.0,HUBERT_BASE,6
7176-92135-0035_4992-23283-0003__T2__SCV3FIX__VOICE-4992_CONTENT-7176-7176-92135-0035,4992,7176,,-16.91,5,1.0,1.0,1.0,-0.12216972268722828,-0.19264942022309195,-32.66462600489664,1,2.5,2.5,0.0,HUBERT_BASE,6
6930-81414-0003_5683-32879-0016__T2__SCV3FIX__VOICE-5683_CONTENT-6930-6930-81414-0003,5683,6930,,4.82,5,0.0,0.0,0.0,0.0450392344164539,0.02176963979976254,34.08935636955391,0,0.0,0.0,-1.0,HUBERT_BASE,6
672-122797-0070_3570-5695-0006__T1__SCV3FIX__VOICE-672_CONTENT-3570-3570-5695-0006,672,3570,,17.31,11,0.0,0.0,0.0,0.10541085244321763,0.07203072594769155,46.702264449851164,0,0.0,0.0,-1.0,HUBERT_BASE,6
7176-88083-0002_8455-210777-0023__T2__SCV3FIX__VOICE-8455_CONTENT-7176-7176-88083-0002,8455,7176,,-15.61,8,0.75,1.0,0.75,-0.0036820867500453464,-0.05723047142008786,-18.359538252792916,1,2.5,2.5,1.5,HUBERT_BASE,6
121-127105-0002_4446-2273-0036__T2__SCV3FIX__VOICE-4446_CONTENT-121-121-127105-0002,4446,121,,-9.11,5,0.8,0.8,0.6,-0.03731107704165695,-0.07269155316432452,-5.459396170990969,2,1.0,1.0,0.0,HUBERT_BASE,6
4507-16021-0005_8463-294825-0006__T2__SCV3FIX__VOICE-8463_CONTENT-4507-4507-16021-0005,8463,4507,,-0.97,7,0.2857142857142857,0.2857142857142857,0.14285714285714285,0.002067088736213069,-0.09378468802756545,7.2481497211134585,0,0.0,0.0,-1.0,HUBERT_BASE,6
5639-40744-0017_908-31957-0013__T1__SCV3FIX__VOICE-5639_CONTENT-908-908-31957-0013,5639,908,,-17.66,10,1.0,1.0,1.0,-0.10982540976315125,-0.22789144060208333,-26.853767706985984,1,5.0,5.0,0.0,HUBERT_BASE,6
6930-75918-0008_260-123288-0006__T2__SCV3FIX__VOICE-260_CONTENT-6930-6930-75918-0008,260,6930,,-24.59,8,1.0,1.0,1.0,-0.09213748599031339,-0.14538228018664257,-23.910357601097324,1,4.0,4.0,0.0,HUBERT_BASE,6
1284-1181-0014_2094-142345-0001__T1__SCV3FIX__VOICE-1284_CONTENT-2094-2094-142345-0001,1284,2094,,-9.66,14,0.7857142857142857,0.7857142857142857,0.7142857142857143,-0.04204773250586718,-0.1379988330419627,-11.771644269630086,2,4.5,2.75,0.0,HUBERT_BASE,6
5683-32866-0010_7127-75946-0004__T1__SCV3FIX__VOICE-5683_CONTENT-7127-7127-75946-0004,5683,7127,,-19.32,7,1.0,1.0,1.0,-0.06028854906582269,-0.11959999241287489,-29.11613346704442,1,3.5,3.5,0.0,HUBERT_BASE,6
8463-294828-0017_4446-2273-0027__T1__SCV3FIX__VOICE-8463_CONTENT-4446-4446-2273-0027,8463,4446,,-13.81,6,1.0,1.0,1.0,-0.06642325730727255,-0.11156386578853406,-15.941522864285185,1,3.0,3.0,0.0,HUBERT_BASE,6
6829-68771-0016_8224-274384-0009__T1__SCV3FIX__VOICE-6829_CONTENT-8224-8224-274384-0009,6829,8224,,-19.99,8,1.0,1.0,1.0,-0.09292780597750734,-0.14372241014549125,-41.887133338198744,1,4.0,4.0,0.0,HUBERT_BASE,6
1320-122617-0020_61-70970-0019__T2__SCV3FIX__VOICE-61_CONTENT-1320-1320-122617-0020,61,1320,,4.08,6,0.0,0.0,0.0,0.05102721873341589,0.045514471856107575,15.120668966562674,0,0.0,0.0,-1.0,HUBERT_BASE,6
6829-68769-0032_2830-3980-0063__T2__SCV3FIX__VOICE-2830_CONTENT-6829-6829-68769-0032,2830,6829,,12.14,9,0.0,0.0,0.0,0.13523492962474176,0.10171973940702239,40.77500368248682,0,0.0,0.0,-1.0,HUBERT_BASE,6
1320-122617-0025_2961-961-0001__T1__SCV3FIX__VOICE-1320_CONTENT-2961-2961-961-0001,1320,2961,,15.76,11,0.0,0.0,0.0,0.16214772932753133,0.08134370879564168,44.419978792899705,0,0.0,0.0,-1.0,HUBERT_BASE,6
5142-33396-0018_2094-142345-0043__T1__SCV3FIX__VOICE-5142_CONTENT-2094-2094-142345-0043,5142,2094,,8.24,6,0.16666666666666666,0.0,0.0,0.05093352547292621,-0.009080275809274063,20.05666160727053,0,0.0,0.0,-1.0,HUBERT_BASE,6
8455-210777-0017_672-122797-0038__T2__SCV3FIX__VOICE-672_CONTENT-8455-8455-210777-0017,672,8455,,4.71,9,0.1111111111111111,0.1111111111111111,0.0,0.04479758757697735,-0.07266789082290914,13.951598049710746,0,0.0,0.0,-1.0,HUBERT_BASE,6
4446-2271-0009_8463-294828-0011__T2__SCV3FIX__VOICE-8463_CONTENT-4446-4446-2271-0009,8463,4446,,12.15,6,0.0,0.0,0.0,0.04971889715117517,0.007501364051361259,31.352854380603688,0,0.0,0.0,-1.0,HUBERT_BASE,6
1580-141084-0019_3729-6852-0016__T1__SCV3FIX__VOICE-1580_CONTENT-3729-3729-6852-0016,1580,3729,,-18.62,5,1.0,1.0,1.0,-0.07220406288927506,-0.1000958124702711,-30.12444148662891,1,2.5,2.5,0.0,HUBERT_BASE,6
5639-40744-0004_7127-75946-0017__T1__SCV3FIX__VOICE-5639_CONTENT-7127-7127-75946-0017,5639,7127,,-6.55,23,0.5217391304347826,1.0,0.5217391304347826,-0.024190011634126346,-0.2076023165172829,-10.947311596325314,3,2.5,1.5,3.5,HUBERT_BASE,6
2961-961-0013_5105-28241-0017__T1__SCV3FIX__VOICE-2961_CONTENT-5105-5105-28241-0017,2961,5105,,-16.65,9,0.8888888888888888,1.0,0.8888888888888888,-0.05982348936103962,-0.12592859720245875,-29.08583197011272,1,4.0,4.0,0.0,HUBERT_BASE,6
2830-3980-0069_1089-134686-0002__T1__SCV3FIX__VOICE-2830_CONTENT-1089-1089-134686-0002,2830,1089,,-5.02,10,0.8,0.8,0.7,-0.08658132675249583,-0.20497190542357213,-8.155441743445124,3,2.0,1.3333333333333333,0.0,HUBERT_BASE,6
7021-85628-0022_61-70968-0001__T2__SCV3FIX__VOICE-61_CONTENT-7021-7021-85628-0022,61,7021,,-11.71,6,1.0,1.0,1.0,-0.09393105964412811,-0.14149027366306044,-31.279315895228052,1,3.0,3.0,0.0,HUBERT_BASE,6
6829-68771-0029_4992-41797-0011__T1__SCV3FIX__VOICE-6829_CONTENT-4992-4992-41797-0011,6829,4992,,-19.72,9,1.0,1.0,1.0,-0.06936214934971817,-0.09875690739528431,-39.98761348954472,1,4.5,4.5,0.0,HUBERT_BASE,6
2830-3980-0012_1320-122617-0027__T1__SCV3FIX__VOICE-2830_CONTENT-1320-1320-122617-0027,2830,1320,,12.39,5,0.2,0.0,0.0,0.047344618019272075,-0.007023871223154732,30.814800193301163,0,0.0,0.0,-1.0,HUBERT_BASE,6
121-127105-0029_5142-33396-0065__T1__SCV3FIX__VOICE-121_CONTENT-5142-5142-33396-0065,121,5142,,-17.47,9,1.0,1.0,1.0,-0.07084132776121109,-0.20825215880995995,-24.800781593253713,1,4.5,4.5,0.0,HUBERT_BASE,6
3570-5696-0004_1320-122617-0023__T1__SCV3FIX__VOICE-3570_CONTENT-1320-1320-122617-0023,3570,1320,,-29.2,8,1.0,1.0,1.0,-0.09881150214812358,-0.14615655524221383,-41.79597405700649,1,4.0,4.0,0.0,HUBERT_BASE,6
5142-36377-0001_5683-32866-0012__T2__SCV3FIX__VOICE-5683_CONTENT-5142-5142-36377-0001,5683,5142,,-0.97,9,0.5555555555555556,0.4444444444444444,0.2222222222222222,0.008355933282467594,-0.03851562661387331,5.715950117144896,2,1.5,1.25,0.0,HUBERT_BASE,6
7127-75946-0022_8230-279154-0017__T1__SCV3FIX__VOICE-7127_CONTENT-8230-8230-279154-0017,7127,8230,,10.4,14,0.0,0.0,0.0,0.10529279935944855,0.03885895167708697,28.38338989127779,0,0.0,0.0,-1.0,HUBERT_BASE,6
2830-3980-0053_6930-81414-0020__T1__SCV3FIX__VOICE-2830_CONTENT-6930-6930-81414-0020,2830,6930,,11.9,9,0.0,0.0,0.0,0.1116756554833345,0.06315118618667181,36.75479145090343,0,0.0,0.0,-1.0,HUBERT_BASE,6
7729-102255-0043_5142-33396-0023__T2__SCV3FIX__VOICE-5142_CONTENT-7729-7729-102255-0043,5142,7729,,-18.93,5,1.0,1.0,1.0,-0.07415081362697569,-0.09866779845312712,-30.982036420902052,1,2.5,2.5,0.0,HUBERT_BASE,6
8455-210777-0009_4970-29093-0004__T2__SCV3FIX__VOICE-4970_CONTENT-8455-8455-210777-0009,4970,8455,,-17.11,6,1.0,1.0,1.0,-0.07867778125027554,-0.1021225310259044,-29.904282468876072,1,3.0,3.0,0.0,HUBERT_BASE,6
61-70968-0017_2961-960-0022__T1__SCV3FIX__VOICE-61_CONTENT-2961-2961-960-0022,61,2961,,10.48,9,0.0,0.0,0.0,0.11235895802336099,0.036307751406260746,33.68022846388272,0,0.0,0.0,-1.0,HUBERT_BASE,6
908-31957-0018_7021-85628-0011__T2__SCV3FIX__VOICE-7021_CONTENT-908-908-31957-0018,7021,908,,2.86,6,0.5,0.16666666666666666,0.16666666666666666,-0.004244546576971635,-0.0838509185233296,7.050175402147029,1,1.0,1.0,0.0,HUBERT_BASE,6
5142-33396-0026_8455-210777-0059__T2__SCV3FIX__VOICE-8455_CONTENT-5142-5142-33396-0026,8455,5142,,9.4,5,0.0,0.0,0.0,0.17755142313203556,0.11048209965870703,40.89334496936451,0,0.0,0.0,-1.0,HUBERT_BASE,6
6829-68769-0030_2094-142345-0037__T1__SCV3FIX__VOICE-6829_CONTENT-2094-2094-142345-0037,6829,2094,,3.48,8,0.25,0.0,0.0,0.06371636943184,-0.02305692388197067,13.613046338114328,1,1.0,1.0,0.0,HUBERT_BASE,6
3575-170457-0019_2961-960-0018__T1__SCV3FIX__VOICE-3575_CONTENT-2961-2961-960-0018,3575,2961,,-19.53,11,1.0,1.0,1.0,-0.09167491000355438,-0.1519786089065338,-34.69493853194169,1,5.5,5.5,0.0,HUBERT_BASE,6
1089-134691-0015_5683-32879-0011__T2__SCV3FIX__VOICE-5683_CONTENT-1089-1089-134691-0015,5683,1089,,-19.86,4,1.0,1.0,1.0,-0.10379882233795618,-0.1684839095751155,-41.34799365481011,1,2.0,2.0,0.0,HUBERT_BASE,6
7127-75946-0025_2830-3980-0020__T1__SCV3FIX__VOICE-7127_CONTENT-2830-2830-3980-0020,7127,2830,,-13.03,5,1.0,1.0,1.0,-0.08980768769217495,-0.1556810810837802,-24.16780462861002,1,2.5,2.5,0.0,HUBERT_BASE,6
2961-961-0020_4446-2275-0012__T2__SCV3FIX__VOICE-4446_CONTENT-2961-2961-961-0020,4446,2961,,-15.06,11,1.0,1.0,1.0,-0.06473853088156208,-0.13353569810224197,-24.050229665776055,1,5.5,5.5,0.0,HUBERT_BASE,6
4446-2275-0026_1580-141084-0048__T2__SCV3FIX__VOICE-1580_CONTENT-4446-4446-2275-0026,1580,4446,,-8.11,9,0.3333333333333333,0.4444444444444444,0.2222222222222222,0.027298816909085446,-0.06026518224348787,3.5670472775699906,1,1.0,1.0,3.5,HUBERT_BASE,6
7729-102255-0036_1580-141083-0031__T2__SCV3FIX__VOICE-1580_CONTENT-7729-7729-102255-0036,1580,7729,,14.97,11,0.0,0.0,0.0,0.09033862081724775,0.010442686027893444,21.239233098851706,0,0.0,0.0,-1.0,HUBERT_BASE,6
4507-16021-0015_1580-141084-0049__T1__SCV3FIX__VOICE-4507_CONTENT-1580-1580-141084-0049,4507,1580,,10.46,6,0.0,0.0,0.0,0.12191771253534091,0.02437967013237119,42.512366892473516,0,0.0,0.0,-1.0,HUBERT_BASE,6
3575-170457-0051_4507-16021-0001__T2__SCV3FIX__VOICE-4507_CONTENT-3575-3575-170457-0051,4507,3575,,7.15,7,0.0,0.0,0.0,0.07545670409729065,0.0038963001970454547,32.34165137565531,0,0.0,0.0,-1.0,HUBERT_BASE,6
2961-960-0014_2830-3980-0010__T2__SCV3FIX__VOICE-2830_CONTENT-2961-2961-960-0014,2830,2961,,15.16,12,0.08333333333333333,0.0,0.0,0.06460716399238214,-0.02276635260148241,31.61633390239032,0,0.0,0.0,-1.0,HUBERT_BASE,6
5142-33396-0014_4446-2275-0040__T2__SCV3FIX__VOICE-4446_CONTENT-5142-5142-33396-0014,4446,5142,,-2.82,5,0.2,0.4,0.0,0.014305247738861993,-0.027857414378218315,7.644433457846968,0,0.0,0.0,-1.0,HUBERT_BASE,6
7176-92135-0038_260-123288-0027__T1__SCV3FIX__VOICE-7176_CONTENT-260-260-123288-0027,7176,260,,6.03,11,0.18181818181818182,0.0,0.0,0.043716380373883416,-0.00838661177074429,18.659035430527783,0,0.0,0.0,-1.0,HUBERT_BASE,6
1995-1826-0005_61-70970-0024__T2__SCV3FIX__VOICE-61_CONTENT-1995-1995-1826-0005,61,1995,,9.6,9,0.0,0.0,0.0,0.1656673533864379,0.11945897813887585,39.92856600415314,0,0.0,0.0,-1.0,HUBERT_BASE,6
6829-68771-0028_2300-131720-0007__T2__SCV3FIX__VOICE-2300_CONTENT-6829-6829-68771-0028,2300,6829,,13.34,6,0.0,0.0,0.0,0.1310351846573724,0.05687171630205001,44.084600679054894,0,0.0,0.0,-1.0,HUBERT_BASE,6
5142-33396-0064_8555-292519-0012__T1__SCV3FIX__VOICE-5142_CONTENT-8555-8555-292519-0012,5142,8555,,-4.65,5,0.6,1.0,0.6,0.026399864079888747,-0.016210978085608452,-18.44048726999849,1,1.0,1.0,0.0,HUBERT_BASE,6
4992-23283-0016_61-70968-0004__T1__SCV3FIX__VOICE-4992_CONTENT-61-61-70968-0004,4992,61,,-12.14,6,1.0,1.0,1.0,-0.04989717519063297,-0.07968509512825095,-22.713465975693115,1,3.0,3.0,0.0,HUBERT_BASE,6
3570-5694-0018_8555-284447-0010__T2__SCV3FIX__VOICE-8555_CONTENT-3570-3570-5694-0018,8555,3570,,11.83,14,0.0,0.0,0.0,0.05324970276423234,0.011063095176247484,32.197727624951014,0,0.0,0.0,-1.0,HUBERT_BASE,6
5639-40744-0012_5683-32879-0021__T2__SCV3FIX__VOICE-5683_CONTENT-5639-5639-40744-0012,5683,5639,,19.44,7,0.0,0.0,0.0,0.13920518753807296,0.059512736770127805,44.193524880225766,0,0.0,0.0,-1.0,HUBERT_BASE,6
237-134493-0006_4446-2271-0008__T2__SCV3FIX__VOICE-4446_CONTENT-237-237-134493-0006,4446,237,,10.29,7,0.0,0.0,0.0,0.09000267391743597,0.022163333707445054,36.26620918691045,0,0.0,0.0,-1.0,HUBERT_BASE,6
6829-68769-0022_1580-141084-0031__T2__SCV3FIX__VOICE-1580_CONTENT-6829-6829-68769-0022,1580,6829,,-15.34,7,1.0,1.0,1.0,-0.03561438098589596,-0.07592362013603815,-24.453260589436077,1,3.5,3.5,0.0,HUBERT_BASE,6
5105-28240-0006_2830-3979-0006__T1__SCV3FIX__VOICE-5105_CONTENT-2830-2830-3979-0006,5105,2830,,12.88,8,0.0,0.0,0.0,0.09094903553315985,0.048034786217343806,26.68161592797127,0,0.0,0.0,-1.0,HUBERT_BASE,6
8224-274384-0002_4446-2275-0019__T2__SCV3FIX__VOICE-4446_CONTENT-8224-8224-274384-0002,4446,8224,,-31.64,8,1.0,1.0,1.0,-0.047662982542415355,-0.07711500565133433,-41.55980363822778,1,4.0,4.0,0.0,HUBERT_BASE,6
6930-76324-0012_8463-294828-0034__T2__SCV3FIX__VOICE-8463_CONTENT-6930-6930-76324-0012,8463,6930,,-1.94,6,0.6666666666666666,0.3333333333333333,0.3333333333333333,-0.008225519369068901,-0.08413982724590219,2.6186712063604065,1,1.5,1.5,0.0,HUBERT_BASE,6
1580-141084-0003_61-70968-0055__T1__SCV3FIX__VOICE-1580_CONTENT-61-61-70968-0055,1580,61,,14.14,6,0.16666666666666666,0.0,0.0,0.05247660483529646,-0.050644816973879125,30.42445483998296,0,0.0,0.0,-1.0,HUBERT_BASE,6
61-70968-0040_3570-5694-0012__T1__SCV3FIX__VOICE-61_CONTENT-3570-3570-5694-0012,61,3570,,11.05,5,0.0,0.0,0.0,0.08770922174102139,0.0673392401578844,37.034930785150074,0,0.0,0.0,-1.0,HUBERT_BASE,6
121-121726-0001_3729-6852-0018__T1__SCV3FIX__VOICE-121_CONTENT-3729-3729-6852-0018,121,3729,,-4.1,9,1.0,0.6666666666666666,0.6666666666666666,-0.0994387495679536,-0.18403262628802808,-6.469133613310557,1,4.5,4.5,0.0,HUBERT_BASE,6
8555-284447-0010_7729-102255-0005__T1__SCV3FIX__VOICE-8555_CONTENT-7729-7729-102255-0005,8555,7729,,11.79,9,0.0,0.0,0.0,0.11573916282899571,0.060859563376813086,37.627211601322706,0,0.0,0.0,-1.0,HUBERT_BASE,6
5142-36377-0004_61-70970-0002__T1__SCV3FIX__VOICE-5142_CONTENT-61-61-70970-0002,5142,61,,-22.84,7,1.0,1.0,1.0,-0.08415675942210525,-0.10977447628388148,-32.02691389626339,1,3.5,3.5,0.0,HUBERT_BASE,6
5683-32879-0013_121-127105-0003__T1__SCV3FIX__VOICE-5683_CONTENT-121-121-127105-0003,5683,121,,13.52,14,0.0,0.0,0.0,0.11766423709634778,0.023981280700326235,35.036370509271514,0,0.0,0.0,-1.0,HUBERT_BASE,6
2961-961-0013_5105-28241-0017__T2__SCV3FIX__VOICE-5105_CONTENT-2961-2961-961-0013,5105,2961,,9.77,9,0.0,0.0,0.0,0.047673319903939165,0.007630472906010488,25.317044612871438,0,0.0,0.0,-1.0,HUBERT_BASE,6
3729-6852-0037_8463-287645-0000__T2__SCV3FIX__VOICE-8463_CONTENT-3729-3729-6852-0037,8463,3729,,11.11,8,0.0,0.0,0.0,0.03221220469489795,0.0022484064992646102,30.953782109709234,0,0.0,0.0,-1.0,HUBERT_BASE,6
3729-6852-0023_1089-134686-0032__T1__SCV3FIX__VOICE-3729_CONTENT-1089-1089-134686-0032,3729,1089,,-18.33,7,1.0,1.0,1.0,-0.09529496266873554,-0.13508839050996835,-36.58630688128472,1,3.5,3.5,0.0,HUBERT_BASE,6
2961-961-0000_1320-122617-0014__T1__SCV3FIX__VOICE-2961_CONTENT-1320-1320-122617-0014,2961,1320,,-27.65,8,1.0,1.0,1.0,-0.1620447151648663,-0.22234713586525212,-43.20960110616619,1,4.0,4.0,0.0,HUBERT_BASE,6
7176-92135-0028_6930-81414-0022__T2__SCV3FIX__VOICE-6930_CONTENT-7176-7176-92135-0028,6930,7176,,15.24,5,0.0,0.0,0.0,0.05314620757149939,0.03599303888814087,27.500857430310997,0,0.0,0.0,-1.0,HUBERT_BASE,6
1284-1180-0010_1580-141084-0008__T1__SCV3FIX__VOICE-1284_CONTENT-1580-1580-141084-0008,1284,1580,,15.05,12,0.08333333333333333,0.0,0.0,0.04619635949928966,-0.011840224734980143,40.4870058907099,0,0.0,0.0,-1.0,HUBERT_BASE,6
1221-135767-0005_61-70970-0020__T1__SCV3FIX__VOICE-1221_CONTENT-61-61-70970-0020,1221,61,,-19.97,9,1.0,1.0,1.0,-0.09778908083064666,-0.2173811438828609,-33.86641956252967,1,4.5,4.5,0.0,HUBERT_BASE,6
8455-210777-0053_3575-170457-0033__T2__SCV3FIX__VOICE-3575_CONTENT-8455-8455-210777-0053,3575,8455,,-20.35,12,1.0,1.0,1.0,-0.1387625236286578,-0.28151924532992023,-42.75899397901036,1,6.0,6.0,0.0,HUBERT_BASE,6
5142-33396-0036_4970-29093-0020__T1__SCV3FIX__VOICE-5142_CONTENT-4970-4970-29093-0020,5142,4970,,9.79,7,0.0,0.0,0.0,0.08066919672955496,0.020134209169097694,32.57554920534358,0,0.0,0.0,-1.0,HUBERT_BASE,6
2830-3980-0035_3575-170457-0019__T1__SCV3FIX__VOICE-2830_CONTENT-3575-3575-170457-0019,2830,3575,,13.23,5,0.0,0.0,0.0,0.08398453254462268,0.06150836159451256,45.18233722699383,0,0.0,0.0,-1.0,HUBERT_BASE,6
8463-294828-0023_1580-141083-0036__T2__SCV3FIX__VOICE-1580_CONTENT-8463-8463-294828-0023,1580,8463,,9.47,6,0.0,0.0,0.0,0.06898735805219237,0.033284365465141574,20.84387459366545,0,0.0,0.0,-1.0,HUBERT_BASE,6
4970-29095-0025_2830-3980-0005__T2__SCV3FIX__VOICE-2830_CONTENT-4970-4970-29095-0025,2830,4970,,14.26,6,0.0,0.0,0.0,0.1914338827783925,0.10678488439046296,48.954340067592625,0,0.0,0.0,-1.0,HUBERT_BASE,6
6930-76324-0001_7729-102255-0000__T1__SCV3FIX__VOICE-6930_CONTENT-7729-7729-102255-0000,6930,7729,,-16.19,5,1.0,1.0,1.0,-0.08001481909344037,-0.1344959390533289,-29.147361159335013,1,2.5,2.5,0.0,HUBERT_BASE,6
8455-210777-0065_1320-122617-0022__T1__SCV3FIX__VOICE-8455_CONTENT-1320-1320-122617-0022,8455,1320,,-18.98,6,0.6666666666666666,0.6666666666666666,0.6666666666666666,-0.020383371437408333,-0.11914326061855929,-14.235665665219456,1,2.0,2.0,0.0,HUBERT_BASE,6
1089-134686-0028_6829-68771-0025__T2__SCV3FIX__VOICE-6829_CONTENT-1089-1089-134686-0028,6829,1089,,-21.92,14,1.0,1.0,1.0,-0.11331491683765028,-0.25389880947497534,-39.114459852192375,1,7.0,7.0,0.0,HUBERT_BASE,6
8463-294828-0031_121-127105-0007__T2__SCV3FIX__VOICE-121_CONTENT-8463-8463-294828-0031,121,8463,,7.31,10,0.0,0.0,0.0,0.08435149969962044,0.017902075886312763,34.85690684409475,0,0.0,0.0,-1.0,HUBERT_BASE,6
6829-68769-0027_1089-134686-0010__T1__SCV3FIX__VOICE-6829_CONTENT-1089-1089-134686-0010,6829,1089,,-28.06,5,0.8,1.0,0.8,-0.07073767158749492,-0.17168885126058941,-36.851090192179996,1,2.0,2.0,0.5,HUBERT_BASE,6
8463-294828-0032_260-123288-0018__T2__SCV3FIX__VOICE-260_CONTENT-8463-8463-294828-0032,260,8463,,16.38,5,0.0,0.0,0.0,0.06009658365988357,0.023370378393635982,37.36165319565853,0,0.0,0.0,-1.0,HUBERT_BASE,6
6930-76324-0027_5683-32879-0011__T2__SCV3FIX__VOICE-5683_CONTENT-6930-6930-76324-0027,5683,6930,,-0.77,15,0.6,0.5333333333333333,0.3333333333333333,-0.02181133547771709,-0.10251606171113259,1.0320092206812326,2,2.5,2.25,0.0,HUBERT_BASE,6
6930-75918-0001_3570-5694-0011__T1__SCV3FIX__VOICE-6930_CONTENT-3570-3570-5694-0011,6930,3570,,12.37,21,0.0,0.0,0.0,0.08746625305241446,0.04340481440591526,42.01113430198361,0,0.0,0.0,-1.0,HUBERT_BASE,6
1580-141083-0000_7729-102255-0030__T2__SCV3FIX__VOICE-7729_CONTENT-1580-1580-141083-0000,7729,1580,,9.99,13,0.0,0.0,0.0,0.09722728178517154,0.04453636037391817,43.424838453757545,0,0.0,0.0,-1.0,HUBERT_BASE,6
8463-287645-0011_1284-1181-0010__T2__SCV3FIX__VOICE-1284_CONTENT-8463-8463-287645-0011,1284,8463,,-21.67,11,1.0,1.0,1.0,-0.06676903184199688,-0.09756785436044102,-31.091298975715596,1,5.5,5.5,0.0,HUBERT_BASE,6
260-123440-0011_1320-122617-0016__T2__SCV3FIX__VOICE-1320_CONTENT-260-260-123440-0011,1320,260,,9.2,8,0.0,0.0,0.0,0.10836021818188987,0.05243039026303764,31.448208779469272,0,0.0,0.0,-1.0,HUBERT_BASE,6
61-70968-0025_1995-1837-0010__T2__SCV3FIX__VOICE-1995_CONTENT-61-61-70968-0025,1995,61,,-19.78,5,1.0,1.0,1.0,-0.091709236649724,-0.1252811104749214,-29.48635174329217,1,2.5,2.5,0.0,HUBERT_BASE,6
5142-33396-0009_8463-294828-0027__T2__SCV3FIX__VOICE-8463_CONTENT-5142-5142-33396-0009,8463,5142,,7.38,5,0.0,0.0,0.0,0.058851258108688895,0.04251534071222529,29.29852570754615,0,0.0,0.0,-1.0,HUBERT_BASE,6
1284-1180-0020_8555-284447-0005__T1__SCV3FIX__VOICE-1284_CONTENT-8555-8555-284447-0005,1284,8555,,-14.04,10,0.8,1.0,0.8,-0.03994445807437015,-0.07643730013962935,-25.549851084591506,1,3.5,3.5,0.0,HUBERT_BASE,6
1320-122617-0006_5105-28240-0001__T2__SCV3FIX__VOICE-5105_CONTENT-1320-1320-122617-0006,5105,1320,,-0.77,10,0.5,0.5,0.3,-0.007769273663728982,-0.15752976817737707,-3.390632987056555,2,1.5,1.25,1.5,HUBERT_BASE,6
61-70970-0037_1089-134691-0017__T2__SCV3FIX__VOICE-1089_CONTENT-61-61-70970-0037,1089,61,,-5.93,10,0.5,0.4,0.2,-0.00882490467777467,-0.17937237734705191,0.43687813285607735,2,1.5,1.25,0.5,HUBERT_BASE,6
7127-75947-0016_4507-16021-0059__T2__SCV3FIX__VOICE-4507_CONTENT-7127-7127-75947-0016,4507,7127,,-15.12,10,1.0,1.0,1.0,-0.11332315039766869,-0.17030047987933472,-32.43140745951659,1,5.0,5.0,0.0,HUBERT_BASE,6
4446-2275-0005_7176-92135-0016__T2__SCV3FIX__VOICE-7176_CONTENT-4446-4446-2275-0005,7176,4446,,12.86,7,0.0,0.0,0.0,0.07607652632260545,0.030508282827119926,42.65150199776264,0,0.0,0.0,-1.0,HUBERT_BASE,6
121-127105-0019_1284-1181-0017__T2__SCV3FIX__VOICE-1284_CONTENT-121-121-127105-0019,1284,121,,4.52,6,0.16666666666666666,0.0,0.0,0.049193817718577004,-0.02095049577773689,18.591919220131683,0,0.0,0.0,-1.0,HUBERT_BASE,6
5683-32866-0004_5105-28233-0001__T2__SCV3FIX__VOICE-5105_CONTENT-5683-5683-32866-0004,5105,5683,,13.4,7,0.0,0.0,0.0,0.1021305108364864,0.0011295676005471655,31.844205518363545,0,0.0,0.0,-1.0,HUBERT_BASE,6
5683-32879-0014_8463-294828-0033__T1__SCV3FIX__VOICE-5683_CONTENT-8463-8463-294828-0033,5683,8463,,1.26,11,0.5454545454545454,0.36363636363636365,0.2727272727272727,-0.011720281826060138,-0.16590517427512774,5.2508808368615325,3,1.0,1.0,0.0,HUBERT_BASE,6
5142-36377-0023_2830-3979-0009__T2__SCV3FIX__VOICE-2830_CONTENT-5142-5142-36377-0023,2830,5142,,11.54,10,0.2,0.0,0.0,0.08187596830739133,-0.031012951707469205,39.9484703223088,1,1.0,1.0,3.5,HUBERT_BASE,6
6930-81414-0007_3570-5694-0017__T2__SCV3FIX__VOICE-3570_CONTENT-6930-6930-81414-0007,3570,6930,,-30.16,7,1.0,1.0,1.0,-0.035917446810686614,-0.07174825952491393,-28.602359364734983,1,3.5,3.5,0.0,HUBERT_BASE,6
7021-79740-0007_4077-13751-0020__T2__SCV3FIX__VOICE-4077_CONTENT-7021-7021-79740-0007,4077,7021,,-19.15,12,0.3333333333333333,1.0,0.3333333333333333,0.014148250953814528,-0.1606370178520179,-13.829250995123031,1,1.0,1.0,5.0,HUBERT_BASE,6
8463-294828-0002_7176-92135-0044__T2__SCV3FIX__VOICE-7176_CONTENT-8463-8463-294828-0002,7176,8463,,11.46,9,0.0,0.0,0.0,0.08342301043861845,0.03916406786577631,42.20479690663092,0,0.0,0.0,-1.0,HUBERT_BASE,6
5105-28240-0005_6829-68769-0010__T1__SCV3FIX__VOICE-5105_CONTENT-6829-6829-68769-0010,5105,6829,,12.93,5,0.0,0.0,0.0,0.10783470706438385,0.01732110942530629,31.886467998080388,0,0.0,0.0,-1.0,HUBERT_BASE,6
672-122797-0030_6930-76324-0009__T2__SCV3FIX__VOICE-6930_CONTENT-672-672-122797-0030,6930,672,,15.16,5,0.2,0.0,0.0,0.04354862028922459,-0.016437828212045424,19.469334365619556,0,0.0,0.0,-1.0,HUBERT_BASE,6
672-122797-0034_4992-41806-0007__T1__SCV3FIX__VOICE-672_CONTENT-4992-4992-41806-0007,672,4992,,12.08,9,0.1111111111111111,0.0,0.0,0.0885474373481859,-0.015873141835874294,31.85806774027219,0,0.0,0.0,-1.0,HUBERT_BASE,6
2830-3980-0032_8463-294828-0006__T1__SCV3FIX__VOICE-2830_CONTENT-8463-8463-294828-0006,2830,8463,,13.21,13,0.0,0.0,0.0,0.08492257906999713,0.03437171597212263,37.823187105058985,0,0.0,0.0,-1.0,HUBERT_BASE,6
3575-170457-0011_2961-960-0020__T1__SCV3FIX__VOICE-3575_CONTENT-2961-2961-960-0020,3575,2961,,3.3,13,0.5384615384615384,0.5384615384615384,0.3076923076923077,0.0013132482437053698,-0.14304262546335933,4.782937506165629,2,1.5,1.25,1.5,HUBERT_BASE,6
121-127105-0012_6829-68771-0035__T1__SCV3FIX__VOICE-121_CONTENT-6829-6829-68771-0035,121,6829,,-13.06,7,1.0,1.0,1.0,-0.08325444776730255,-0.12201190339682433,-28.048956838963914,1,3.5,3.5,0.0,HUBERT_BASE,6
5683-32879-0004_6930-81414-0013__T2__SCV3FIX__VOICE-6930_CONTENT-5683-5683-32879-0004,6930,5683,,-0.44,13,0.46153846153846156,0.6153846153846154,0.46153846153846156,0.016420486943986977,-0.05620133764397861,-4.049185309488631,2,1.0,1.0,2.0,HUBERT_BASE,6
7127-75947-0013_5639-40744-0017__T2__SCV3FIX__VOICE-5639_CONTENT-7127-7127-75947-0013,5639,7127,,-12.05,9,1.0,0.8888888888888888,0.8888888888888888,-0.12037498370732773,-0.16084027927346467,-29.12304269084313,1,4.5,4.5,0.0,HUBERT_BASE,6
1089-134686-0000_260-123440-0016__T2__SCV3FIX__VOICE-260_CONTENT-1089-1089-134686-0000,260,1089,,15.31,8,0.0,0.0,0.0,0.1165164398067387,0.0629997954552094,28.557456127388065,0,0.0,0.0,-1.0,HUBERT_BASE,6
5683-32865-0006_61-70970-0027__T2__SCV3FIX__VOICE-61_CONTENT-5683-5683-32865-0006,61,5683,,10.43,5,0.0,0.0,0.0,0.14818125443424476,0.12980676211421738,40.22717806488718,0,0.0,0.0,-1.0,HUBERT_BASE,6
5142-33396-0015_2961-961-0021__T2__SCV3FIX__VOICE-2961_CONTENT-5142-5142-33396-0015,2961,5142,,10.16,7,0.0,0.0,0.0,0.08283234339091695,0.03915071098901213,33.60567378378531,0,0.0,0.0,-1.0,HUBERT_BASE,6
2830-3980-0004_61-70968-0008__T1__SCV3FIX__VOICE-2830_CONTENT-61-61-70968-0008,2830,61,,-2.39,6,0.5,0.5,0.3333333333333333,-0.0007400245383414883,-0.07231378841694047,-0.06275879537945188,1,1.0,1.0,1.0,HUBERT_BASE,6
4077-13751-0000_237-134500-0039__T1__SCV3FIX__VOICE-4077_CONTENT-237-237-134500-0039,4077,237,,4.05,8,0.5,0.0,0.0,0.005912401076738058,-0.05864071728726861,19.165132685212548,1,1.5,1.5,2.0,HUBERT_BASE,6
61-70970-0029_5142-36377-0000__T2__SCV3FIX__VOICE-5142_CONTENT-61-61-70970-0029,5142,61,,13.76,5,0.0,0.0,0.0,0.13194946454009804,0.0898501908601207,32.56043983780198,0,0.0,0.0,-1.0,HUBERT_BASE,6
8455-210777-0055_7127-75946-0025__T2__SCV3FIX__VOICE-7127_CONTENT-8455-8455-210777-0055,7127,8455,,10.44,6,0.16666666666666666,0.0,0.0,0.09560421930401337,-0.00229102688381011,28.817180676484327,0,0.0,0.0,-1.0,HUBERT_BASE,6
3570-5696-0007_260-123286-0016__T1__SCV3FIX__VOICE-3570_CONTENT-260-260-123286-0016,3570,260,,-27.87,13,1.0,1.0,1.0,-0.08358106057649382,-0.11489629515690813,-32.43664342719988,1,6.5,6.5,0.0,HUBERT_BASE,6
7729-102255-0038_8463-294828-0012__T1__SCV3FIX__VOICE-7729_CONTENT-8463-8463-294828-0012,7729,8463,,12.11,8,0.0,0.0,0.0,0.07775855849035652,0.01898909174886887,33.17686571617726,0,0.0,0.0,-1.0,HUBERT_BASE,6
4507-16021-0024_61-70970-0033__T2__SCV3FIX__VOICE-61_CONTENT-4507-4507-16021-0024,61,4507,,10.32,5,0.0,0.0,0.0,0.1989695248230727,0.12165231076075045,36.86111611775408,0,0.0,0.0,-1.0,HUBERT_BASE,6
6930-75918-0014_908-157963-0004__T1__SCV3FIX__VOICE-6930_CONTENT-908-908-157963-0004,6930,908,,-20.32,26,1.0,1.0,1.0,-0.09657008902146373,-0.24715985041517008,-32.18663598524475,1,13.0,13.0,0.0,HUBERT_BASE,6
8463-294825-0019_5639-40744-0038__T2__SCV3FIX__VOICE-5639_CONTENT-8463-8463-294825-0019,5639,8463,,10.89,5,0.0,0.0,0.0,0.09436271130004274,0.04695546396657224,45.77344127619676,0,0.0,0.0,-1.0,HUBERT_BASE,6
6930-75918-0007_1089-134691-0022__T1__SCV3FIX__VOICE-6930_CONTENT-1089-1089-134691-0022,6930,1089,,14.57,5,0.2,0.0,0.0,0.04506080247208892,-0.017605066996680963,15.742234990578941,0,0.0,0.0,-1.0,HUBERT_BASE,6
61-70970-0029_5142-36377-0000__T1__SCV3FIX__VOICE-61_CONTENT-5142-5142-36377-0000,61,5142,,10.53,5,0.0,0.0,0.0,0.1098088289742211,0.06509780533863585,36.83191008905677,0,0.0,0.0,-1.0,HUBERT_BASE,6
8555-284447-0004_8463-287645-0009__T2__SCV3FIX__VOICE-8463_CONTENT-8555-8555-284447-0004,8463,8555,,-16.06,6,1.0,1.0,1.0,-0.05031959417669102,-0.09635664204549188,-28.68472791948302,1,3.0,3.0,0.0,HUBERT_BASE,6
5142-33396-0014_4446-2275-0040__T1__SCV3FIX__VOICE-5142_CONTENT-4446-4446-2275-0040,5142,4446,,-0.16,5,0.6,0.4,0.0,-0.00495701082644846,-0.0421952621958781,1.8599635340652452,1,1.0,1.0,0.0,HUBERT_BASE,6
6829-68771-0002_61-70970-0040__T1__SCV3FIX__VOICE-6829_CONTENT-61-61-70970-0040,6829,61,,9.14,7,0.0,0.0,0.0,0.09757607972117477,0.021843737133416252,26.197895031787034,0,0.0,0.0,-1.0,HUBERT_BASE,6
4507-16021-0040_5142-33396-0023__T1__SCV3FIX__VOICE-4507_CONTENT-5142-5142-33396-0023,4507,5142,,14.74,5,0.0,0.0,0.0,0.067162825213299,0.028933883859234122,42.81884005434161,0,0.0,0.0,-1.0,HUBERT_BASE,6
5683-32879-0021_1995-1837-0010__T1__SCV3FIX__VOICE-5683_CONTENT-1995-1995-1837-0010,5683,1995,,19.26,5,0.0,0.0,0.0,0.12401307332332405,0.10730218672724723,49.6236207338476,0,0.0,0.0,-1.0,HUBERT_BASE,6
5142-33396-0022_1089-134691-0007__T2__SCV3FIX__VOICE-1089_CONTENT-5142-5142-33396-0022,1089,5142,,13.91,5,0.0,0.0,0.0,0.09679328026517506,0.04127103007744204,35.719328508978684,0,0.0,0.0,-1.0,HUBERT_BASE,6
8463-294828-0029_237-134500-0010__T1__SCV3FIX__VOICE-8463_CONTENT-237-237-134500-0010,8463,237,,6.51,6,0.0,0.0,0.0,0.0720764536713489,0.024102746958283183,23.445296427234794,0,0.0,0.0,-1.0,HUBERT_BASE,6
3570-5694-0010_7176-92135-0002__T1__SCV3FIX__VOICE-3570_CONTENT-7176-7176-92135-0002,3570,7176,,-24.08,5,1.0,1.0,1.0,-0.0920863402436893,-0.12157822136779672,-37.56481601362841,1,2.5,2.5,0.0,HUBERT_BASE,6
4992-41806-0008_6829-68771-0024__T2__SCV3FIX__VOICE-6829_CONTENT-4992-4992-41806-0008,6829,4992,,-4.13,11,0.45454545454545453,0.18181818181818182,0.09090909090909091,0.004879924176653495,-0.07400220484548692,10.361089870917258,2,1.0,1.0,2.5,HUBERT_BASE,6
672-122797-0024_2300-131720-0022__T2__SCV3FIX__VOICE-2300_CONTENT-672-672-122797-0024,2300,672,,-21.56,7,1.0,1.0,1.0,-0.05053339825401012,-0.08909553941876447,-20.011430550781775,1,3.5,3.5,0.0,HUBERT_BASE,6
3729-6852-0013_1580-141083-0039__T2__SCV3FIX__VOICE-1580_CONTENT-3729-3729-6852-0013,1580,3729,,-22.22,5,1.0,1.0,1.0,-0.09374846272019992,-0.13630622352738508,-29.198483035962504,1,2.5,2.5,0.0,HUBERT_BASE,6
4507-16021-0024_4446-2273-0034__T2__SCV3FIX__VOICE-4446_CONTENT-4507-4507-16021-0024,4446,4507,,-18.08,6,1.0,1.0,1.0,-0.08371810437149296,-0.11821878689014564,-31.942693109170772,1,3.0,3.0,0.0,HUBERT_BASE,6
1089-134686-0005_7176-92135-0020__T2__SCV3FIX__VOICE-7176_CONTENT-1089-1089-134686-0005,7176,1089,,-18.62,13,0.9230769230769231,1.0,0.9230769230769231,-0.1019100725752619,-0.23972395361760668,-31.274855636271177,2,4.5,3.0,0.0,HUBERT_BASE,6
61-70970-0036_8555-284447-0002__T2__SCV3FIX__VOICE-8555_CONTENT-61-61-70970-0036,8555,61,,-7.46,12,1.0,1.0,1.0,-0.1019227194875243,-0.23485971427284913,-25.519189776138045,1,6.0,6.0,0.0,HUBERT_BASE,6
8455-210777-0029_7176-92135-0017__T1__SCV3FIX__VOICE-8455_CONTENT-7176-7176-92135-0017,8455,7176,,-12.0,5,1.0,1.0,1.0,-0.15899540954321714,-0.24083718066589843,-28.779056899796633,1,2.5,2.5,0.0,HUBERT_BASE,6
5683-32866-0017_8455-210777-0024__T1__SCV3FIX__VOICE-5683_CONTENT-8455-8455-210777-0024,5683,8455,,12.24,8,0.125,0.0,0.0,0.10349919590154343,-0.03701937345252837,33.35046462715955,0,0.0,0.0,-1.0,HUBERT_BASE,6
7176-88083-0018_2830-3980-0052__T1__SCV3FIX__VOICE-7176_CONTENT-2830-2830-3980-0052,7176,2830,,-9.56,8,1.0,1.0,1.0,-0.06424002288112556,-0.09423292276473616,-21.825045344937525,1,4.0,4.0,0.0,HUBERT_BASE,6
3575-170457-0052_8463-287645-0008__T2__SCV3FIX__VOICE-8463_CONTENT-3575-3575-170457-0052,8463,3575,,2.2,5,0.4,0.0,0.0,0.04519894967455518,-0.01753777555368219,15.514145183503649,1,1.0,1.0,0.5,HUBERT_BASE,6
8555-284447-0008_7176-92135-0017__T1__SCV3FIX__VOICE-8555_CONTENT-7176-7176-92135-0017,8555,7176,,14.02,13,0.0,0.0,0.0,0.0729136153844785,0.03573954246922384,41.270838658961935,0,0.0,0.0,-1.0,HUBERT_BASE,6
61-70970-0016_672-122797-0012__T1__SCV3FIX__VOICE-61_CONTENT-672-672-122797-0012,61,672,,8.61,7,0.0,0.0,0.0,0.12300849960229886,0.04093087379422755,25.41708738441138,0,0.0,0.0,-1.0,HUBERT_BASE,6
5105-28241-0018_2830-3980-0071__T2__SCV3FIX__VOICE-2830_CONTENT-5105-5105-28241-0018,2830,5105,,-10.45,6,0.5,0.8333333333333334,0.5,-0.014329874512829873,-0.10012944366718923,-4.389460871760311,1,1.0,1.0,2.0,HUBERT_BASE,6
4970-29095-0005_61-70968-0014__T2__SCV3FIX__VOICE-61_CONTENT-4970-4970-29095-0005,61,4970,,15.93,8,0.0,0.0,0.0,0.09699694684155048,0.07047860121208427,36.899248068175055,0,0.0,0.0,-1.0,HUBERT_BASE,6
1320-122617-0003_1580-141084-0014__T2__SCV3FIX__VOICE-1580_CONTENT-1320-1320-122617-0003,1580,1320,,4.27,6,0.6666666666666666,1.0,0.6666666666666666,-0.019422371296635748,-0.12827396900846766,-7.664531341197413,1,2.0,2.0,0.0,HUBERT_BASE,6
260-123440-0012_61-70968-0015__T2__SCV3FIX__VOICE-61_CONTENT-260-260-123440-0012,61,260,,4.87,9,0.1111111111111111,0.0,0.0,0.048023293661761945,-0.011659316688648724,14.71839834892674,0,0.0,0.0,-1.0,HUBERT_BASE,6
8463-294828-0000_7176-92135-0008__T1__SCV3FIX__VOICE-8463_CONTENT-7176-7176-92135-0008,8463,7176,,19.51,6,0.16666666666666666,0.0,0.0,0.017828974784041534,-0.04393881471494321,32.86172228971902,0,0.0,0.0,-1.0,HUBERT_BASE,6
4446-2275-0033_908-157963-0024__T2__SCV3FIX__VOICE-908_CONTENT-4446-4446-2275-0033,908,4446,,11.98,5,0.0,0.0,0.0,0.0628612595959556,0.041310669627732555,32.80575073552259,0,0.0,0.0,-1.0,HUBERT_BASE,6
260-123288-0004_908-157963-0025__T1__SCV3FIX__VOICE-260_CONTENT-908-908-157963-0025,260,908,,-0.89,7,0.8571428571428571,0.8571428571428571,0.7142857142857143,-0.10125202142338166,-0.27440583157090437,-12.066744335176368,1,2.5,2.5,1.0,HUBERT_BASE,6
8455-210777-0026_4077-13754-0014__T2__SCV3FIX__VOICE-4077_CONTENT-8455-8455-210777-0026,4077,8455,,-5.4,5,0.8,0.6,0.6,-0.05917028065864187,-0.16971778530193338,-8.621531170340399,1,1.5,1.5,1.0,HUBERT_BASE,6
4077-13754-0014_8555-284449-0006__T1__SCV3FIX__VOICE-4077_CONTENT-8555-8555-284449-0006,4077,8555,,16.41,6,0.0,0.0,0.0,0.1161317410468094,0.06892257791003109,35.47570909864488,0,0.0,0.0,-1.0,HUBERT_BASE,6
260-123440-0005_7127-75947-0026__T2__SCV3FIX__VOICE-7127_CONTENT-260-260-123440-0005,7127,260,,4.44,5,0.2,0.0,0.0,0.05209205893741327,-0.0026301192023369113,24.9984069910458,0,0.0,0.0,-1.0,HUBERT_BASE,6
7127-75947-0018_3575-170457-0035__T2__SCV3FIX__VOICE-3575_CONTENT-7127-7127-75947-0018,3575,7127,,-25.34,7,1.0,1.0,1.0,-0.08270048221987325,-0.18765192714078194,-33.00912500530729,1,3.5,3.5,0.0,HUBERT_BASE,6
1995-1837-0027_7176-88083-0008__T2__SCV3FIX__VOICE-7176_CONTENT-1995-1995-1837-0027,7176,1995,,15.12,5,0.0,0.0,0.0,0.11833800681086859,0.0730197473111277,44.32452492516006,0,0.0,0.0,-1.0,HUBERT_BASE,6
3575-170457-0045_6829-68769-0040__T1__SCV3FIX__VOICE-3575_CONTENT-6829-6829-68769-0040,3575,6829,,-17.81,8,0.875,1.0,0.875,-0.07579053146392481,-0.18330335130511555,-33.776847836340266,1,3.0,3.0,1.0,HUBERT_BASE,6
3729-6852-0018_61-70970-0013__T1__SCV3FIX__VOICE-3729_CONTENT-61-61-70970-0013,3729,61,,10.43,7,0.0,0.0,0.0,0.14632326607267693,0.07422238882288268,19.62004724014672,0,0.0,0.0,-1.0,HUBERT_BASE,6
1188-133604-0040_2094-142345-0057__T2__SCV3FIX__VOICE-2094_CONTENT-1188-1188-133604-0040,2094,1188,,-22.54,5,1.0,1.0,1.0,-0.10181627455178899,-0.14774131091595366,-31.23184976815927,1,2.5,2.5,0.0,HUBERT_BASE,6
260-123286-0000_1995-1837-0024__T2__SCV3FIX__VOICE-1995_CONTENT-260-260-123286-0000,1995,260,,-27.61,9,1.0,1.0,1.0,-0.14089192946881088,-0.2619000777018664,-42.50031595706369,1,4.5,4.5,0.0,HUBERT_BASE,6
5142-33396-0059_6829-68769-0034__T2__SCV3FIX__VOICE-6829_CONTENT-5142-5142-33396-0059,6829,5142,,11.79,9,0.0,0.0,0.0,0.10826105084483945,0.02710431759985088,37.62031693537528,0,0.0,0.0,-1.0,HUBERT_BASE,6
1580-141083-0049_8224-274384-0000__T1__SCV3FIX__VOICE-1580_CONTENT-8224-8224-274384-0000,1580,8224,,-21.87,6,1.0,1.0,1.0,-0.0916593267566904,-0.18221372901218225,-42.098929629472536,1,3.0,3.0,0.0,HUBERT_BASE,6
4992-41797-0018_6930-81414-0011__T1__SCV3FIX__VOICE-4992_CONTENT-6930-6930-81414-0011,4992,6930,,-27.15,8,0.875,1.0,0.875,-0.04902167971473692,-0.12736434248852502,-24.06245654046277,1,3.0,3.0,0.0,HUBERT_BASE,6
7729-102255-0024_61-70970-0002__T1__SCV3FIX__VOICE-7729_CONTENT-61-61-70970-0002,7729,61,,3.33,7,0.42857142857142855,0.14285714285714285,0.0,0.0030828119271844984,-0.10668837810762644,5.0589186898252185,1,1.0,1.0,0.5,HUBERT_BASE,6
8555-284447-0006_1320-122617-0024__T1__SCV3FIX__VOICE-8555_CONTENT-1320-1320-122617-0024,8555,1320,,-28.56,14,1.0,1.0,1.0,-0.12816671708960142,-0.20659297291510714,-42.87204146715296,1,7.0,7.0,0.0,HUBERT_BASE,6
1320-122617-0021_6829-68771-0018__T1__SCV3FIX__VOICE-1320_CONTENT-6829-6829-68771-0018,1320,6829,,13.15,9,0.0,0.0,0.0,0.11731585230752617,0.05375349899326254,44.83439052483353,0,0.0,0.0,-1.0,HUBERT_BASE,6
2300-131720-0010_8230-279154-0013__T2__SCV3FIX__VOICE-8230_CONTENT-2300-2300-131720-0010,8230,2300,,-13.82,20,1.0,1.0,1.0,-0.08595223445028127,-0.20464481953515035,-29.32456309459793,1,10.0,10.0,0.0,HUBERT_BASE,6
1320-122612-0016_7127-75946-0007__T2__SCV3FIX__VOICE-7127_CONTENT-1320-1320-122612-0016,7127,1320,,4.55,5,0.2,0.0,0.0,0.04416633898843878,-0.0312994712291742,17.894528161131934,0,0.0,0.0,-1.0,HUBERT_BASE,6
6829-68769-0022_672-122797-0064__T2__SCV3FIX__VOICE-672_CONTENT-6829-6829-68769-0022,672,6829,,-2.06,7,0.42857142857142855,0.2857142857142857,0.14285714285714285,-0.005541224191981188,-0.22713691895737753,0.4314810772211222,1,1.0,1.0,0.5,HUBERT_BASE,6
6930-81414-0008_4446-2275-0038__T2__SCV3FIX__VOICE-4446_CONTENT-6930-6930-81414-0008,4446,6930,,-28.29,8,1.0,1.0,1.0,-0.046268841405734576,-0.17804944159129388,-27.431189924983126,1,4.0,4.0,0.0,HUBERT_BASE,6
1089-134686-0000_121-127105-0031__T2__SCV3FIX__VOICE-121_CONTENT-1089-1089-134686-0000,121,1089,,-17.95,18,1.0,1.0,1.0,-0.13239606007141466,-0.2873629870162596,-35.25987055769409,1,9.0,9.0,0.0,HUBERT_BASE,6
7127-75947-0003_4970-29095-0030__T2__SCV3FIX__VOICE-4970_CONTENT-7127-7127-75947-0003,4970,7127,,-23.52,8,1.0,1.0,1.0,-0.14340023951908298,-0.23169971352157348,-37.02426727244901,1,4.0,4.0,0.0,HUBERT_BASE,6
672-122797-0019_4507-16021-0033__T1__SCV3FIX__VOICE-672_CONTENT-4507-4507-16021-0033,672,4507,,6.74,7,0.0,0.0,0.0,0.10493327182223586,0.034483672554068034,27.268046317822357,0,0.0,0.0,-1.0,HUBERT_BASE,6
5683-32865-0009_1580-141084-0000__T1__SCV3FIX__VOICE-5683_CONTENT-1580-1580-141084-0000,5683,1580,,2.53,8,0.125,0.0,0.0,0.04936499805909528,-0.02113737003745131,29.876455757021706,0,0.0,0.0,-1.0,HUBERT_BASE,6
4970-29095-0006_7127-75947-0026__T2__SCV3FIX__VOICE-7127_CONTENT-4970-4970-29095-0006,7127,4970,,13.16,7,0.0,0.0,0.0,0.10482565987404267,0.05961847186060909,33.442526370241644,0,0.0,0.0,-1.0,HUBERT_BASE,6
2300-131720-0040_5142-36586-0000__T2__SCV3FIX__VOICE-5142_CONTENT-2300-2300-131720-0040,5142,2300,,-21.35,6,1.0,1.0,1.0,-0.12173450890259353,-0.15641706869096406,-41.132445729357265,1,3.0,3.0,0.0,HUBERT_BASE,6
3575-170457-0031_7729-102255-0045__T2__SCV3FIX__VOICE-7729_CONTENT-3575-3575-170457-0031,7729,3575,,13.96,7,0.0,0.0,0.0,0.08013410339821132,0.017510818579754783,34.80973891120795,0,0.0,0.0,-1.0,HUBERT_BASE,6
4970-29095-0020_4507-16021-0038__T2__SCV3FIX__VOICE-4507_CONTENT-4970-4970-29095-0020,4507,4970,,2.6,6,0.3333333333333333,0.3333333333333333,0.16666666666666666,0.009428206482247237,-0.03583925481918249,0.5872522570707246,1,1.0,1.0,1.0,HUBERT_BASE,6
4446-2275-0019_6930-81414-0024__T1__SCV3FIX__VOICE-4446_CONTENT-6930-6930-81414-0024,4446,6930,,-13.39,8,0.25,0.625,0.25,0.015490420701886623,-0.045553096621902545,-6.315500710258842,1,1.0,1.0,2.5,HUBERT_BASE,6
3575-170457-0051_2830-3980-0066__T1__SCV3FIX__VOICE-3575_CONTENT-2830-2830-3980-0066,3575,2830,,-23.27,8,0.875,1.0,0.875,-0.052283672995323785,-0.10343747929854707,-29.643926405185073,2,2.5,1.75,0.0,HUBERT_BASE,6
121-127105-0019_7176-88083-0026__T2__SCV3FIX__VOICE-7176_CONTENT-121-121-127105-0019,7176,121,,10.65,6,0.0,0.0,0.0,0.08298875349749289,0.04640728419039153,36.28123952520008,0,0.0,0.0,-1.0,HUBERT_BASE,6
5142-36377-0022_4992-41797-0015__T1__SCV3FIX__VOICE-5142_CONTENT-4992-4992-41797-0015,5142,4992,,-13.48,16,0.875,1.0,0.875,-0.07696484311575062,-0.1602226171673895,-22.14577623733427,2,5.5,3.5,0.0,HUBERT_BASE,6
3729-6852-0025_7176-88083-0014__T2__SCV3FIX__VOICE-7176_CONTENT-3729-3729-6852-0025,7176,3729,,14.44,5,0.0,0.0,0.0,0.07088921253120464,0.02124346084510398,32.72349280900473,0,0.0,0.0,-1.0,HUBERT_BASE,6
5142-33396-0009_5105-28233-0004__T2__SCV3FIX__VOICE-5105_CONTENT-5142-5142-33396-0009,5105,5142,,10.89,5,0.0,0.0,0.0,0.08322591889036049,0.05610018856381771,34.05895461150565,0,0.0,0.0,-1.0,HUBERT_BASE,6
7729-102255-0005_121-121726-0007__T2__SCV3FIX__VOICE-121_CONTENT-7729-7729-102255-0005,121,7729,,-16.75,8,1.0,1.0,1.0,-0.14064722947488342,-0.32761773786519355,-37.30486364573075,1,4.0,4.0,0.0,HUBERT_BASE,6
8555-284449-0000_6829-68771-0001__T1__SCV3FIX__VOICE-8555_CONTENT-6829-6829-68771-0001,8555,6829,,8.25,19,0.15789473684210525,0.0,0.0,0.040784850550854686,-0.012257929221130892,25.356828026539738,1,1.0,1.0,4.0,HUBERT_BASE,6
5142-33396-0028_7729-102255-0024__T1__SCV3FIX__VOICE-5142_CONTENT-7729-7729-102255-0024,5142,7729,,-23.14,6,1.0,1.0,1.0,-0.10047422201542006,-0.13415653844461473,-35.38416499848647,1,3.0,3.0,0.0,HUBERT_BASE,6
1580-141083-0026_5683-32879-0023__T2__SCV3FIX__VOICE-5683_CONTENT-1580-1580-141083-0026,5683,1580,,4.61,8,0.0,0.125,0.0,0.06627734312524544,0.028495372470254354,23.34077568328033,0,0.0,0.0,-1.0,HUBERT_BASE,6
7021-79759-0000_7729-102255-0016__T1__SCV3FIX__VOICE-7021_CONTENT-7729-7729-102255-0016,7021,7729,,9.29,8,0.0,0.0,0.0,0.10890211870246945,0.05249780624404343,34.84143370106606,0,0.0,0.0,-1.0,HUBERT_BASE,6
2961-961-0004_7729-102255-0040__T2__SCV3FIX__VOICE-7729_CONTENT-2961-2961-961-0004,7729,2961,,11.39,21,0.0,0.0,0.0,0.10581900832808586,0.018680095299005495,33.982615652757495,0,0.0,0.0,-1.0,HUBERT_BASE,6
2300-131720-0040_1320-122612-0001__T1__SCV3FIX__VOICE-2300_CONTENT-1320-1320-122612-0001,2300,1320,,7.48,9,0.4444444444444444,0.1111111111111111,0.1111111111111111,0.03604875520602083,-0.05217862024854181,15.762137271759961,1,1.5,1.5,2.5,HUBERT_BASE,6
2961-961-0007_7127-75947-0023__T2__SCV3FIX__VOICE-7127_CONTENT-2961-2961-961-0007,7127,2961,,14.62,9,0.0,0.0,0.0,0.09613355258038139,0.00976228415967717,38.15904985675752,0,0.0,0.0,-1.0,HUBERT_BASE,6
3729-6852-0018_5683-32866-0022__T1__SCV3FIX__VOICE-3729_CONTENT-5683-5683-32866-0022,3729,5683,,-18.18,5,1.0,1.0,1.0,-0.04657751509684298,-0.06585717285378179,-27.141562801155136,1,2.5,2.5,0.0,HUBERT_BASE,6
260-123286-0017_5142-33396-0019__T2__SCV3FIX__VOICE-5142_CONTENT-260-260-123286-0017,5142,260,,-27.24,6,1.0,1.0,1.0,-0.0883936140393492,-0.11992180107599026,-33.7410050394296,1,3.0,3.0,0.0,HUBERT_BASE,6
1284-1180-0028_3570-5696-0000__T2__SCV3FIX__VOICE-3570_CONTENT-1284-1284-1180-0028,3570,1284,,8.66,11,0.0,0.0,0.0,0.08284768228174216,0.04652983134490307,40.62451678782492,0,0.0,0.0,-1.0,HUBERT_BASE,6
6829-68769-0008_2961-961-0014__T1__SCV3FIX__VOICE-6829_CONTENT-2961-2961-961-0014,6829,2961,,-19.08,8,1.0,1.0,1.0,-0.08288696930805539,-0.12113219650604701,-31.0379084364932,1,4.0,4.0,0.0,HUBERT_BASE,6
237-134500-0011_4992-41797-0010__T2__SCV3FIX__VOICE-4992_CONTENT-237-237-134500-0011,4992,237,,11.29,5,0.6,0.0,0.0,0.04300961718235581,-0.022268176960719588,26.90941577795756,1,1.0,1.0,1.5,HUBERT_BASE,6
4507-16021-0053_260-123286-0004__T2__SCV3FIX__VOICE-260_CONTENT-4507-4507-16021-0053,260,4507,,9.05,5,0.0,0.0,0.0,0.09736592743688126,0.0017061829225718528,38.29724866988029,0,0.0,0.0,-1.0,HUBERT_BASE,6
1089-134691-0013_4992-23283-0007__T1__SCV3FIX__VOICE-1089_CONTENT-4992-4992-23283-0007,1089,4992,,13.39,7,0.0,0.0,0.0,0.09792583625767569,0.043549713118020694,32.9562773109924,0,0.0,0.0,-1.0,HUBERT_BASE,6
6930-81414-0012_8455-210777-0049__T1__SCV3FIX__VOICE-6930_CONTENT-8455-8455-210777-0049,6930,8455,,11.92,7,0.14285714285714285,0.0,0.0,0.06372641340005289,-0.007452436441997667,28.78244146888583,0,0.0,0.0,-1.0,HUBERT_BASE,6
5639-40744-0021_7176-92135-0034__T2__SCV3FIX__VOICE-7176_CONTENT-5639-5639-40744-0021,7176,5639,,4.52,7,0.14285714285714285,0.0,0.0,0.052776438493664375,-0.0087456037603858,27.40878007050546,0,0.0,0.0,-1.0,HUBERT_BASE,6
5683-32866-0027_5639-40744-0000__T2__SCV3FIX__VOICE-5639_CONTENT-5683-5683-32866-0027,5639,5683,,6.33,8,0.125,0.25,0.125,0.06406272995935383,-0.03222739717662704,26.062160270754177,0,0.0,0.0,-1.0,HUBERT_BASE,6
8555-284449-0020_1580-141084-0003__T2__SCV3FIX__VOICE-1580_CONTENT-8555-8555-284449-0020,1580,8555,,-9.09,7,0.7142857142857143,1.0,0.7142857142857143,-0.02846546713808846,-0.12191730385569366,-21.725229913187132,1,2.5,2.5,0.0,HUBERT_BASE,6
1580-141084-0029_2094-142345-0044__T1__SCV3FIX__VOICE-1580_CONTENT-2094-2094-142345-0044,1580,2094,,-32.82,6,1.0,1.0,1.0,-0.06283343110740053,-0.121541149568417,-46.434492278967745,1,3.0,3.0,0.0,HUBERT_BASE,6
6930-76324-0006_7021-79740-0013__T2__SCV3FIX__VOICE-7021_CONTENT-6930-6930-76324-0006,7021,6930,,6.88,7,0.0,0.0,0.0,0.04533481142281391,0.005489945301883292,24.28414953933568,0,0.0,0.0,-1.0,HUBERT_BASE,6
4446-2271-0010_8555-284449-0016__T1__SCV3FIX__VOICE-4446_CONTENT-8555-8555-284449-0016,4446,8555,,7.72,5,0.2,0.0,0.0,0.04046851476786042,-0.01847540944799564,18.232616905686463,0,0.0,0.0,-1.0,HUBERT_BASE,6
121-121726-0006_260-123286-0027__T2__SCV3FIX__VOICE-260_CONTENT-121-121-121726-0006,260,121,,-24.79,6,0.8333333333333334,1.0,0.8333333333333334,-0.06201741384642806,-0.15962999739867811,-34.56688536622591,2,1.5,1.25,0.0,HUBERT_BASE,6
7127-75946-0022_1995-1836-0003__T2__SCV3FIX__VOICE-1995_CONTENT-7127-7127-75946-0022,1995,7127,,-3.4,14,0.6428571428571429,0.6428571428571429,0.6428571428571429,-0.016265326376407103,-0.12377662694577607,-5.600500745069204,1,4.5,4.5,2.5,HUBERT_BASE,6
8230-279154-0039_1320-122617-0031__T1__SCV3FIX__VOICE-8230_CONTENT-1320-1320-122617-0031,8230,1320,,9.6,8,0.125,0.0,0.0,0.05365903072919108,-0.026297579324254805,22.86532761899352,0,0.0,0.0,-1.0,HUBERT_BASE,6
5142-36377-0013_908-157963-0003__T2__SCV3FIX__VOICE-908_CONTENT-5142-5142-36377-0013,908,5142,,12.28,5,0.0,0.0,0.0,0.09401047026316375,0.06696931805040107,35.95249633460363,0,0.0,0.0,-1.0,HUBERT_BASE,6
4507-16021-0001_7176-88083-0023__T2__SCV3FIX__VOICE-7176_CONTENT-4507-4507-16021-0001,7176,4507,,12.86,17,0.0,0.0,0.0,0.15622387908297536,0.08761286560308934,48.92151102923677,0,0.0,0.0,-1.0,HUBERT_BASE,6
5683-32879-0004_5105-28240-0022__T2__SCV3FIX__VOICE-5105_CONTENT-5683-5683-32879-0004,5105,5683,,12.64,8,0.0,0.0,0.0,0.08915649986399246,0.02027743417857808,36.52639296214588,0,0.0,0.0,-1.0,HUBERT_BASE,6
908-157963-0010_61-70970-0038__T2__SCV3FIX__VOICE-61_CONTENT-908-908-157963-0010,61,908,,-16.58,11,0.6363636363636364,1.0,0.6363636363636364,-0.04368107522274585,-0.2062445989020445,-14.971270947200708,1,3.0,3.0,2.5,HUBERT_BASE,6
5683-32879-0005_1995-1826-0000__T1__SCV3FIX__VOICE-5683_CONTENT-1995-1995-1826-0000,5683,1995,,-16.55,11,0.9090909090909091,1.0,0.9090909090909091,-0.0820044409746722,-0.17625827295278373,-36.85664185023709,2,4.0,2.5,0.0,HUBERT_BASE,6
4992-41806-0008_6829-68771-0024__T1__SCV3FIX__VOICE-4992_CONTENT-6829-6829-68771-0024,4992,6829,,-12.25,11,1.0,1.0,1.0,-0.042281053442619565,-0.09887266468828759,-24.86647911680689,1,5.5,5.5,0.0,HUBERT_BASE,6
2830-3980-0073_2300-131720-0015__T1__SCV3FIX__VOICE-2830_CONTENT-2300-2300-131720-0015,2830,2300,,-13.01,16,0.6875,0.9375,0.625,-0.06456039835370542,-0.30265815264600104,-9.235041293684628,2,3.0,2.5,0.5,HUBERT_BASE,6
5639-40744-0037_6930-76324-0002__T1__SCV3FIX__VOICE-5639_CONTENT-6930-6930-76324-0002,5639,6930,,8.48,10,0.0,0.0,0.0,0.0773560054448985,0.029400235239331884,33.12433470123289,0,0.0,0.0,-1.0,HUBERT_BASE,6
61-70968-0027_4446-2273-0018__T1__SCV3FIX__VOICE-61_CONTENT-4446-4446-2273-0018,61,4446,,14.59,5,0.0,0.0,0.0,0.07922474359530099,0.02999424874398704,32.66970046197254,0,0.0,0.0,-1.0,HUBERT_BASE,6
8555-292519-0007_2830-3980-0011__T2__SCV3FIX__VOICE-2830_CONTENT-8555-8555-292519-0007,2830,8555,,15.1,10,0.0,0.0,0.0,0.12712017506126175,0.06242262976212687,40.18378574467119,0,0.0,0.0,-1.0,HUBERT_BASE,6
4507-16021-0059_7176-88083-0005__T1__SCV3FIX__VOICE-4507_CONTENT-7176-7176-88083-0005,4507,7176,,-21.56,7,1.0,1.0,1.0,-0.12231822683281732,-0.25789957628348936,-39.36618127479481,1,3.5,3.5,0.0,HUBERT_BASE,6
6829-68771-0029_4992-41797-0011__T2__SCV3FIX__VOICE-4992_CONTENT-6829-6829-68771-0029,4992,6829,,9.36,9,0.0,0.0,0.0,0.06944336448499042,0.031636362510878646,40.401542548695865,0,0.0,0.0,-1.0,HUBERT_BASE,6
5639-40744-0016_908-31957-0020__T2__SCV3FIX__VOICE-908_CONTENT-5639-5639-40744-0016,908,5639,,9.44,10,0.0,0.0,0.0,0.08038617124202777,0.01824331247082711,31.461146803716407,0,0.0,0.0,-1.0,HUBERT_BASE,6
908-31957-0006_237-126133-0022__T1__SCV3FIX__VOICE-908_CONTENT-237-237-126133-0022,908,237,,15.75,9,0.0,0.0,0.0,0.0742633220398472,0.028535312498618515,41.05752326260108,0,0.0,0.0,-1.0,HUBERT_BASE,6
1284-1181-0016_3729-6852-0044__T2__SCV3FIX__VOICE-3729_CONTENT-1284-1284-1181-0016,3729,1284,,-20.59,12,0.9166666666666666,1.0,0.9166666666666666,-0.051540895827561266,-0.0987533446303045,-35.427269361142216,2,3.5,2.75,0.0,HUBERT_BASE,6
1995-1837-0017_7176-88083-0011__T1__SCV3FIX__VOICE-1995_CONTENT-7176-7176-88083-0011,1995,7176,,-6.08,5,0.4,0.8,0.4,0.01459535330088808,-0.04745185893555648,-17.01341322332781,1,1.0,1.0,1.5,HUBERT_BASE,6
5142-33396-0001_121-127105-0027__T2__SCV3FIX__VOICE-121_CONTENT-5142-5142-33396-0001,121,5142,,-8.02,9,0.7777777777777778,1.0,0.7777777777777778,-0.038444590995241924,-0.16788774999653744,-12.807994683687106,2,2.5,1.75,0.0,HUBERT_BASE,6
61-70968-0026_3729-6852-0038__T1__SCV3FIX__VOICE-61_CONTENT-3729-3729-6852-0038,61,3729,,5.91,8,0.0,0.0,0.0,0.15853530642997088,0.05693519001577618,36.739153104414484,0,0.0,0.0,-1.0,HUBERT_BASE,6
1580-141084-0001_61-70970-0015__T1__SCV3FIX__VOICE-1580_CONTENT-61-61-70970-0015,1580,61,,14.24,5,0.0,0.0,0.0,0.15144342422845508,0.13155192657771264,35.466279313557266,0,0.0,0.0,-1.0,HUBERT_BASE,6
8463-294828-0009_2830-3980-0049__T1__SCV3FIX__VOICE-8463_CONTENT-2830-2830-3980-0049,8463,2830,,-26.8,5,1.0,1.0,1.0,-0.05228533917574578,-0.10039735238013214,-35.3409790796279,1,2.5,2.5,0.0,HUBERT_BASE,6
260-123286-0004_6930-75918-0019__T1__SCV3FIX__VOICE-260_CONTENT-6930-6930-75918-0019,260,6930,,9.7,5,0.0,0.0,0.0,0.0675402397292153,0.006098389503581547,27.450860802621595,0,0.0,0.0,-1.0,HUBERT_BASE,6
5142-36377-0023_7021-85628-0027__T2__SCV3FIX__VOICE-7021_CONTENT-5142-5142-36377-0023,7021,5142,,12.25,10,0.2,0.0,0.0,0.08228589476636596,-0.029080451686541497,40.580045053967204,1,1.0,1.0,3.5,HUBERT_BASE,6
7127-75947-0016_4507-16021-0059__T1__SCV3FIX__VOICE-7127_CONTENT-4507-4507-16021-0059,7127,4507,,11.41,10,0.0,0.0,0.0,0.13746275599672222,0.04642391111986166,41.9942708411093,0,0.0,0.0,-1.0,HUBERT_BASE,6
5142-33396-0022_8463-294828-0028__T1__SCV3FIX__VOICE-5142_CONTENT-8463-8463-294828-0028,5142,8463,,-0.07,8,0.5,0.5,0.375,-0.015601439725835262,-0.10633641721381448,-4.966906149965909,1,2.0,2.0,1.0,HUBERT_BASE,6
1089-134686-0031_1320-122612-0008__T1__SCV3FIX__VOICE-1089_CONTENT-1320-1320-122612-0008,1089,1320,,8.2,12,0.0,0.0,0.0,0.08505626715192079,0.038173912945107524,28.209915838604406,0,0.0,0.0,-1.0,HUBERT_BASE,6
260-123440-0014_4970-29095-0030__T1__SCV3FIX__VOICE-260_CONTENT-4970-4970-29095-0030,260,4970,,15.24,6,0.0,0.0,0.0,0.09444152979229788,0.05369651210203408,34.01723544755002,0,0.0,0.0,-1.0,HUBERT_BASE,6
5683-32866-0016_3570-5696-0010__T2__SCV3FIX__VOICE-3570_CONTENT-5683-5683-32866-0016,3570,5683,,-33.27,8,1.0,1.0,1.0,-0.0768206826246355,-0.11766028870225242,-48.62200212254359,1,4.0,4.0,0.0,HUBERT_BASE,6
3575-170457-0030_237-134493-0015__T1__SCV3FIX__VOICE-3575_CONTENT-237-237-134493-0015,3575,237,,-11.32,12,1.0,1.0,1.0,-0.05761266150754477,-0.11044806679414787,-29.027203347407227,1,6.0,6.0,0.0,HUBERT_BASE,6
672-122797-0046_237-126133-0011__T1__SCV3FIX__VOICE-672_CONTENT-237-237-126133-0011,672,237,,-0.81,8,0.25,0.25,0.125,0.09298707131425238,-0.028979051487036722,19.054196385655306,1,1.0,1.0,0.0,HUBERT_BASE,6
672-122797-0031_4992-23283-0014__T2__SCV3FIX__VOICE-4992_CONTENT-672-672-122797-0031,4992,672,,3.44,5,0.0,0.0,0.0,0.09608435003285154,0.03820096982766108,22.340431996729393,0,0.0,0.0,-1.0,HUBERT_BASE,6
7021-79740-0003_1320-122617-0010__T2__SCV3FIX__VOICE-1320_CONTENT-7021-7021-79740-0003,1320,7021,,-13.52,8,0.625,0.625,0.625,0.00746235514262604,-0.1898452118720848,-1.0584416093752829,2,1.5,1.25,0.0,HUBERT_BASE,6
8463-287645-0008_4507-16021-0001__T2__SCV3FIX__VOICE-4507_CONTENT-8463-8463-287645-0008,4507,8463,,-22.69,5,1.0,1.0,1.0,-0.10329790120040487,-0.1516026228148104,-38.47618443735659,1,2.5,2.5,0.0,HUBERT_BASE,6
2830-3980-0054_237-134500-0034__T1__SCV3FIX__VOICE-2830_CONTENT-237-237-134500-0034,2830,237,,10.82,5,0.0,0.0,0.0,0.1097622849809636,0.07339149783024157,54.14866948080985,0,0.0,0.0,-1.0,HUBERT_BASE,6
7729-102255-0045_61-70968-0016__T2__SCV3FIX__VOICE-61_CONTENT-7729-7729-102255-0045,61,7729,,-11.0,6,0.8333333333333334,1.0,0.8333333333333334,-0.01888846192243837,-0.0859805876394325,-21.79802645937795,2,1.5,1.25,0.0,HUBERT_BASE,6
260-123286-0013_3729-6852-0026__T2__SCV3FIX__VOICE-3729_CONTENT-260-260-123286-0013,3729,260,,-22.47,8,1.0,1.0,1.0,-0.06746814619312708,-0.12669610723780644,-27.048871657163183,1,4.0,4.0,0.0,HUBERT_BASE,6
1995-1837-0020_5142-33396-0032__T2__SCV3FIX__VOICE-5142_CONTENT-1995-1995-1837-0020,5142,1995,,-10.3,5,0.2,0.6,0.0,0.009347544347358072,-0.09682309433886782,-6.1638706484785155,0,0.0,0.0,-1.0,HUBERT_BASE,6
5142-33396-0038_3729-6852-0031__T2__SCV3FIX__VOICE-3729_CONTENT-5142-5142-33396-0038,3729,5142,,2.01,7,0.14285714285714285,0.2857142857142857,0.14285714285714285,0.029877978196742934,-0.009916002535570678,8.490610615346643,0,0.0,0.0,-1.0,HUBERT_BASE,6
61-70970-0024_2961-961-0018__T1__SCV3FIX__VOICE-61_CONTENT-2961-2961-961-0018,61,2961,,11.68,9,0.0,0.0,0.0,0.1200052229201342,0.0625643105321777,37.56796973568326,0,0.0,0.0,-1.0,HUBERT_BASE,6
8224-274384-0009_3575-170457-0048__T1__SCV3FIX__VOICE-8224_CONTENT-3575-3575-170457-0048,8224,3575,,12.85,8,0.0,0.0,0.0,0.11027313813506798,0.02535886485494021,43.64317176274851,0,0.0,0.0,-1.0,HUBERT_BASE,6
8555-284447-0000_1284-1180-0012__T2__SCV3FIX__VOICE-1284_CONTENT-8555-8555-284447-0000,1284,8555,,-6.87,7,0.7142857142857143,0.8571428571428571,0.7142857142857143,-0.009358799630363615,-0.09298634897382907,-10.187320905381316,2,1.5,1.25,0.0,HUBERT_BASE,6
1580-141084-0008_8463-287645-0000__T1__SCV3FIX__VOICE-1580_CONTENT-8463-8463-287645-0000,1580,8463,,-15.56,8,1.0,1.0,1.0,-0.0806466812762914,-0.1123482629448439,-36.849308175195944,1,4.0,4.0,0.0,HUBERT_BASE,6
1995-1826-0020_3729-6852-0019__T1__SCV3FIX__VOICE-1995_CONTENT-3729-3729-6852-0019,1995,3729,,11.54,5,0.0,0.0,0.0,0.06533374798385132,0.023979968791795203,40.3156998223635,0,0.0,0.0,-1.0,HUBERT_BASE,6
4970-29095-0034_4992-23283-0019__T2__SCV3FIX__VOICE-4992_CONTENT-4970-4970-29095-0034,4992,4970,,7.81,10,0.2,0.0,0.0,0.04536877847701376,-0.05746042348874625,26.903755742788185,1,1.0,1.0,4.0,HUBERT_BASE,6
4446-2271-0016_1284-1180-0000__T1__SCV3FIX__VOICE-4446_CONTENT-1284-1284-1180-0000,4446,1284,,11.83,15,0.06666666666666667,0.0,0.0,0.0482037908465072,-0.004677534288645591,23.964769844623653,0,0.0,0.0,-1.0,HUBERT_BASE,6
121-127105-0023_1580-141083-0021__T2__SCV3FIX__VOICE-1580_CONTENT-121-121-127105-0023,1580,121,,-11.59,6,1.0,0.8333333333333334,0.8333333333333334,-0.018127830321683174,-0.044890645457469125,-13.146174805760005,1,3.0,3.0,0.0,HUBERT_BASE,6
5142-33396-0010_8555-292519-0012__T1__SCV3FIX__VOICE-5142_CONTENT-8555-8555-292519-0012,5142,8555,,-17.51,5,0.8,1.0,0.8,-0.03139701093850271,-0.08625400407981654,-31.69028946975204,1,2.0,2.0,0.0,HUBERT_BASE,6
5105-28240-0012_3729-6852-0043__T2__SCV3FIX__VOICE-3729_CONTENT-5105-5105-28240-0012,3729,5105,,-27.08,7,1.0,1.0,1.0,-0.06368107589995141,-0.09271186404770981,-32.4785118864378,1,3.5,3.5,0.0,HUBERT_BASE,6
8455-210777-0029_1580-141083-0035__T2__SCV3FIX__VOICE-1580_CONTENT-8455-8455-210777-0029,1580,8455,,-13.3,5,1.0,1.0,1.0,-0.06329575836822798,-0.09500736374426977,-31.913048043070393,1,2.5,2.5,0.0,HUBERT_BASE,6
1580-141083-0027_6930-76324-0024__T1__SCV3FIX__VOICE-1580_CONTENT-6930-6930-76324-0024,1580,6930,,-22.91,7,1.0,1.0,1.0,-0.07596799220720048,-0.09531932571087731,-31.55582912034274,1,3.5,3.5,0.0,HUBERT_BASE,6
5105-28240-0022_4446-2275-0021__T2__SCV3FIX__VOICE-4446_CONTENT-5105-5105-28240-0022,4446,5105,,-16.97,7,1.0,1.0,1.0,-0.17887824433491023,-0.32758851128741184,-32.671953094436915,1,3.5,3.5,0.0,HUBERT_BASE,6
61-70968-0047_5683-32879-0012__T2__SCV3FIX__VOICE-5683_CONTENT-61-61-70968-0047,5683,61,,12.98,7,0.0,0.0,0.0,0.10471050250921632,0.07363289886270763,37.65813018682818,0,0.0,0.0,-1.0,HUBERT_BASE,6
1284-1181-0017_7176-88083-0012__T1__SCV3FIX__VOICE-1284_CONTENT-7176-7176-88083-0012,1284,7176,,6.08,9,0.0,0.0,0.0,0.10362629943305855,0.04544895529645698,33.11761454224437,0,0.0,0.0,-1.0,HUBERT_BASE,6
260-123288-0000_672-122797-0000__T2__SCV3FIX__VOICE-672_CONTENT-260-260-123288-0000,672,260,,-7.06,4,0.75,1.0,0.75,-0.10182185780780972,-0.18525887269355723,-16.16323366212857,1,1.5,1.5,0.5,HUBERT_BASE,6
237-126133-0005_1580-141083-0050__T2__SCV3FIX__VOICE-1580_CONTENT-237-237-126133-0005,1580,237,,-21.77,5,0.8,1.0,0.8,-0.039365160218366,-0.1015699468161585,-31.09935970451208,1,2.0,2.0,0.0,HUBERT_BASE,6
1089-134691-0014_237-134500-0012__T1__SCV3FIX__VOICE-1089_CONTENT-237-237-134500-0012,1089,237,,15.5,8,0.0,0.0,0.0,0.10626001342771188,0.05701052640932491,35.77257919674671,0,0.0,0.0,-1.0,HUBERT_BASE,6
2961-960-0017_6829-68769-0004__T2__SCV3FIX__VOICE-6829_CONTENT-2961-2961-960-0017,6829,2961,,-18.88,13,0.9230769230769231,1.0,0.9230769230769231,-0.07543839624339367,-0.14954187142811193,-28.986112711026962,2,5.0,3.0,0.0,HUBERT_BASE,6
4446-2273-0032_8230-279154-0039__T1__SCV3FIX__VOICE-4446_CONTENT-8230-8230-279154-0039,4446,8230,,-22.56,7,1.0,1.0,1.0,-0.09681729392523307,-0.22498592021783514,-40.67888023824603,1,3.5,3.5,0.0,HUBERT_BASE,6
2300-131720-0037_4077-13751-0002__T2__SCV3FIX__VOICE-4077_CONTENT-2300-2300-131720-0037,4077,2300,,-15.87,14,0.9285714285714286,1.0,0.9285714285714286,-0.07664686315866022,-0.23246880845191875,-22.859200454997808,2,4.0,3.25,0.0,HUBERT_BASE,6
1221-135766-0006_7176-92135-0040__T2__SCV3FIX__VOICE-7176_CONTENT-1221-1221-135766-0006,7176,1221,,12.33,19,0.0,0.0,0.0,0.10656840464873672,0.04226982760944531,39.64057790500768,0,0.0,0.0,-1.0,HUBERT_BASE,6
7127-75947-0039_1580-141084-0008__T2__SCV3FIX__VOICE-1580_CONTENT-7127-7127-75947-0039,1580,7127,,-14.22,12,1.0,1.0,1.0,-0.09992314718165264,-0.1869860620275665,-35.02622974573247,1,6.0,6.0,0.0,HUBERT_BASE,6
237-134500-0014_260-123288-0005__T2__SCV3FIX__VOICE-260_CONTENT-237-237-134500-0014,260,237,,14.8,7,0.0,0.0,0.0,0.09531085152228916,0.04365546042242452,36.80140646521454,0,0.0,0.0,-1.0,HUBERT_BASE,6
8463-287645-0001_61-70968-0056__T1__SCV3FIX__VOICE-8463_CONTENT-61-61-70968-0056,8463,61,,-18.62,6,1.0,1.0,1.0,-0.08756330559280824,-0.16818928382188325,-27.09018078763749,1,3.0,3.0,0.0,HUBERT_BASE,6
5105-28241-0008_1284-1180-0004__T1__SCV3FIX__VOICE-5105_CONTENT-1284-1284-1180-0004,5105,1284,,9.77,7,0.0,0.0,0.0,0.0817301726131677,0.05462932477411275,28.024246448685364,0,0.0,0.0,-1.0,HUBERT_BASE,6
2094-142345-0024_6829-68771-0036__T2__SCV3FIX__VOICE-6829_CONTENT-2094-2094-142345-0024,6829,2094,,-6.77,9,0.5555555555555556,0.6666666666666666,0.5555555555555556,-0.0020208566558867925,-0.0683881071472685,-5.418042695540766,2,1.5,1.25,1.5,HUBERT_BASE,6
3570-5696-0009_7729-102255-0016__T1__SCV3FIX__VOICE-3570_CONTENT-7729-7729-102255-0016,3570,7729,,-20.8,16,1.0,1.0,1.0,-0.10862121351391121,-0.19706927161248178,-32.500957501725495,1,8.0,8.0,0.0,HUBERT_BASE,6
121-127105-0019_4446-2275-0029__T2__SCV3FIX__VOICE-4446_CONTENT-121-121-127105-0019,4446,121,,-9.53,6,0.6666666666666666,0.8333333333333334,0.5,-0.016600977317275722,-0.09309494864091084,-7.9081653695686684,1,2.0,2.0,0.0,HUBERT_BASE,6
7021-79740-0007_4507-16021-0051__T1__SCV3FIX__VOICE-7021_CONTENT-4507-4507-16021-0051,7021,4507,,16.85,11,0.0,0.0,0.0,0.12209330565262531,0.03160017216331401,47.812661431525676,0,0.0,0.0,-1.0,HUBERT_BASE,6
8455-210777-0040_1995-1826-0020__T2__SCV3FIX__VOICE-1995_CONTENT-8455-8455-210777-0040,1995,8455,,-2.45,11,0.45454545454545453,0.7272727272727273,0.36363636363636365,-0.00013916810689911847,-0.15713966515137812,-6.958678293493781,1,1.0,1.0,2.5,HUBERT_BASE,6
1221-135767-0008_260-123286-0027__T1__SCV3FIX__VOICE-1221_CONTENT-260-260-123286-0027,1221,260,,-22.89,5,1.0,1.0,1.0,-0.10138914882179906,-0.1803736650631811,-39.29728284831939,1,2.5,2.5,0.0,HUBERT_BASE,6
672-122797-0040_5683-32866-0024__T2__SCV3FIX__VOICE-5683_CONTENT-672-672-122797-0040,5683,672,,10.07,9,0.0,0.0,0.0,0.1789438958914429,0.09463983584905511,39.417143133087784,0,0.0,0.0,-1.0,HUBERT_BASE,6
3575-170457-0014_4507-16021-0042__T1__SCV3FIX__VOICE-3575_CONTENT-4507-4507-16021-0042,3575,4507,,0.06,12,0.4166666666666667,0.4166666666666667,0.3333333333333333,0.031659864620078665,-0.04323827688438742,3.7895395294548773,1,1.5,1.5,3.5,HUBERT_BASE,6
2830-3980-0053_1284-1180-0009__T1__SCV3FIX__VOICE-2830_CONTENT-1284-1284-1180-0009,2830,1284,,8.18,9,0.0,0.0,0.0,0.1117707397036733,0.03590183569423455,30.558061178052853,0,0.0,0.0,-1.0,HUBERT_BASE,6
2830-3980-0011_2300-131720-0027__T1__SCV3FIX__VOICE-2830_CONTENT-2300-2300-131720-0027,2830,2300,,6.91,10,0.1,0.0,0.0,0.10145419700644893,-0.07454985675424797,22.21320493289977,0,0.0,0.0,-1.0,HUBERT_BASE,6
260-123288-0018_2830-3979-0003__T1__SCV3FIX__VOICE-260_CONTENT-2830-2830-3979-0003,260,2830,,-19.77,5,1.0,1.0,1.0,-0.07242559345585138,-0.1059822418950952,-40.19245076859586,1,2.5,2.5,0.0,HUBERT_BASE,6
1089-134686-0007_7021-85628-0018__T2__SCV3FIX__VOICE-7021_CONTENT-1089-1089-134686-0007,7021,1089,,-12.83,7,0.7142857142857143,1.0,0.7142857142857143,-0.06869740055654532,-0.2549957543599568,-21.29992721164061,2,1.5,1.25,0.0,HUBERT_BASE,6
1089-134686-0013_7127-75946-0007__T1__SCV3FIX__VOICE-1089_CONTENT-7127-7127-75946-0007,1089,7127,,5.93,8,0.125,0.0,0.0,0.09563334024897517,-0.011382043812445564,27.20314562293096,0,0.0,0.0,-1.0,HUBERT_BASE,6
7176-92135-0020_2830-3980-0029__T2__SCV3FIX__VOICE-2830_CONTENT-7176-7176-92135-0020,2830,7176,,4.9,13,0.38461538461538464,0.07692307692307693,0.07692307692307693,0.056358609823805285,-0.22104378980261397,21.3661020032799,1,1.5,1.5,5.0,HUBERT_BASE,6
61-70968-0040_4970-29093-0004__T2__SCV3FIX__VOICE-4970_CONTENT-61-61-70968-0040,4970,61,,-2.31,6,1.0,1.0,1.0,-0.06644309882984743,-0.1329490674309627,-16.108752252843924,1,3.0,3.0,0.0,HUBERT_BASE,6
1580-141084-0018_1995-1826-0022__T1__SCV3FIX__VOICE-1580_CONTENT-1995-1995-1826-0022,1580,1995,,4.69,5,0.4,0.2,0.2,0.014365627831630179,-0.11505120762558108,8.72776543046414,1,1.0,1.0,1.0,HUBERT_BASE,6
1580-141084-0034_1089-134691-0016__T2__SCV3FIX__VOICE-1089_CONTENT-1580-1580-141084-0034,1089,1580,,10.27,7,0.0,0.0,0.0,0.09658214023187443,0.04335409316139105,36.07440792273592,0,0.0,0.0,-1.0,HUBERT_BASE,6
8455-210777-0060_908-157963-0009__T2__SCV3FIX__VOICE-908_CONTENT-8455-8455-210777-0060,908,8455,,14.04,7,0.14285714285714285,0.0,0.0,0.02148086335100387,-0.03606145976240327,28.918659234363044,0,0.0,0.0,-1.0,HUBERT_BASE,6
260-123286-0022_4507-16021-0036__T2__SCV3FIX__VOICE-4507_CONTENT-260-260-123286-0022,4507,260,,-29.83,5,1.0,1.0,1.0,-0.09550659444935275,-0.13616550507998137,-40.40789039902425,1,2.5,2.5,0.0,HUBERT_BASE,6
6829-68769-0006_7176-88083-0005__T1__SCV3FIX__VOICE-6829_CONTENT-7176-7176-88083-0005,6829,7176,,-19.97,8,1.0,1.0,1.0,-0.07805164401107283,-0.14383316609685215,-29.724401663860647,1,4.0,4.0,0.0,HUBERT_BASE,6
1995-1826-0015_908-157963-0005__T1__SCV3FIX__VOICE-1995_CONTENT-908-908-157963-0005,1995,908,,-31.82,6,1.0,1.0,1.0,-0.10324520235222882,-0.16473346619156726,-36.43662712243389,1,3.0,3.0,0.0,HUBERT_BASE,6
672-122797-0016_8463-294828-0006__T2__SCV3FIX__VOICE-8463_CONTENT-672-672-122797-0016,8463,672,,-20.27,12,0.9166666666666666,1.0,0.9166666666666666,-0.06886008269214365,-0.1864036880405725,-20.77783285764575,1,5.5,5.5,0.5,HUBERT_BASE,6
1089-134691-0014_2830-3980-0041__T1__SCV3FIX__VOICE-1089_CONTENT-2830-2830-3980-0041,1089,2830,,3.65,8,0.25,0.0,0.0,0.043705745014340006,-0.18475058026035118,12.164831066959884,1,1.0,1.0,0.0,HUBERT_BASE,6
908-157963-0004_7021-79740-0002__T1__SCV3FIX__VOICE-908_CONTENT-7021-7021-79740-0002,908,7021,,9.43,17,0.0,0.11764705882352941,0.0,0.09519759118297623,0.03435152905136751,22.030563423555925,0,0.0,0.0,-1.0,HUBERT_BASE,6
5639-40744-0033_4446-2275-0034__T2__SCV3FIX__VOICE-4446_CONTENT-5639-5639-40744-0033,4446,5639,,-23.54,5,1.0,1.0,1.0,-0.10105517107233133,-0.1352593952342197,-36.55595114897844,1,2.5,2.5,0.0,HUBERT_BASE,6
5142-36377-0005_1221-135767-0022__T2__SCV3FIX__VOICE-1221_CONTENT-5142-5142-36377-0005,1221,5142,,-5.73,13,0.6923076923076923,1.0,0.6923076923076923,-0.04128783213388634,-0.21150954675962153,-20.3971213852141,2,2.5,1.75,0.0,HUBERT_BASE,6
4446-2275-0012_1284-1180-0029__T1__SCV3FIX__VOICE-4446_CONTENT-1284-1284-1180-0029,4446,1284,,1.07,9,0.3333333333333333,0.2222222222222222,0.1111111111111111,0.03147011442809528,-0.008601367301574903,9.855293260142624,1,1.0,1.0,1.5,HUBERT_BASE,6
4970-29093-0015_6930-76324-0013__T2__SCV3FIX__VOICE-6930_CONTENT-4970-4970-29093-0015,6930,4970,,10.39,5,0.0,0.0,0.0,0.09440174409707178,0.0464596789373799,35.82677482184654,0,0.0,0.0,-1.0,HUBERT_BASE,6
3570-5696-0006_4507-16021-0021__T1__SCV3FIX__VOICE-3570_CONTENT-4507-4507-16021-0021,3570,4507,,13.38,7,0.0,0.0,0.0,0.0907644632682429,0.02405488668374034,45.7556055356569,0,0.0,0.0,-1.0,HUBERT_BASE,6
1995-1826-0007_1284-1180-0000__T2__SCV3FIX__VOICE-1284_CONTENT-1995-1995-1826-0007,1284,1995,,0.4,13,0.07692307692307693,0.07692307692307693,0.0,0.06232815787026424,-0.009048462272423619,14.51225452124301,0,0.0,0.0,-1.0,HUBERT_BASE,6
7176-92135-0014_1089-134691-0004__T1__SCV3FIX__VOICE-7176_CONTENT-1089-1089-134691-0004,7176,1089,,-9.34,9,0.6666666666666666,1.0,0.6666666666666666,-0.028660216576802303,-0.16052411987803683,-21.856666942589893,2,2.0,1.5,0.0,HUBERT_BASE,6
7729-102255-0038_1284-1180-0000__T1__SCV3FIX__VOICE-7729_CONTENT-1284-1284-1180-0000,7729,1284,,12.53,14,0.0,0.0,0.0,0.11706019018064308,0.052604376217657345,32.398691748082236,0,0.0,0.0,-1.0,HUBERT_BASE,6
61-70970-0029_1221-135767-0007__T1__SCV3FIX__VOICE-61_CONTENT-1221-1221-135767-0007,61,1221,,11.73,7,0.0,0.0,0.0,0.12280854347084234,0.053797904003424546,38.61490206039131,0,0.0,0.0,-1.0,HUBERT_BASE,6
4507-16021-0013_5142-33396-0012__T2__SCV3FIX__VOICE-5142_CONTENT-4507-4507-16021-0013,5142,4507,,-6.6,8,0.625,0.625,0.625,0.007718713820973916,-0.05833076046112795,-6.642904144873093,1,2.5,2.5,0.0,HUBERT_BASE,6
6829-68769-0036_7127-75946-0012__T1__SCV3FIX__VOICE-6829_CONTENT-7127-7127-75946-0012,6829,7127,,-30.49,10,1.0,1.0,1.0,-0.11366997838228259,-0.19963616923388172,-35.73815187456732,1,5.0,5.0,0.0,HUBERT_BASE,6
2830-3980-0007_6829-68769-0014__T1__SCV3FIX__VOICE-2830_CONTENT-6829-6829-68769-0014,2830,6829,,14.29,6,0.0,0.0,0.0,0.06420132701615894,0.03418129219264954,39.390435958769736,0,0.0,0.0,-1.0,HUBERT_BASE,6
5105-28240-0003_8555-292519-0013__T1__SCV3FIX__VOICE-5105_CONTENT-8555-8555-292519-0013,5105,8555,,11.68,7,0.0,0.0,0.0,0.11071664406782945,0.05812454023391456,41.748952043565914,0,0.0,0.0,-1.0,HUBERT_BASE,6
7729-102255-0040_672-122797-0044__T2__SCV3FIX__VOICE-672_CONTENT-7729-7729-102255-0040,672,7729,,9.54,6,0.0,0.0,0.0,0.12034041040163766,0.04167491362638076,25.503069674397864,0,0.0,0.0,-1.0,HUBERT_BASE,6
4507-16021-0024_61-70970-0033__T1__SCV3FIX__VOICE-4507_CONTENT-61-61-70970-0033,4507,61,,-11.82,5,1.0,1.0,1.0,-0.16641952756355416,-0.24288512238183024,-26.43848185176414,1,2.5,2.5,0.0,HUBERT_BASE,6
7729-102255-0030_5142-33396-0001__T1__SCV3FIX__VOICE-7729_CONTENT-5142-5142-33396-0001,7729,5142,,10.51,9,0.0,0.0,0.0,0.12026664350988255,0.057977983537886524,46.013887720582126,0,0.0,0.0,-1.0,HUBERT_BASE,6
4992-41797-0015_4446-2271-0013__T1__SCV3FIX__VOICE-4992_CONTENT-4446-4446-2271-0013,4992,4446,,3.83,7,0.14285714285714285,0.0,0.0,0.028533067875335907,-0.02386247298763633,9.703385716984952,0,0.0,0.0,-1.0,HUBERT_BASE,6
8555-284447-0023_6829-68771-0006__T2__SCV3FIX__VOICE-6829_CONTENT-8555-8555-284447-0023,6829,8555,,-2.72,10,0.4,0.9,0.4,-0.0010227878372115252,-0.06271970209901745,-7.619254031630635,1,1.0,1.0,2.5,HUBERT_BASE,6
237-134493-0015_3570-5694-0002__T2__SCV3FIX__VOICE-3570_CONTENT-237-237-134493-0015,3570,237,,-28.48,12,0.9166666666666666,1.0,0.9166666666666666,-0.05213998899109091,-0.16058671153283366,-32.88183870048168,1,5.5,5.5,0.0,HUBERT_BASE,6
6829-68769-0028_4446-2273-0010__T2__SCV3FIX__VOICE-4446_CONTENT-6829-6829-68769-0028,4446,6829,,-19.94,5,1.0,1.0,1.0,-0.09236453427264628,-0.11341416467817844,-36.88457482264556,1,2.5,2.5,0.0,HUBERT_BASE,6
7127-75947-0033_908-157963-0030__T1__SCV3FIX__VOICE-7127_CONTENT-908-908-157963-0030,7127,908,,-7.42,8,0.75,1.0,0.75,-0.02452810063614677,-0.11065095002991121,-26.000006543901357,1,2.5,2.5,1.5,HUBERT_BASE,6
1188-133604-0005_1580-141083-0020__T1__SCV3FIX__VOICE-1188_CONTENT-1580-1580-141083-0020,1188,1580,,12.73,9,0.0,0.0,0.0,0.11688773701678887,0.04286921631124263,37.62607276059048,0,0.0,0.0,-1.0,HUBERT_BASE,6
7176-88083-0006_672-122797-0071__T2__SCV3FIX__VOICE-672_CONTENT-7176-7176-88083-0006,672,7176,,-18.27,7,1.0,1.0,1.0,-0.09977377140122325,-0.15504264521457678,-33.862270911310794,1,3.5,3.5,0.0,HUBERT_BASE,6
6829-68769-0010_1320-122612-0013__T1__SCV3FIX__VOICE-6829_CONTENT-1320-1320-122612-0013,6829,1320,,-24.59,5,1.0,1.0,1.0,-0.1268731442701742,-0.18030327197910911,-44.39647915364949,1,2.5,2.5,0.0,HUBERT_BASE,6
1580-141084-0009_7176-88083-0018__T1__SCV3FIX__VOICE-1580_CONTENT-7176-7176-88083-0018,1580,7176,,12.6,8,0.0,0.0,0.0,0.09528139749427073,0.06135219212851639,32.16570611248678,0,0.0,0.0,-1.0,HUBERT_BASE,6
61-70968-0045_2830-3980-0001__T1__SCV3FIX__VOICE-61_CONTENT-2830-2830-3980-0001,61,2830,,-1.62,5,0.6,0.6,0.6,-0.0366182675208311,-0.15045779642550594,-6.483049922938461,1,1.5,1.5,1.0,HUBERT_BASE,6
672-122797-0066_7127-75947-0035__T2__SCV3FIX__VOICE-7127_CONTENT-672-672-122797-0066,7127,672,,-0.92,7,0.5714285714285714,1.0,0.5714285714285714,-0.0020610934234250233,-0.12534278380524766,-9.981609577643827,1,1.5,1.5,0.0,HUBERT_BASE,6
5142-33396-0068_7127-75947-0013__T1__SCV3FIX__VOICE-5142_CONTENT-7127-7127-75947-0013,5142,7127,,-23.1,7,1.0,1.0,1.0,-0.09389031655216029,-0.1488860633097827,-37.89261928550674,1,3.5,3.5,0.0,HUBERT_BASE,6
7176-88083-0002_1221-135767-0019__T1__SCV3FIX__VOICE-7176_CONTENT-1221-1221-135767-0019,7176,1221,,14.1,6,0.0,0.0,0.0,0.11736206422262152,0.07254523326176965,48.83147369771751,0,0.0,0.0,-1.0,HUBERT_BASE,6
2830-3980-0036_6930-76324-0002__T1__SCV3FIX__VOICE-2830_CONTENT-6930-6930-76324-0002,2830,6930,,5.97,10,0.0,0.0,0.0,0.10484822602655294,0.07149993889782513,37.549861234935875,0,0.0,0.0,-1.0,HUBERT_BASE,6
672-122797-0023_237-134500-0002__T1__SCV3FIX__VOICE-672_CONTENT-237-237-134500-0002,672,237,,15.22,9,0.1111111111111111,0.0,0.0,0.07044420391114614,-0.0043510788582481474,31.119882461753225,0,0.0,0.0,-1.0,HUBERT_BASE,6
6930-76324-0028_7127-75947-0003__T1__SCV3FIX__VOICE-6930_CONTENT-7127-7127-75947-0003,6930,7127,,-11.22,10,0.9,1.0,0.9,-0.06183658519989129,-0.11701380972484832,-22.93194448752072,2,3.5,2.25,0.0,HUBERT_BASE,6
6829-68769-0034_5683-32866-0006__T1__SCV3FIX__VOICE-6829_CONTENT-5683-5683-32866-0006,6829,5683,,9.94,7,0.14285714285714285,0.0,0.0,0.036154917364375004,-0.004905700877882224,16.431369809564902,0,0.0,0.0,-1.0,HUBERT_BASE,6
5142-33396-0006_4970-29095-0029__T1__SCV3FIX__VOICE-5142_CONTENT-4970-4970-29095-0029,5142,4970,,-3.74,6,0.3333333333333333,0.5,0.16666666666666666,-0.013749104462486764,-0.10102446172827007,-0.016497596408035164,1,1.0,1.0,2.0,HUBERT_BASE,6
1580-141084-0015_5105-28233-0008__T1__SCV3FIX__VOICE-1580_CONTENT-5105-5105-28233-0008,1580,5105,,-17.33,5,1.0,1.0,1.0,-0.07920721827900734,-0.09453750514464132,-35.92455706761589,1,2.5,2.5,0.0,HUBERT_BASE,6
1995-1826-0025_8463-294825-0008__T1__SCV3FIX__VOICE-1995_CONTENT-8463-8463-294825-0008,1995,8463,,12.53,5,0.0,0.0,0.0,0.07893433438083393,0.01896429023961066,46.37843166352504,0,0.0,0.0,-1.0,HUBERT_BASE,6
4446-2271-0005_6829-68769-0040__T2__SCV3FIX__VOICE-6829_CONTENT-4446-4446-2271-0005,6829,4446,,9.92,5,0.2,0.0,0.0,0.04668328113186224,-0.022405800084487226,21.66143144308951,0,0.0,0.0,-1.0,HUBERT_BASE,6
8463-287645-0000_4970-29095-0023__T2__SCV3FIX__VOICE-4970_CONTENT-8463-8463-287645-0000,4970,8463,,-9.01,6,1.0,1.0,1.0,-0.06192914674795719,-0.08017003375884302,-20.705760866835096,1,3.0,3.0,0.0,HUBERT_BASE,6
1221-135767-0014_2300-131720-0034__T2__SCV3FIX__VOICE-2300_CONTENT-1221-1221-135767-0014,2300,1221,,10.61,13,0.0,0.0,0.0,0.14216982067410427,0.07657331255139377,38.455178435734815,0,0.0,0.0,-1.0,HUBERT_BASE,6
3575-170457-0003_7021-85628-0019__T1__SCV3FIX__VOICE-3575_CONTENT-7021-7021-85628-0019,3575,7021,,-26.75,5,1.0,1.0,1.0,-0.052475808231930696,-0.07932925538484903,-35.82563511720548,1,2.5,2.5,0.0,HUBERT_BASE,6
4446-2271-0013_5683-32865-0004__T2__SCV3FIX__VOICE-5683_CONTENT-4446-4446-2271-0013,5683,4446,,-18.7,7,1.0,1.0,1.0,-0.09214619175814369,-0.11180574144661193,-34.55178445879024,1,3.5,3.5,0.0,HUBERT_BASE,6
5142-33396-0006_4970-29095-0029__T2__SCV3FIX__VOICE-4970_CONTENT-5142-5142-33396-0006,4970,5142,,-12.89,6,0.8333333333333334,1.0,0.8333333333333334,-0.02984954900818439,-0.06739770924988642,-21.32581839281682,1,2.0,2.0,0.0,HUBERT_BASE,6
3729-6852-0040_908-31957-0013__T2__SCV3FIX__VOICE-908_CONTENT-3729-3729-6852-0040,908,3729,,16.0,11,0.0,0.0,0.0,0.10616311818155993,0.016502864565682063,52.35222909345257,0,0.0,0.0,-1.0,HUBERT_BASE,6
1188-133604-0027_4446-2275-0032__T2__SCV3FIX__VOICE-4446_CONTENT-1188-1188-133604-0027,4446,1188,,-24.91,5,1.0,1.0,1.0,-0.11016898149313621,-0.19553362932144414,-46.51096997072192,1,2.5,2.5,0.0,HUBERT_BASE,6
7021-79740-0009_61-70970-0018__T1__SCV3FIX__VOICE-7021_CONTENT-61-61-70970-0018,7021,61,,0.67,6,0.5,0.3333333333333333,0.16666666666666666,0.027229521291550467,-0.03383897351838416,4.534118409635917,1,1.0,1.0,2.0,HUBERT_BASE,6
4507-16021-0045_6829-68769-0012__T2__SCV3FIX__VOICE-6829_CONTENT-4507-4507-16021-0045,6829,4507,,-0.34,7,0.42857142857142855,0.42857142857142855,0.42857142857142855,-0.0025802419512006886,-0.04062158800675597,4.075218619776183,1,1.0,1.0,0.5,HUBERT_BASE,6
4970-29095-0012_1995-1837-0001__T1__SCV3FIX__VOICE-4970_CONTENT-1995-1995-1837-0001,4970,1995,,9.97,8,0.25,0.0,0.0,0.05364172587935333,-0.029340199607589823,27.458041860262025,1,1.0,1.0,2.5,HUBERT_BASE,6
121-127105-0012_61-70968-0028__T1__SCV3FIX__VOICE-121_CONTENT-61-61-70968-0028,121,61,,-17.78,8,1.0,1.0,1.0,-0.09417586738352418,-0.15344333047906944,-29.88023131478503,1,4.0,4.0,0.0,HUBERT_BASE,6
4970-29095-0022_1320-122617-0010__T1__SCV3FIX__VOICE-4970_CONTENT-1320-1320-122617-0010,4970,1320,,-23.91,8,1.0,1.0,1.0,-0.12498369957713686,-0.2856680267938223,-44.59547807232495,1,4.0,4.0,0.0,HUBERT_BASE,6
237-134500-0003_1188-133604-0041__T2__SCV3FIX__VOICE-1188_CONTENT-237-237-134500-0003,1188,237,,10.22,5,0.0,0.0,0.0,0.09531586191458401,0.011513829687263333,39.31139500152049,0,0.0,0.0,-1.0,HUBERT_BASE,6
7021-85628-0010_5683-32865-0007__T1__SCV3FIX__VOICE-7021_CONTENT-5683-5683-32865-0007,7021,5683,,12.48,11,0.0,0.0,0.0,0.13727510420074765,0.085171156766778,46.08715498657312,0,0.0,0.0,-1.0,HUBERT_BASE,6
3575-170457-0027_61-70970-0021__T1__SCV3FIX__VOICE-3575_CONTENT-61-61-70970-0021,3575,61,,-20.24,8,1.0,1.0,1.0,-0.09873203823974108,-0.13591700360666092,-27.521871671984137,1,4.0,4.0,0.0,HUBERT_BASE,6
2830-3980-0066_260-123286-0009__T1__SCV3FIX__VOICE-2830_CONTENT-260-260-123286-0009,2830,260,,3.09,10,0.2,0.0,0.0,0.04062640186176775,-0.03157842096114394,18.42454612048367,0,0.0,0.0,-1.0,HUBERT_BASE,6
61-70968-0013_6829-68771-0028__T2__SCV3FIX__VOICE-6829_CONTENT-61-61-70968-0013,6829,61,,-24.46,6,1.0,1.0,1.0,-0.10218556820925362,-0.17122315789029607,-36.318442908391056,1,3.0,3.0,0.0,HUBERT_BASE,6
4507-16021-0003_672-122797-0003__T1__SCV3FIX__VOICE-4507_CONTENT-672-672-122797-0003,4507,672,,16.29,8,0.0,0.0,0.0,0.11343686244911143,0.02131926858490718,39.331912007820215,0,0.0,0.0,-1.0,HUBERT_BASE,6
5683-32879-0013_121-127105-0003__T2__SCV3FIX__VOICE-121_CONTENT-5683-5683-32879-0013,121,5683,,-28.66,14,1.0,1.0,1.0,-0.11829276235172263,-0.31199689077470494,-36.440201774215,1,7.0,7.0,0.0,HUBERT_BASE,6
5639-40744-0020_7021-85628-0001__T2__SCV3FIX__VOICE-7021_CONTENT-5639-5639-40744-0020,7021,5639,,10.53,18,0.05555555555555555,0.0,0.0,0.07697570991619954,-0.0003037452818051012,37.128607849263396,0,0.0,0.0,-1.0,HUBERT_BASE,6
4507-16021-0031_260-123288-0022__T2__SCV3FIX__VOICE-260_CONTENT-4507-4507-16021-0031,260,4507,,17.9,6,0.0,0.0,0.0,0.10461743148859486,0.07643992011493084,43.22919627080012,0,0.0,0.0,-1.0,HUBERT_BASE,6
8455-210777-0019_2094-142345-0059__T1__SCV3FIX__VOICE-8455_CONTENT-2094-2094-142345-0059,8455,2094,,14.94,15,0.06666666666666667,0.0,0.0,0.1248953732902329,-0.013064804799700513,38.5991900081573,0,0.0,0.0,-1.0,HUBERT_BASE,6
5105-28240-0009_61-70970-0034__T1__SCV3FIX__VOICE-5105_CONTENT-61-61-70970-0034,5105,61,,10.23,7,0.0,0.0,0.0,0.08518274939417321,0.05135041372595195,23.65920338391123,0,0.0,0.0,-1.0,HUBERT_BASE,6
7127-75947-0014_1580-141083-0002__T1__SCV3FIX__VOICE-7127_CONTENT-1580-1580-141083-0002,7127,1580,,12.43,11,0.0,0.0,0.0,0.10071577948893583,0.046435359018875855,31.428315878061486,0,0.0,0.0,-1.0,HUBERT_BASE,6
121-127105-0023_1580-141083-0021__T1__SCV3FIX__VOICE-121_CONTENT-1580-1580-141083-0021,121,1580,,5.02,6,0.16666666666666666,0.0,0.0,0.02099913537894114,-0.0017491659173650698,15.489379991652415,0,0.0,0.0,-1.0,HUBERT_BASE,6
7729-102255-0001_5683-32866-0030__T2__SCV3FIX__VOICE-5683_CONTENT-7729-7729-102255-0001,5683,7729,,12.74,5,0.0,0.0,0.0,0.09094100248155164,0.04866063787536845,24.109845871212805,0,0.0,0.0,-1.0,HUBERT_BASE,6
8555-284447-0003_1320-122617-0029__T1__SCV3FIX__VOICE-8555_CONTENT-1320-1320-122617-0029,8555,1320,,-28.94,7,1.0,1.0,1.0,-0.115713856240002,-0.19700736638877647,-41.22223684956158,1,3.5,3.5,0.0,HUBERT_BASE,6
7021-85628-0019_7729-102255-0033__T2__SCV3FIX__VOICE-7729_CONTENT-7021-7021-85628-0019,7729,7021,,-1.48,5,0.6,0.6,0.6,0.010056091512227815,-0.055187277826227676,-5.683410631402566,1,1.0,1.0,1.5,HUBERT_BASE,6
121-127105-0032_7127-75947-0037__T1__SCV3FIX__VOICE-121_CONTENT-7127-7127-75947-0037,121,7127,,-16.81,5,1.0,1.0,1.0,-0.05781910063145488,-0.14331095269929683,-20.906212181843912,1,2.5,2.5,0.0,HUBERT_BASE,6
1284-1181-0012_3729-6852-0023__T1__SCV3FIX__VOICE-1284_CONTENT-3729-3729-6852-0023,1284,3729,,9.93,15,0.06666666666666667,0.0,0.0,0.06286538686710323,-0.0009189843947673415,35.56941255120669,0,0.0,0.0,-1.0,HUBERT_BASE,6
5105-28240-0017_6829-68769-0001__T2__SCV3FIX__VOICE-6829_CONTENT-5105-5105-28240-0017,6829,5105,,-28.91,10,1.0,1.0,1.0,-0.10697702014953134,-0.2473277400142302,-30.53158751082777,1,5.0,5.0,0.0,HUBERT_BASE,6
672-122797-0038_5683-32866-0002__T1__SCV3FIX__VOICE-672_CONTENT-5683-5683-32866-0002,672,5683,,-10.87,9,0.8888888888888888,1.0,0.8888888888888888,-0.10269217445687681,-0.22156600313974795,-24.641631116045772,1,4.0,4.0,0.0,HUBERT_BASE,6
4992-41797-0020_4970-29095-0018__T2__SCV3FIX__VOICE-4970_CONTENT-4992-4992-41797-0020,4970,4992,,-23.01,13,1.0,1.0,1.0,-0.09349023467178089,-0.15466924056053744,-34.18128155531814,1,6.5,6.5,0.0,HUBERT_BASE,6
4446-2275-0032_5142-36377-0015__T2__SCV3FIX__VOICE-5142_CONTENT-4446-4446-2275-0032,5142,4446,,11.26,5,0.0,0.0,0.0,0.0865093239969185,0.02220910743164184,25.385206709588495,0,0.0,0.0,-1.0,HUBERT_BASE,6
908-157963-0006_6829-68769-0033__T2__SCV3FIX__VOICE-6829_CONTENT-908-908-157963-0006,6829,908,,-25.72,7,1.0,1.0,1.0,-0.06758991250799429,-0.14385986040405274,-30.63013369879085,1,3.5,3.5,0.0,HUBERT_BASE,6
672-122797-0074_237-134493-0018__T1__SCV3FIX__VOICE-672_CONTENT-237-237-134493-0018,672,237,,14.02,5,0.0,0.0,0.0,0.06259862986920181,0.017942363489418467,33.51793275535598,0,0.0,0.0,-1.0,HUBERT_BASE,6
2830-3980-0041_4970-29095-0036__T2__SCV3FIX__VOICE-4970_CONTENT-2830-2830-3980-0041,4970,2830,,-27.67,8,1.0,1.0,1.0,-0.10007380358700575,-0.14866650977039464,-39.668360765451595,1,4.0,4.0,0.0,HUBERT_BASE,6
1580-141083-0025_672-122797-0013__T2__SCV3FIX__VOICE-672_CONTENT-1580-1580-141083-0025,672,1580,,-26.48,6,1.0,1.0,1.0,-0.13780383178811256,-0.20065563278794563,-29.324275967066043,1,3.0,3.0,0.0,HUBERT_BASE,6
6829-68771-0013_8224-274384-0006__T1__SCV3FIX__VOICE-6829_CONTENT-8224-8224-274384-0006,6829,8224,,-17.26,12,1.0,1.0,1.0,-0.09505631076485144,-0.16799073752395777,-38.653388188904984,1,6.0,6.0,0.0,HUBERT_BASE,6
7729-102255-0023_2094-142345-0014__T1__SCV3FIX__VOICE-7729_CONTENT-2094-2094-142345-0014,7729,2094,,14.85,9,0.0,0.0,0.0,0.0669606339520001,0.04848277178404803,28.298678126682702,0,0.0,0.0,-1.0,HUBERT_BASE,6
4970-29093-0009_672-122797-0032__T1__SCV3FIX__VOICE-4970_CONTENT-672-672-122797-0032,4970,672,,-28.05,7,1.0,1.0,1.0,-0.10398399036934466,-0.2290685727082099,-38.10100756861546,1,3.5,3.5,0.0,HUBERT_BASE,6
7127-75947-0032_6829-68769-0008__T1__SCV3FIX__VOICE-7127_CONTENT-6829-6829-68769-0008,7127,6829,,11.54,7,0.0,0.0,0.0,0.09207332785186702,0.04805952983822803,34.20152783412083,0,0.0,0.0,-1.0,HUBERT_BASE,6
8455-210777-0019_61-70968-0051__T1__SCV3FIX__VOICE-8455_CONTENT-61-61-70968-0051,8455,61,,-27.41,5,0.8,1.0,0.8,-0.04864833414761134,-0.12102813383235955,-23.978777100741613,1,2.0,2.0,0.5,HUBERT_BASE,6
3575-170457-0010_1995-1837-0004__T2__SCV3FIX__VOICE-1995_CONTENT-3575-3575-170457-0010,1995,3575,,1.52,8,0.0,0.125,0.0,0.06289294355605876,0.003730663546487656,25.882503881879625,0,0.0,0.0,-1.0,HUBERT_BASE,6
1221-135766-0014_3729-6852-0011__T2__SCV3FIX__VOICE-3729_CONTENT-1221-1221-135766-0014,3729,1221,,2.6,8,0.0,0.0,0.0,0.11016946936191485,0.055005430075123374,27.25015578974944,0,0.0,0.0,-1.0,HUBERT_BASE,6
8463-294828-0031_908-157963-0023__T2__SCV3FIX__VOICE-908_CONTENT-8463-8463-294828-0031,908,8463,,8.73,14,0.0,0.0,0.0,0.10149936459913411,0.025780680353093,38.6752915576532,0,0.0,0.0,-1.0,HUBERT_BASE,6
4970-29095-0016_3570-5694-0019__T1__SCV3FIX__VOICE-4970_CONTENT-3570-3570-5694-0019,4970,3570,,-18.09,6,1.0,1.0,1.0,-0.06515359881367229,-0.1074110229202121,-22.619694227767074,1,3.0,3.0,0.0,HUBERT_BASE,6
2300-131720-0041_1995-1836-0011__T1__SCV3FIX__VOICE-2300_CONTENT-1995-1995-1836-0011,2300,1995,,11.81,6,0.0,0.0,0.0,0.11977007106615968,0.019492751675052267,46.32347599092447,0,0.0,0.0,-1.0,HUBERT_BASE,6
3729-6852-0009_8455-210777-0059__T1__SCV3FIX__VOICE-3729_CONTENT-8455-8455-210777-0059,3729,8455,,-14.41,10,1.0,1.0,1.0,-0.07637696191260117,-0.12197094911774053,-31.12863239809201,1,5.0,5.0,0.0,HUBERT_BASE,6
5105-28240-0024_8230-279154-0014__T1__SCV3FIX__VOICE-5105_CONTENT-8230-8230-279154-0014,5105,8230,,-20.11,14,0.9285714285714286,1.0,0.9285714285714286,-0.1026130060071916,-0.19658691386517546,-36.289417817151616,1,6.5,6.5,0.5,HUBERT_BASE,6
4970-29093-0022_6829-68771-0024__T1__SCV3FIX__VOICE-4970_CONTENT-6829-6829-68771-0024,4970,6829,,4.66,11,0.36363636363636365,0.18181818181818182,0.09090909090909091,0.010956744411921222,-0.08940523942667877,12.724663448013475,2,1.0,1.0,1.5,HUBERT_BASE,6
2094-142345-0045_2830-3980-0001__T2__SCV3FIX__VOICE-2830_CONTENT-2094-2094-142345-0045,2830,2094,,3.53,5,0.0,0.0,0.0,0.0841145745720306,0.053102907060882165,18.522918231218167,0,0.0,0.0,-1.0,HUBERT_BASE,6
4992-23283-0004_8555-284449-0002__T2__SCV3FIX__VOICE-8555_CONTENT-4992-4992-23283-0004,8555,4992,,-8.07,15,0.9333333333333333,1.0,0.9333333333333333,-0.06056205919622231,-0.10803346191197594,-13.62245726021598,2,4.0,3.5,0.0,HUBERT_BASE,6
7127-75947-0016_7176-92135-0017__T1__SCV3FIX__VOICE-7127_CONTENT-7176-7176-92135-0017,7127,7176,,11.03,13,0.0,0.0,0.0,0.08622021271384414,0.020548462456767558,34.69701390996081,0,0.0,0.0,-1.0,HUBERT_BASE,6
1284-1181-0000_3570-5696-0008__T1__SCV3FIX__VOICE-1284_CONTENT-3570-3570-5696-0008,1284,3570,,5.74,6,0.16666666666666666,0.0,0.0,0.05784673740055626,-0.005524870530956405,31.12484918712491,0,0.0,0.0,-1.0,HUBERT_BASE,6
61-70968-0051_4507-16021-0014__T2__SCV3FIX__VOICE-4507_CONTENT-61-61-70968-0051,4507,61,,7.2,5,0.2,0.0,0.0,0.05491431693305273,-0.11357993337326244,24.7961484298999,0,0.0,0.0,-1.0,HUBERT_BASE,6
3575-170457-0056_237-134493-0002__T1__SCV3FIX__VOICE-3575_CONTENT-237-237-134493-0002,3575,237,,-21.88,5,1.0,1.0,1.0,-0.03597355175274917,-0.047013163810597614,-35.947947278108984,1,2.5,2.5,0.0,HUBERT_BASE,6
1284-1180-0011_3570-5695-0007__T2__SCV3FIX__VOICE-3570_CONTENT-1284-1284-1180-0011,3570,1284,,4.47,7,0.2857142857142857,0.2857142857142857,0.2857142857142857,0.018790236313511923,-0.09206139857228524,19.13203519407879,1,1.0,1.0,2.0,HUBERT_BASE,6
1221-135767-0008_5683-32865-0011__T1__SCV3FIX__VOICE-1221_CONTENT-5683-5683-32865-0011,1221,5683,,-2.97,5,0.2,0.6,0.2,0.0349171333707881,-0.033985313381892035,-5.776543059363289,0,0.0,0.0,-1.0,HUBERT_BASE,6
2094-142345-0053_3575-170457-0041__T2__SCV3FIX__VOICE-3575_CONTENT-2094-2094-142345-0053,3575,2094,,-0.65,5,0.6,0.0,0.0,-0.0010123970709291497,-0.03256756390376481,13.342149628791375,1,1.5,1.5,0.0,HUBERT_BASE,6
3575-170457-0023_4970-29095-0029__T1__SCV3FIX__VOICE-3575_CONTENT-4970-4970-29095-0029,3575,4970,,3.01,6,0.16666666666666666,0.5,0.16666666666666666,0.02260648417061058,-0.012084369635507186,4.3883203287778265,0,0.0,0.0,-1.0,HUBERT_BASE,6
2961-960-0019_1320-122612-0007__T1__SCV3FIX__VOICE-2961_CONTENT-1320-1320-122612-0007,2961,1320,,-29.35,10,1.0,1.0,1.0,-0.11111360760011949,-0.18129623512309534,-47.3641881583041,1,5.0,5.0,0.0,HUBERT_BASE,6
121-127105-0020_5683-32866-0030__T1__SCV3FIX__VOICE-121_CONTENT-5683-5683-32866-0030,121,5683,,-11.44,8,1.0,1.0,1.0,-0.06671452495313002,-0.08807456842193895,-30.31794872253267,1,4.0,4.0,0.0,HUBERT_BASE,6
672-122797-0016_8463-294828-0006__T1__SCV3FIX__VOICE-672_CONTENT-8463-8463-294828-0006,672,8463,,10.54,12,0.0,0.0,0.0,0.09581084147661029,0.0038703604505961886,24.72797391116031,0,0.0,0.0,-1.0,HUBERT_BASE,6
2300-131720-0041_1284-1180-0023__T1__SCV3FIX__VOICE-2300_CONTENT-1284-1284-1180-0023,2300,1284,,16.51,6,0.0,0.0,0.0,0.07517908064945432,0.02536422409186445,35.82863885696193,0,0.0,0.0,-1.0,HUBERT_BASE,6
8555-284447-0022_3575-170457-0047__T2__SCV3FIX__VOICE-3575_CONTENT-8555-8555-284447-0022,3575,8555,,2.03,6,0.5,0.0,0.0,-0.007769176834088713,-0.04703599139278658,10.120065959438262,1,1.5,1.5,0.0,HUBERT_BASE,6
7176-88083-0009_5105-28241-0002__T1__SCV3FIX__VOICE-7176_CONTENT-5105-5105-28241-0002,7176,5105,,12.17,7,0.0,0.0,0.0,0.07791650583693244,0.04714495357654802,40.14700130514348,0,0.0,0.0,-1.0,HUBERT_BASE,6
5683-32879-0019_260-123286-0025__T1__SCV3FIX__VOICE-5683_CONTENT-260-260-123286-0025,5683,260,,-21.51,11,1.0,1.0,1.0,-0.07016787363708929,-0.09331637990502117,-39.66527353846492,1,5.5,5.5,0.0,HUBERT_BASE,6
1188-133604-0001_1995-1826-0012__T1__SCV3FIX__VOICE-1188_CONTENT-1995-1995-1826-0012,1188,1995,,14.91,10,0.0,0.0,0.0,0.12101446016616169,0.06245560290819663,40.42162666784841,0,0.0,0.0,-1.0,HUBERT_BASE,6
8555-292519-0003_4446-2271-0010__T1__SCV3FIX__VOICE-8555_CONTENT-4446-4446-2271-0010,8555,4446,,-17.98,5,1.0,1.0,1.0,-0.11736834911580858,-0.25810576658723217,-27.293972151248852,1,2.5,2.5,0.0,HUBERT_BASE,6
2830-3980-0044_5639-40744-0028__T2__SCV3FIX__VOICE-5639_CONTENT-2830-2830-3980-0044,5639,2830,,-12.46,5,0.8,1.0,0.8,-0.026871993828551967,-0.10594583018302495,-15.276258101188498,2,1.0,1.0,0.0,HUBERT_BASE,6
3575-170457-0005_7127-75947-0024__T2__SCV3FIX__VOICE-7127_CONTENT-3575-3575-170457-0005,7127,3575,,15.42,13,0.0,0.0,0.0,0.08877164882822876,0.04097533552098542,41.4702392794306,0,0.0,0.0,-1.0,HUBERT_BASE,6
1580-141083-0006_6829-68771-0014__T1__SCV3FIX__VOICE-1580_CONTENT-6829-6829-68771-0014,1580,6829,,-24.09,8,1.0,1.0,1.0,-0.09943880751476968,-0.21659401616137675,-40.00803627373756,1,4.0,4.0,0.0,HUBERT_BASE,6
908-157963-0018_7127-75947-0026__T1__SCV3FIX__VOICE-908_CONTENT-7127-7127-75947-0026,908,7127,,9.53,7,0.0,0.0,0.0,0.1403666515134636,0.05415344129974364,41.19787186774972,0,0.0,0.0,-1.0,HUBERT_BASE,6
5105-28241-0012_4507-16021-0017__T1__SCV3FIX__VOICE-5105_CONTENT-4507-4507-16021-0017,5105,4507,,18.65,12,0.0,0.0,0.0,0.10111634658162798,0.04702240134608149,41.21529899945922,0,0.0,0.0,-1.0,HUBERT_BASE,6
1221-135767-0020_61-70968-0009__T2__SCV3FIX__VOICE-61_CONTENT-1221-1221-135767-0020,61,1221,,9.74,5,0.0,0.0,0.0,0.09981267519047717,0.04792010973935068,33.89771717088099,0,0.0,0.0,-1.0,HUBERT_BASE,6
5683-32879-0022_6829-68769-0016__T2__SCV3FIX__VOICE-6829_CONTENT-5683-5683-32879-0022,6829,5683,,-17.12,7,1.0,1.0,1.0,-0.07017293779796484,-0.11960226771059079,-34.49697413057511,1,3.5,3.5,0.0,HUBERT_BASE,6
3570-5694-0017_4970-29095-0012__T1__SCV3FIX__VOICE-3570_CONTENT-4970-4970-29095-0012,3570,4970,,-21.39,8,0.75,1.0,0.75,-0.04984044371047186,-0.14001899227151016,-29.935826023814208,1,3.0,3.0,0.0,HUBERT_BASE,6
1995-1826-0003_8230-279154-0036__T1__SCV3FIX__VOICE-1995_CONTENT-8230-8230-279154-0036,1995,8230,,-22.99,5,1.0,1.0,1.0,-0.13928886262719425,-0.187973982526481,-44.895704729528276,1,2.5,2.5,0.0,HUBERT_BASE,6
4970-29095-0002_8463-294825-0005__T1__SCV3FIX__VOICE-4970_CONTENT-8463-8463-294825-0005,4970,8463,,9.74,9,0.0,0.0,0.0,0.057666208673726814,0.019239664839738824,34.05876793787605,0,0.0,0.0,-1.0,HUBERT_BASE,6
2830-3980-0072_3575-170457-0021__T2__SCV3FIX__VOICE-3575_CONTENT-2830-2830-3980-0072,3575,2830,,-28.91,7,1.0,1.0,1.0,-0.07405120994630816,-0.20408218495747887,-36.47915546827647,1,3.5,3.5,0.0,HUBERT_BASE,6
1580-141084-0047_8230-279154-0006__T1__SCV3FIX__VOICE-1580_CONTENT-8230-8230-279154-0006,1580,8230,,14.05,9,0.0,0.0,0.0,0.12137527337851554,0.08930337250439879,29.887701315372695,0,0.0,0.0,-1.0,HUBERT_BASE,6
8455-210777-0055_672-122797-0070__T2__SCV3FIX__VOICE-672_CONTENT-8455-8455-210777-0055,672,8455,,-3.56,11,0.6363636363636364,0.7272727272727273,0.6363636363636364,-0.010913187774459952,-0.2326209498611308,-7.9581441185165795,2,2.5,1.75,1.5,HUBERT_BASE,6
8555-284447-0009_4507-16021-0048__T2__SCV3FIX__VOICE-4507_CONTENT-8555-8555-284447-0009,4507,8555,,-25.53,5,1.0,1.0,1.0,-0.04900643671778051,-0.06848764151117093,-30.82676251099336,1,2.5,2.5,0.0,HUBERT_BASE,6
2300-131720-0024_8555-284447-0010__T2__SCV3FIX__VOICE-8555_CONTENT-2300-2300-131720-0024,8555,2300,,-18.84,8,1.0,1.0,1.0,-0.1506769742432051,-0.2888252253479697,-42.329334683250494,1,4.0,4.0,0.0,HUBERT_BASE,6
3575-170457-0025_4992-23283-0005__T1__SCV3FIX__VOICE-3575_CONTENT-4992-4992-23283-0005,3575,4992,,-1.26,17,0.5882352941176471,0.5294117647058824,0.4117647058823529,-0.005642824016670509,-0.08853106458376492,-1.500128781520058,2,3.0,2.25,0.0,HUBERT_BASE,6
5105-28240-0017_6930-81414-0015__T1__SCV3FIX__VOICE-5105_CONTENT-6930-6930-81414-0015,5105,6930,,8.63,6,0.6666666666666666,0.0,0.0,-0.006581685081776663,-0.07427496012165657,17.214208768241544,1,2.0,2.0,0.0,HUBERT_BASE,6
1284-1180-0031_8230-279154-0021__T2__SCV3FIX__VOICE-8230_CONTENT-1284-1284-1180-0031,8230,1284,,16.05,8,0.0,0.0,0.0,0.04993650955684839,0.013615307381454556,33.167717682249844,0,0.0,0.0,-1.0,HUBERT_BASE,6
1188-133604-0019_8224-274384-0008__T1__SCV3FIX__VOICE-1188_CONTENT-8224-8224-274384-0008,1188,8224,,11.56,23,0.0,0.0,0.0,0.1848933897000551,0.06636202202633623,41.787060000852705,0,0.0,0.0,-1.0,HUBERT_BASE,6
6930-75918-0007_61-70970-0026__T1__SCV3FIX__VOICE-6930_CONTENT-61-61-70970-0026,6930,61,,13.93,5,0.0,0.0,0.0,0.09120793023381765,0.05884814988194875,29.731568670465045,0,0.0,0.0,-1.0,HUBERT_BASE,6
1580-141084-0001_61-70970-0015__T2__SCV3FIX__VOICE-61_CONTENT-1580-1580-141084-0001,61,1580,,14.32,5,0.0,0.0,0.0,0.09145679648129978,0.04061597504446157,40.64117133531494,0,0.0,0.0,-1.0,HUBERT_BASE,6
672-122797-0019_4507-16021-0033__T2__SCV3FIX__VOICE-4507_CONTENT-672-672-122797-0019,4507,672,,-14.34,7,1.0,1.0,1.0,-0.10938468766585163,-0.21223374033787823,-27.48754936658835,1,3.5,3.5,0.0,HUBERT_BASE,6
8455-210777-0062_2830-3980-0018__T2__SCV3FIX__VOICE-2830_CONTENT-8455-8455-210777-0062,2830,8455,,6.4,5,0.0,0.0,0.0,0.07791629042130041,0.020067691401624788,27.316039186346664,0,0.0,0.0,-1.0,HUBERT_BASE,6
1580-141083-0049_7176-92135-0036__T1__SCV3FIX__VOICE-1580_CONTENT-7176-7176-92135-0036,1580,7176,,-5.71,6,0.8333333333333334,0.6666666666666666,0.6666666666666666,-0.09278449832093995,-0.1981085813476795,-9.497421719152639,1,2.5,2.5,0.0,HUBERT_BASE,6
7176-88083-0009_5105-28241-0002__T2__SCV3FIX__VOICE-5105_CONTENT-7176-7176-88083-0009,5105,7176,,-22.91,7,1.0,1.0,1.0,-0.07007895661542232,-0.14048685037101094,-38.445679059751356,1,3.5,3.5,0.0,HUBERT_BASE,6
4992-23283-0010_6829-68769-0033__T1__SCV3FIX__VOICE-4992_CONTENT-6829-6829-68769-0033,4992,6829,,-7.28,7,0.8571428571428571,1.0,0.8571428571428571,-0.03166127927115322,-0.10062217511157989,-19.534135647956504,1,3.0,3.0,0.0,HUBERT_BASE,6
2830-3980-0032_4507-16021-0022__T2__SCV3FIX__VOICE-4507_CONTENT-2830-2830-3980-0032,4507,2830,,-21.18,11,1.0,1.0,1.0,-0.12014072300285304,-0.1948124363575373,-43.295990068233685,1,5.5,5.5,0.0,HUBERT_BASE,6
3575-170457-0007_61-70970-0018__T1__SCV3FIX__VOICE-3575_CONTENT-61-61-70970-0018,3575,61,,-13.46,8,1.0,1.0,1.0,-0.11880469327095716,-0.2318310691243649,-24.559557884405926,1,4.0,4.0,0.0,HUBERT_BASE,6
2830-3980-0056_2961-961-0012__T1__SCV3FIX__VOICE-2830_CONTENT-2961-2961-961-0012,2830,2961,,13.45,9,0.1111111111111111,0.0,0.0,0.11249592446098308,-0.000901703758704131,39.78259023824762,0,0.0,0.0,-1.0,HUBERT_BASE,6
672-122797-0019_2830-3980-0001__T2__SCV3FIX__VOICE-2830_CONTENT-672-672-122797-0019,2830,672,,14.14,6,0.0,0.0,0.0,0.12102722567243247,0.06173241014993436,35.44433579157492,0,0.0,0.0,-1.0,HUBERT_BASE,6
61-70970-0021_8230-279154-0035__T2__SCV3FIX__VOICE-8230_CONTENT-61-61-70970-0021,8230,61,,-2.44,9,1.0,0.4444444444444444,0.4444444444444444,-0.0968299304436158,-0.17062037644426709,0.989373633348325,1,4.5,4.5,0.0,HUBERT_BASE,6
1284-1180-0014_1320-122612-0003__T1__SCV3FIX__VOICE-1284_CONTENT-1320-1320-122612-0003,1284,1320,,-24.57,6,1.0,1.0,1.0,-0.15477179806900151,-0.25946675201278047,-43.428054327426054,1,3.0,3.0,0.0,HUBERT_BASE,6
8455-210777-0055_7127-75946-0025__T1__SCV3FIX__VOICE-8455_CONTENT-7127-7127-75946-0025,8455,7127,,4.48,6,0.3333333333333333,0.0,0.0,0.04045663232511657,-0.03646564214186776,13.870691715664046,0,0.0,0.0,-1.0,HUBERT_BASE,6
7021-79740-0006_2830-3980-0019__T1__SCV3FIX__VOICE-7021_CONTENT-2830-2830-3980-0019,7021,2830,,4.14,10,0.5,0.1,0.1,0.0163560192316628,-0.07924425443470728,14.731052405985304,2,1.5,1.25,0.0,HUBERT_BASE,6
672-122797-0048_61-70968-0020__T1__SCV3FIX__VOICE-672_CONTENT-61-61-70968-0020,672,61,,-11.43,8,0.875,1.0,0.875,-0.1564095305423915,-0.3256582950708655,-23.102872400819177,2,2.0,1.75,0.0,HUBERT_BASE,6
2094-142345-0050_5142-33396-0049__T2__SCV3FIX__VOICE-5142_CONTENT-2094-2094-142345-0050,5142,2094,,14.44,5,0.0,0.0,0.0,0.07854694546171101,0.027307098648925887,33.2502831039442,0,0.0,0.0,-1.0,HUBERT_BASE,6
6829-68771-0004_121-127105-0029__T1__SCV3FIX__VOICE-6829_CONTENT-121-121-127105-0029,6829,121,,5.22,13,0.07692307692307693,0.0,0.0,0.07998084135421417,-0.03206508964948651,19.696773527505393,0,0.0,0.0,-1.0,HUBERT_BASE,6
5105-28240-0003_61-70970-0023__T2__SCV3FIX__VOICE-61_CONTENT-5105-5105-28240-0003,61,5105,,10.27,6,0.0,0.0,0.0,0.054315477261644686,0.02234375432149649,26.129005618384785,0,0.0,0.0,-1.0,HUBERT_BASE,6
61-70968-0053_3570-5696-0000__T1__SCV3FIX__VOICE-61_CONTENT-3570-3570-5696-0000,61,3570,,9.0,7,0.0,0.0,0.0,0.08401623973869629,0.056233106919008624,28.36968663516731,0,0.0,0.0,-1.0,HUBERT_BASE,6
1089-134686-0023_6829-68771-0020__T1__SCV3FIX__VOICE-1089_CONTENT-6829-6829-68771-0020,1089,6829,,12.52,8,0.0,0.0,0.0,0.10007156614937343,0.052718823417910565,39.43704011732372,0,0.0,0.0,-1.0,HUBERT_BASE,6
2961-960-0017_6829-68769-0004__T1__SCV3FIX__VOICE-2961_CONTENT-6829-6829-68769-0004,2961,6829,,13.39,13,0.0,0.0,0.0,0.08543925029695251,0.03824090893766152,34.91029999881619,0,0.0,0.0,-1.0,HUBERT_BASE,6
5142-33396-0022_3570-5696-0009__T2__SCV3FIX__VOICE-3570_CONTENT-5142-5142-33396-0022,3570,5142,,14.24,8,0.125,0.0,0.0,0.0786923752974891,-0.000759427446393679,38.95090546464966,0,0.0,0.0,-1.0,HUBERT_BASE,6
5683-32865-0006_5142-33396-0043__T1__SCV3FIX__VOICE-5683_CONTENT-5142-5142-33396-0043,5683,5142,,4.56,5,0.2,0.0,0.0,0.04779414096473709,-0.04567181972712764,13.479084497036999,0,0.0,0.0,-1.0,HUBERT_BASE,6
7729-102255-0035_1320-122617-0041__T2__SCV3FIX__VOICE-1320_CONTENT-7729-7729-102255-0035,1320,7729,,-28.61,7,1.0,1.0,1.0,-0.08923324748628911,-0.1717950189481755,-29.549370959296425,1,3.5,3.5,0.0,HUBERT_BASE,6
2961-961-0001_61-70968-0016__T2__SCV3FIX__VOICE-61_CONTENT-2961-2961-961-0001,61,2961,,11.14,6,0.0,0.0,0.0,0.09806362563406755,0.05730395711446212,32.86023082892847,0,0.0,0.0,-1.0,HUBERT_BASE,6
61-70968-0047_5683-32879-0012__T1__SCV3FIX__VOICE-61_CONTENT-5683-5683-32879-0012,61,5683,,13.97,7,0.0,0.0,0.0,0.11856671507232473,0.07567513584991015,36.959254136897535,0,0.0,0.0,-1.0,HUBERT_BASE,6
1188-133604-0032_8224-274384-0000__T1__SCV3FIX__VOICE-1188_CONTENT-8224-8224-274384-0000,1188,8224,,13.38,13,0.0,0.0,0.0,0.11064967394760586,0.0403981854367208,38.378323113189616,0,0.0,0.0,-1.0,HUBERT_BASE,6
8224-274384-0008_61-70970-0035__T2__SCV3FIX__VOICE-61_CONTENT-8224-8224-274384-0008,61,8224,,6.95,13,0.0,0.0,0.0,0.11565888045654428,0.03181540902403124,24.139807191297265,0,0.0,0.0,-1.0,HUBERT_BASE,6
1221-135766-0014_61-70968-0049__T2__SCV3FIX__VOICE-61_CONTENT-1221-1221-135766-0014,61,1221,,7.93,8,0.0,0.0,0.0,0.1681607811880677,0.09004211945517426,34.3904411221646,0,0.0,0.0,-1.0,HUBERT_BASE,6
1089-134691-0017_5142-36586-0004__T2__SCV3FIX__VOICE-5142_CONTENT-1089-1089-134691-0017,5142,1089,,-9.11,6,1.0,1.0,1.0,-0.09518336629199037,-0.2089695409113973,-25.845100636917937,1,3.0,3.0,0.0,HUBERT_BASE,6
4992-41797-0022_3729-6852-0000__T2__SCV3FIX__VOICE-3729_CONTENT-4992-4992-41797-0022,3729,4992,,-11.59,11,0.9090909090909091,1.0,0.9090909090909091,-0.05634207063020698,-0.11382151100810467,-25.884718627152992,2,3.5,2.5,0.0,HUBERT_BASE,6
121-121726-0005_8455-210777-0005__T1__SCV3FIX__VOICE-121_CONTENT-8455-8455-210777-0005,121,8455,,-0.52,5,0.8,0.4,0.4,-0.10619942331395897,-0.27070891315729395,3.480440394295607,1,1.5,1.5,0.0,HUBERT_BASE,6
6829-68769-0012_8463-294828-0001__T2__SCV3FIX__VOICE-8463_CONTENT-6829-6829-68769-0012,8463,6829,,16.8,7,0.0,0.0,0.0,0.06186584817218436,0.013402760559650728,34.49519836671399,0,0.0,0.0,-1.0,HUBERT_BASE,6
1284-1180-0023_5142-36377-0013__T1__SCV3FIX__VOICE-1284_CONTENT-5142-5142-36377-0013,1284,5142,,-26.22,10,1.0,1.0,1.0,-0.06713445288486147,-0.12700582137113214,-38.05417047505372,1,5.0,5.0,0.0,HUBERT_BASE,6
908-31957-0005_2830-3979-0012__T1__SCV3FIX__VOICE-908_CONTENT-2830-2830-3979-0012,908,2830,,14.16,6,0.0,0.0,0.0,0.19263938164512825,0.08811432082417603,43.149577383303686,0,0.0,0.0,-1.0,HUBERT_BASE,6
7021-79740-0011_3575-170457-0014__T2__SCV3FIX__VOICE-3575_CONTENT-7021-7021-79740-0011,3575,7021,,-19.12,12,0.9166666666666666,1.0,0.9166666666666666,-0.0784045180159499,-0.1321956438033225,-33.090224295154734,1,5.5,5.5,0.5,HUBERT_BASE,6
4992-41797-0014_3575-170457-0014__T1__SCV3FIX__VOICE-4992_CONTENT-3575-3575-170457-0014,4992,3575,,10.62,12,0.0,0.0,0.0,0.06911834844433301,0.03273761206955195,28.662638716379416,0,0.0,0.0,-1.0,HUBERT_BASE,6
5142-33396-0024_5105-28240-0007__T1__SCV3FIX__VOICE-5142_CONTENT-5105-5105-28240-0007,5142,5105,,-24.46,8,1.0,1.0,1.0,-0.06759666836443409,-0.1458910783678422,-28.761436915517468,1,4.0,4.0,0.0,HUBERT_BASE,6
3575-170457-0009_8555-284447-0023__T2__SCV3FIX__VOICE-8555_CONTENT-3575-3575-170457-0009,8555,3575,,0.65,12,0.5,0.3333333333333333,0.25,0.01808025954393065,-0.04482877164828536,6.295589603674593,2,2.0,1.5,0.5,HUBERT_BASE,6
4970-29093-0009_672-122797-0007__T1__SCV3FIX__VOICE-4970_CONTENT-672-672-122797-0007,4970,672,,-32.08,11,1.0,1.0,1.0,-0.14744360729750783,-0.3185875143774082,-41.952934107365905,1,5.5,5.5,0.0,HUBERT_BASE,6
6930-76324-0009_1089-134686-0034__T2__SCV3FIX__VOICE-1089_CONTENT-6930-6930-76324-0009,1089,6930,,12.13,5,0.0,0.0,0.0,0.07381236455026359,0.05151158775253095,35.72913303557783,0,0.0,0.0,-1.0,HUBERT_BASE,6
237-126133-0014_3729-6852-0037__T1__SCV3FIX__VOICE-237_CONTENT-3729-3729-6852-0037,237,3729,,-3.37,10,0.8,0.5,0.5,-0.03460139755442102,-0.08994906579203554,-3.148260375295401,2,2.0,2.0,0.0,HUBERT_BASE,6
3575-170457-0030_672-122797-0036__T1__SCV3FIX__VOICE-3575_CONTENT-672-672-122797-0036,3575,672,,-20.62,9,0.7777777777777778,0.8888888888888888,0.7777777777777778,-0.04511066307260303,-0.12706172212154632,-29.192416070657153,1,3.5,3.5,1.0,HUBERT_BASE,6
672-122797-0030_6930-76324-0009__T1__SCV3FIX__VOICE-672_CONTENT-6930-6930-76324-0009,672,6930,,-20.12,5,0.8,1.0,0.8,-0.03202804367152427,-0.06925845007662301,-10.740276998361034,2,1.0,1.0,0.0,HUBERT_BASE,6
1580-141084-0002_4992-41797-0004__T2__SCV3FIX__VOICE-4992_CONTENT-1580-1580-141084-0002,4992,1580,,6.27,10,0.0,0.0,0.0,0.06797637919505412,0.015376328213185353,22.732295117325958,0,0.0,0.0,-1.0,HUBERT_BASE,6
5683-32879-0006_6829-68771-0035__T2__SCV3FIX__VOICE-6829_CONTENT-5683-5683-32879-0006,6829,5683,,1.72,7,0.14285714285714285,0.0,0.0,0.07888262532858178,-0.01616221730345946,15.179973800651355,0,0.0,0.0,-1.0,HUBERT_BASE,6
5683-32879-0013_4992-41797-0011__T1__SCV3FIX__VOICE-5683_CONTENT-4992-4992-41797-0011,5683,4992,,-14.69,9,0.8888888888888888,1.0,0.8888888888888888,-0.06522915975654946,-0.1256191109328998,-25.92956401963083,2,2.0,2.0,0.0,HUBERT_BASE,6
7127-75946-0029_4992-23283-0009__T1__SCV3FIX__VOICE-7127_CONTENT-4992-4992-23283-0009,7127,4992,,15.98,15,0.0,0.0,0.0,0.08355499438163551,0.022036906571859194,30.161332869249584,0,0.0,0.0,-1.0,HUBERT_BASE,6
5105-28240-0004_2961-960-0021__T2__SCV3FIX__VOICE-2961_CONTENT-5105-5105-28240-0004,2961,5105,,-27.58,11,1.0,1.0,1.0,-0.14723267085696562,-0.3032132313194147,-46.25510930552655,1,5.5,5.5,0.0,HUBERT_BASE,6
6930-75918-0016_7021-85628-0013__T1__SCV3FIX__VOICE-6930_CONTENT-7021-7021-85628-0013,6930,7021,,9.26,19,0.0,0.0,0.0,0.12151781415860684,0.02399605919258896,33.08429596341055,0,0.0,0.0,-1.0,HUBERT_BASE,6
1089-134686-0016_672-122797-0004__T2__SCV3FIX__VOICE-672_CONTENT-1089-1089-134686-0016,672,1089,,-9.47,5,0.8,1.0,0.8,-0.06938793361741105,-0.23218002615207756,-17.54302221942381,1,2.0,2.0,0.0,HUBERT_BASE,6
61-70970-0039_5105-28240-0000__T2__SCV3FIX__VOICE-5105_CONTENT-61-61-70970-0039,5105,61,,7.37,9,0.0,0.0,0.0,0.060258302010247636,0.011008077233601088,18.301600758483016,0,0.0,0.0,-1.0,HUBERT_BASE,6
1284-1180-0028_5683-32879-0001__T2__SCV3FIX__VOICE-5683_CONTENT-1284-1284-1180-0028,5683,1284,,12.0,6,0.16666666666666666,0.0,0.0,0.02861356132460517,-0.011295616400827102,26.720035199278225,0,0.0,0.0,-1.0,HUBERT_BASE,6
7729-102255-0017_4970-29093-0009__T1__SCV3FIX__VOICE-7729_CONTENT-4970-4970-29093-0009,7729,4970,,10.35,17,0.0,0.0,0.0,0.115853007864373,0.06135243420398073,44.24337831884735,0,0.0,0.0,-1.0,HUBERT_BASE,6
908-31957-0022_1221-135766-0007__T2__SCV3FIX__VOICE-1221_CONTENT-908-908-31957-0022,1221,908,,13.14,16,0.0,0.0,0.0,0.10640886496766502,0.0001379251534726622,29.82823202673918,0,0.0,0.0,-1.0,HUBERT_BASE,6
2830-3979-0002_260-123288-0017__T1__SCV3FIX__VOICE-2830_CONTENT-260-260-123288-0017,2830,260,,11.16,7,0.14285714285714285,0.0,0.0,0.01501869424492159,-0.032225362717071104,20.517008872826572,0,0.0,0.0,-1.0,HUBERT_BASE,6
2300-131720-0008_5683-32866-0021__T1__SCV3FIX__VOICE-2300_CONTENT-5683-5683-32866-0021,2300,5683,,8.8,14,0.0,0.0,0.0,0.11607018863144687,0.04983024964062832,43.213659593669995,0,0.0,0.0,-1.0,HUBERT_BASE,6
61-70968-0029_8463-294825-0012__T2__SCV3FIX__VOICE-8463_CONTENT-61-61-70968-0029,8463,61,,-21.01,5,1.0,1.0,1.0,-0.08155780772376682,-0.10731802463629081,-33.137212911983696,1,2.5,2.5,0.0,HUBERT_BASE,6
6930-76324-0026_5683-32865-0003__T2__SCV3FIX__VOICE-5683_CONTENT-6930-6930-76324-0026,5683,6930,,-1.73,5,0.2,0.0,0.0,0.018516429134005086,-0.03355432472150133,25.282337762987556,0,0.0,0.0,-1.0,HUBERT_BASE,6
61-70970-0003_1995-1836-0003__T2__SCV3FIX__VOICE-1995_CONTENT-61-61-70970-0003,1995,61,,-29.68,6,1.0,1.0,1.0,-0.09106574884273338,-0.13648009027271757,-31.39375574040083,1,3.0,3.0,0.0,HUBERT_BASE,6
5683-32865-0007_7176-88083-0011__T2__SCV3FIX__VOICE-7176_CONTENT-5683-5683-32865-0007,7176,5683,,11.65,11,0.0,0.0,0.0,0.11604240196162069,0.05341273168020344,36.327831366294,0,0.0,0.0,-1.0,HUBERT_BASE,6
8555-284447-0001_7176-88083-0024__T1__SCV3FIX__VOICE-8555_CONTENT-7176-7176-88083-0024,8555,7176,,-27.07,15,1.0,1.0,1.0,-0.10498911986193656,-0.18615162952620934,-37.545056494147936,1,7.5,7.5,0.0,HUBERT_BASE,6
1580-141083-0041_8463-294828-0011__T2__SCV3FIX__VOICE-8463_CONTENT-1580-1580-141083-0041,8463,1580,,-6.97,6,0.6666666666666666,0.8333333333333334,0.5,-0.011034977604389984,-0.05394036145235537,-5.760368179433985,1,1.5,1.5,0.0,HUBERT_BASE,6
1089-134686-0022_1580-141083-0044__T1__SCV3FIX__VOICE-1089_CONTENT-1580-1580-141083-0044,1089,1580,,15.5,10,0.0,0.0,0.0,0.08601620183635207,0.02114629284618863,42.43009287171735,0,0.0,0.0,-1.0,HUBERT_BASE,6
2300-131720-0015_5105-28241-0000__T1__SCV3FIX__VOICE-2300_CONTENT-5105-5105-28241-0000,2300,5105,,9.51,11,0.0,0.0,0.0,0.09129895523102487,0.04685176559273574,36.35426448531442,0,0.0,0.0,-1.0,HUBERT_BASE,6
1580-141084-0011_1284-1181-0003__T2__SCV3FIX__VOICE-1284_CONTENT-1580-1580-141084-0011,1284,1580,,8.31,8,0.375,0.125,0.0,0.01735690171883747,-0.051520522767574906,20.19899756716778,1,1.0,1.0,3.0,HUBERT_BASE,6
6829-68769-0021_6930-81414-0024__T1__SCV3FIX__VOICE-6829_CONTENT-6930-6930-81414-0024,6829,6930,,-19.08,9,0.7777777777777778,1.0,0.7777777777777778,-0.03269731629211994,-0.08041202309777962,-26.956513343457587,1,2.5,2.5,2.0,HUBERT_BASE,6
260-123440-0014_7176-88083-0012__T1__SCV3FIX__VOICE-260_CONTENT-7176-7176-88083-0012,260,7176,,-19.7,6,1.0,1.0,1.0,-0.04500991065880031,-0.08078342996102628,-22.260639579655248,1,3.0,3.0,0.0,HUBERT_BASE,6
3729-6852-0038_8463-294828-0003__T2__SCV3FIX__VOICE-8463_CONTENT-3729-3729-6852-0038,8463,3729,,7.26,10,0.0,0.0,0.0,0.11219439819489763,0.029369294056016182,27.085669039963307,0,0.0,0.0,-1.0,HUBERT_BASE,6
1284-1181-0003_237-126133-0016__T1__SCV3FIX__VOICE-1284_CONTENT-237-237-126133-0016,1284,237,,3.49,7,0.42857142857142855,0.5714285714285714,0.2857142857142857,0.030034966983046942,-0.019361263837069598,-1.7289014363671111,1,1.0,1.0,1.5,HUBERT_BASE,6
4507-16021-0013_61-70970-0007__T1__SCV3FIX__VOICE-4507_CONTENT-61-61-70970-0007,4507,61,,11.19,7,0.0,0.0,0.0,0.09333624215537928,0.03014648372738793,25.87902919946711,0,0.0,0.0,-1.0,HUBERT_BASE,6
3729-6852-0014_3570-5694-0022__T2__SCV3FIX__VOICE-3570_CONTENT-3729-3729-6852-0014,3570,3729,,9.15,7,0.2857142857142857,0.0,0.0,0.06689259800636953,-0.03557169366265056,14.585850842217999,1,1.0,1.0,2.5,HUBERT_BASE,6
2830-3980-0036_6930-76324-0002__T2__SCV3FIX__VOICE-6930_CONTENT-2830-2830-3980-0036,6930,2830,,-15.93,10,1.0,1.0,1.0,-0.08615720440758631,-0.14633883497562994,-38.21852018945356,1,5.0,5.0,0.0,HUBERT_BASE,6
4970-29095-0034_5142-33396-0020__T2__SCV3FIX__VOICE-5142_CONTENT-4970-4970-29095-0034,5142,4970,,7.5,5,0.8,0.2,0.2,-0.02518387060039835,-0.07196963445095617,5.1341674767776215,1,2.0,2.0,0.0,HUBERT_BASE,6
4507-16021-0042_1995-1837-0000__T2__SCV3FIX__VOICE-1995_CONTENT-4507-4507-16021-0042,1995,4507,,2.64,6,0.0,0.0,0.0,0.10246661481310716,0.017006992953622402,24.13718684222702,0,0.0,0.0,-1.0,HUBERT_BASE,6
1221-135766-0014_61-70968-0049__T1__SCV3FIX__VOICE-1221_CONTENT-61-61-70968-0049,1221,61,,12.79,8,0.0,0.0,0.0,0.13363665535208838,0.03381121090977435,20.435853812115212,0,0.0,0.0,-1.0,HUBERT_BASE,6
7176-88083-0000_4077-13754-0000__T1__SCV3FIX__VOICE-7176_CONTENT-4077-4077-13754-0000,7176,4077,,9.88,8,0.0,0.0,0.0,0.10149685270868392,0.07230513322951027,38.65521718484631,0,0.0,0.0,-1.0,HUBERT_BASE,6
5142-33396-0044_6829-68771-0004__T2__SCV3FIX__VOICE-6829_CONTENT-5142-5142-33396-0044,6829,5142,,11.39,8,0.0,0.0,0.0,0.08195678949468423,0.02947968012177382,39.017340304253764,0,0.0,0.0,-1.0,HUBERT_BASE,6
5142-33396-0033_8455-210777-0060__T1__SCV3FIX__VOICE-5142_CONTENT-8455-8455-210777-0060,5142,8455,,-22.4,9,1.0,1.0,1.0,-0.10990930746874589,-0.17495377771878218,-36.17107177680587,1,4.5,4.5,0.0,HUBERT_BASE,6
7021-85628-0012_7127-75947-0001__T2__SCV3FIX__VOICE-7127_CONTENT-7021-7021-85628-0012,7127,7021,,-11.77,9,0.6666666666666666,1.0,0.6666666666666666,-0.005653162833694337,-0.07689726657240537,-6.832348258928056,1,2.0,2.0,0.0,HUBERT_BASE,6
4077-13751-0017_5105-28241-0009__T1__SCV3FIX__VOICE-4077_CONTENT-5105-5105-28241-0009,4077,5105,,-20.1,9,0.8888888888888888,1.0,0.8888888888888888,-0.09066581357272456,-0.20458703523487332,-24.24616623481765,1,4.0,4.0,0.0,HUBERT_BASE,6
61-70970-0031_1320-122617-0000__T2__SCV3FIX__VOICE-1320_CONTENT-61-61-70970-0031,1320,61,,-8.16,9,0.8888888888888888,0.8888888888888888,0.8888888888888888,-0.06964132366742902,-0.15894084850956802,-20.486446940647042,1,4.0,4.0,0.5,HUBERT_BASE,6
2300-131720-0006_8455-210777-0043__T2__SCV3FIX__VOICE-8455_CONTENT-2300-2300-131720-0006,8455,2300,,-6.0,5,0.8,0.8,0.6,-0.018647936821663193,-0.06780989403867133,-11.858321874684645,1,1.5,1.5,1.0,HUBERT_BASE,6
7127-75947-0013_5639-40744-0017__T1__SCV3FIX__VOICE-7127_CONTENT-5639-5639-40744-0017,7127,5639,,1.49,9,0.2222222222222222,0.0,0.0,0.08107318217324028,-0.14210223867406857,21.436877236790522,1,1.0,1.0,2.0,HUBERT_BASE,6
1580-141084-0047_7176-88083-0008__T1__SCV3FIX__VOICE-1580_CONTENT-7176-7176-88083-0008,1580,7176,,14.56,5,0.0,0.0,0.0,0.10627601254081728,0.06864005599071243,32.00538172331271,0,0.0,0.0,-1.0,HUBERT_BASE,6
1221-135766-0002_121-127105-0005__T1__SCV3FIX__VOICE-1221_CONTENT-121-121-127105-0005,1221,121,,1.67,8,0.5,0.5,0.25,0.042942089225487146,-0.018511592971595436,3.307372433020511,1,1.5,1.5,1.0,HUBERT_BASE,6
1580-141084-0032_8455-210777-0014__T1__SCV3FIX__VOICE-1580_CONTENT-8455-8455-210777-0014,1580,8455,,-23.18,7,1.0,1.0,1.0,-0.08149595895696003,-0.12332249442504473,-30.38635338737102,1,3.5,3.5,0.0,HUBERT_BASE,6
672-122797-0005_260-123440-0018__T2__SCV3FIX__VOICE-260_CONTENT-672-672-122797-0005,260,672,,-20.26,5,1.0,1.0,1.0,-0.08577800075098604,-0.09682125138472109,-30.585754811623683,1,2.5,2.5,0.0,HUBERT_BASE,6
5639-40744-0033_4446-2273-0035__T2__SCV3FIX__VOICE-4446_CONTENT-5639-5639-40744-0033,4446,5639,,-27.24,11,0.9090909090909091,1.0,0.9090909090909091,-0.1048487713947344,-0.3626831324650688,-28.10107002056386,2,4.0,2.5,0.0,HUBERT_BASE,6
7729-102255-0015_2830-3980-0074__T1__SCV3FIX__VOICE-7729_CONTENT-2830-2830-3980-0074,7729,2830,,9.2,10,0.1,0.0,0.0,0.05590918488920492,-0.06521141398660424,25.86832405531693,0,0.0,0.0,-1.0,HUBERT_BASE,6
1188-133604-0014_4992-23283-0016__T2__SCV3FIX__VOICE-4992_CONTENT-1188-1188-133604-0014,4992,1188,,-13.4,7,1.0,1.0,1.0,-0.08629827488474442,-0.13147400930868458,-28.80859141182513,1,3.5,3.5,0.0,HUBERT_BASE,6
8555-284447-0024_1320-122617-0026__T2__SCV3FIX__VOICE-1320_CONTENT-8555-8555-284447-0024,1320,8555,,15.66,8,0.0,0.0,0.0,0.16633111928125738,0.08397723543166402,45.735085784927975,0,0.0,0.0,-1.0,HUBERT_BASE,6
6829-68769-0031_1221-135766-0009__T1__SCV3FIX__VOICE-6829_CONTENT-1221-1221-135766-0009,6829,1221,,16.05,10,0.0,0.0,0.0,0.04909496217290864,0.0038851503411925226,29.18640585618736,0,0.0,0.0,-1.0,HUBERT_BASE,6
4446-2275-0002_8455-210777-0045__T2__SCV3FIX__VOICE-8455_CONTENT-4446-4446-2275-0002,8455,4446,,12.29,14,0.0,0.0,0.0,0.09604158040623702,0.058489922202651146,43.61012190829572,0,0.0,0.0,-1.0,HUBERT_BASE,6
6829-68769-0022_672-122797-0064__T1__SCV3FIX__VOICE-6829_CONTENT-672-672-122797-0064,6829,672,,-22.59,7,1.0,1.0,1.0,-0.12831127158265135,-0.23422021441011998,-34.29034603017061,1,3.5,3.5,0.0,HUBERT_BASE,6
2961-961-0005_4507-16021-0005__T1__SCV3FIX__VOICE-2961_CONTENT-4507-4507-16021-0005,2961,4507,,6.73,6,0.0,0.0,0.0,0.06887055304423499,0.0208928031117398,36.63183250835713,0,0.0,0.0,-1.0,HUBERT_BASE,6
7127-75947-0015_3729-6852-0029__T2__SCV3FIX__VOICE-3729_CONTENT-7127-7127-75947-0015,3729,7127,,-22.02,11,1.0,1.0,1.0,-0.07056772019970532,-0.17853058232658214,-38.00579963476219,1,5.5,5.5,0.0,HUBERT_BASE,6
1580-141084-0040_5639-40744-0022__T2__SCV3FIX__VOICE-5639_CONTENT-1580-1580-141084-0040,5639,1580,,15.2,10,0.0,0.0,0.0,0.07577804509591438,0.021726126945120217,42.97473393602952,0,0.0,0.0,-1.0,HUBERT_BASE,6
5683-32866-0022_4970-29093-0014__T2__SCV3FIX__VOICE-4970_CONTENT-5683-5683-32866-0022,4970,5683,,-21.01,5,1.0,1.0,1.0,-0.08088082160448748,-0.1325704418356377,-28.112875407671602,1,2.5,2.5,0.0,HUBERT_BASE,6
6930-76324-0009_1089-134686-0034__T1__SCV3FIX__VOICE-6930_CONTENT-1089-1089-134686-0034,6930,1089,,-22.83,5,1.0,1.0,1.0,-0.0687229026239031,-0.11519062288692239,-32.008864938062985,1,2.5,2.5,0.0,HUBERT_BASE,6
3729-6852-0044_3570-5694-0012__T1__SCV3FIX__VOICE-3729_CONTENT-3570-3570-5694-0012,3729,3570,,-19.15,5,1.0,1.0,1.0,-0.030813572779421518,-0.0485363592930973,-29.918813772335362,1,2.5,2.5,0.0,HUBERT_BASE,6
61-70970-0009_2961-960-0022__T2__SCV3FIX__VOICE-2961_CONTENT-61-61-70970-0009,2961,61,,-15.98,5,1.0,1.0,1.0,-0.0904086343244602,-0.14778874631729644,-28.327285044295508,1,2.5,2.5,0.0,HUBERT_BASE,6
6829-68769-0039_61-70968-0055__T2__SCV3FIX__VOICE-61_CONTENT-6829-6829-68769-0039,61,6829,,11.21,6,0.0,0.0,0.0,0.04784675572018251,0.0173109766358972,24.13196276433177,0,0.0,0.0,-1.0,HUBERT_BASE,6
2830-3979-0002_1188-133604-0013__T1__SCV3FIX__VOICE-2830_CONTENT-1188-1188-133604-0013,2830,1188,,-27.78,5,1.0,1.0,1.0,-0.1986646384130206,-0.4887726805207196,-40.75360054380769,1,2.5,2.5,0.0,HUBERT_BASE,6
6930-75918-0000_8463-294825-0008__T2__SCV3FIX__VOICE-8463_CONTENT-6930-6930-75918-0000,8463,6930,,-17.6,6,1.0,1.0,1.0,-0.09592722427391022,-0.21186144187107747,-32.17980026133727,1,3.0,3.0,0.0,HUBERT_BASE,6
7176-92135-0045_4970-29095-0033__T2__SCV3FIX__VOICE-4970_CONTENT-7176-7176-92135-0045,4970,7176,,7.65,9,0.5555555555555556,0.1111111111111111,0.1111111111111111,-0.001767794281974612,-0.08999649865531378,13.306145289753443,1,2.0,2.0,2.0,HUBERT_BASE,6
1221-135767-0024_8555-284449-0015__T2__SCV3FIX__VOICE-8555_CONTENT-1221-1221-135767-0024,8555,1221,,2.11,9,0.3333333333333333,0.3333333333333333,0.2222222222222222,0.01842416007093238,-0.06316387096397136,7.101999649746137,1,1.0,1.0,3.0,HUBERT_BASE,6
4446-2273-0024_260-123440-0007__T1__SCV3FIX__VOICE-4446_CONTENT-260-260-123440-0007,4446,260,,-21.83,5,1.0,1.0,1.0,-0.0367802274691754,-0.06369000925536084,-29.41875798060754,1,2.5,2.5,0.0,HUBERT_BASE,6
5639-40744-0034_4507-16021-0058__T1__SCV3FIX__VOICE-5639_CONTENT-4507-4507-16021-0058,5639,4507,,13.16,5,0.0,0.0,0.0,0.09422627196899602,0.05311453552795986,45.92183000853382,0,0.0,0.0,-1.0,HUBERT_BASE,6
61-70968-0034_5105-28241-0006__T1__SCV3FIX__VOICE-61_CONTENT-5105-5105-28241-0006,61,5105,,-22.79,7,1.0,1.0,1.0,-0.07851697663637057,-0.1687183942429722,-28.356640291833003,1,3.5,3.5,0.0,HUBERT_BASE,6
1284-1181-0018_6930-81414-0026__T2__SCV3FIX__VOICE-6930_CONTENT-1284-1284-1181-0018,6930,1284,,-16.85,5,0.8,1.0,0.8,-0.05541205900681254,-0.10847193432300051,-29.40695528014636,1,2.0,2.0,0.0,HUBERT_BASE,6
1284-1180-0026_1580-141084-0009__T2__SCV3FIX__VOICE-1580_CONTENT-1284-1284-1180-0026,1580,1284,,-1.73,8,0.625,0.625,0.375,0.005979847533739757,-0.08903688715767977,0.987789911259005,2,1.5,1.25,0.0,HUBERT_BASE,6
8463-287645-0003_5105-28240-0011__T1__SCV3FIX__VOICE-8463_CONTENT-5105-5105-28240-0011,8463,5105,,-26.17,11,1.0,1.0,1.0,-0.11149151298512433,-0.14945555051556847,-36.80825601423767,1,5.5,5.5,0.0,HUBERT_BASE,6
61-70968-0027_260-123288-0027__T2__SCV3FIX__VOICE-260_CONTENT-61-61-70968-0027,260,61,,-14.85,11,0.9090909090909091,1.0,0.9090909090909091,-0.08219333012721276,-0.1558967201524819,-24.517389835492903,2,3.5,2.5,0.0,HUBERT_BASE,6
8455-210777-0046_3570-5694-0012__T1__SCV3FIX__VOICE-8455_CONTENT-3570-3570-5694-0012,8455,3570,,7.35,5,0.0,0.0,0.0,0.11310549137968895,0.08870172323206915,32.55592368927878,0,0.0,0.0,-1.0,HUBERT_BASE,6
6829-68771-0002_5142-33396-0048__T1__SCV3FIX__VOICE-6829_CONTENT-5142-5142-33396-0048,6829,5142,,12.21,6,0.0,0.0,0.0,0.055643877259208795,0.015972731274067065,33.42205322720223,0,0.0,0.0,-1.0,HUBERT_BASE,6
2094-142345-0039_6930-75918-0001__T2__SCV3FIX__VOICE-6930_CONTENT-2094-2094-142345-0039,6930,2094,,11.31,11,0.0,0.0,0.0,0.09827443129941366,0.049700259168348304,40.507395849069624,0,0.0,0.0,-1.0,HUBERT_BASE,6
237-134500-0024_1089-134686-0011__T2__SCV3FIX__VOICE-1089_CONTENT-237-237-134500-0024,1089,237,,11.91,7,0.0,0.0,0.0,0.12882966109369723,0.08367651801362508,34.69872424510141,0,0.0,0.0,-1.0,HUBERT_BASE,6
6930-81414-0026_8463-294828-0015__T1__SCV3FIX__VOICE-6930_CONTENT-8463-8463-294828-0015,6930,8463,,11.03,5,0.0,0.0,0.0,0.10062667645854065,0.05490076432099111,19.203366102473,0,0.0,0.0,-1.0,HUBERT_BASE,6
61-70968-0046_4970-29093-0008__T2__SCV3FIX__VOICE-4970_CONTENT-61-61-70968-0046,4970,61,,12.91,6,0.16666666666666666,0.0,0.0,0.06732317522441662,-0.009714728888107205,25.354570530481976,0,0.0,0.0,-1.0,HUBERT_BASE,6
3729-6852-0014_7021-85628-0016__T2__SCV3FIX__VOICE-7021_CONTENT-3729-3729-6852-0014,7021,3729,,12.3,7,0.0,0.0,0.0,0.1297092963500473,0.032127324040432836,42.56637822142038,0,0.0,0.0,-1.0,HUBERT_BASE,6
1320-122617-0035_121-121726-0009__T1__SCV3FIX__VOICE-1320_CONTENT-121-121-121726-0009,1320,121,,9.44,13,0.0,0.0,0.0,0.15879265857712374,0.06129706148679148,46.670268762226144,0,0.0,0.0,-1.0,HUBERT_BASE,6
5105-28240-0014_1284-1180-0026__T1__SCV3FIX__VOICE-5105_CONTENT-1284-1284-1180-0026,5105,1284,,10.43,5,0.0,0.0,0.0,0.0666408932355788,0.03989380859279068,30.024477028353054,0,0.0,0.0,-1.0,HUBERT_BASE,6
6930-76324-0026_8455-210777-0062__T1__SCV3FIX__VOICE-6930_CONTENT-8455-8455-210777-0062,6930,8455,,-12.32,5,1.0,1.0,1.0,-0.0818052532171171,-0.1367133828477025,-34.457851073086815,1,2.5,2.5,0.0,HUBERT_BASE,6
61-70970-0034_908-31957-0020__T1__SCV3FIX__VOICE-61_CONTENT-908-908-31957-0020,61,908,,11.27,7,0.0,0.0,0.0,0.11789511601406555,0.032287179777993,22.51040264416158,0,0.0,0.0,-1.0,HUBERT_BASE,6
5683-32879-0011_8230-279154-0033__T2__SCV3FIX__VOICE-8230_CONTENT-5683-5683-32879-0011,8230,5683,,11.58,17,0.0,0.0,0.0,0.13613938506364223,0.06331330108617383,45.21953772551478,0,0.0,0.0,-1.0,HUBERT_BASE,6
61-70968-0016_4992-41797-0022__T2__SCV3FIX__VOICE-4992_CONTENT-61-61-70968-0016,4992,61,,4.44,6,0.16666666666666666,0.0,0.0,0.058372955701811835,-0.0025578738271947454,18.05017227657167,0,0.0,0.0,-1.0,HUBERT_BASE,6
7021-79740-0006_672-122797-0027__T2__SCV3FIX__VOICE-672_CONTENT-7021-7021-79740-0006,672,7021,,-8.77,8,0.75,1.0,0.75,-0.09410173527324722,-0.2563239414273235,-16.790432356926342,1,3.0,3.0,0.5,HUBERT_BASE,6
5639-40744-0029_1995-1837-0015__T1__SCV3FIX__VOICE-5639_CONTENT-1995-1995-1837-0015,5639,1995,,8.12,7,0.0,0.0,0.0,0.10045965319118941,0.06973320547153283,40.5760309759893,0,0.0,0.0,-1.0,HUBERT_BASE,6
121-127105-0029_5142-33396-0065__T2__SCV3FIX__VOICE-5142_CONTENT-121-121-127105-0029,5142,121,,10.8,9,0.0,0.0,0.0,0.07872339906371495,0.03476899792751442,29.91574703948746,0,0.0,0.0,-1.0,HUBERT_BASE,6
3570-5696-0007_5639-40744-0024__T2__SCV3FIX__VOICE-5639_CONTENT-3570-3570-5696-0007,5639,3570,,13.56,16,0.0625,0.0,0.0,0.06885385070035929,-0.009280032488367729,34.05227147995741,0,0.0,0.0,-1.0,HUBERT_BASE,6
7021-85628-0003_4992-23283-0011__T1__SCV3FIX__VOICE-7021_CONTENT-4992-4992-23283-0011,7021,4992,,11.52,7,0.0,0.0,0.0,0.10857158179865782,0.04126351989235044,43.104309624900885,0,0.0,0.0,-1.0,HUBERT_BASE,6
2961-961-0010_4992-41797-0015__T1__SCV3FIX__VOICE-2961_CONTENT-4992-4992-41797-0015,2961,4992,,-5.53,14,0.7857142857142857,0.5,0.42857142857142855,-0.037377310276019926,-0.1231373572186284,-3.3652139865644406,2,3.0,2.5,0.0,HUBERT_BASE,6
7021-79730-0006_4446-2271-0005__T2__SCV3FIX__VOICE-4446_CONTENT-7021-7021-79730-0006,4446,7021,,10.76,5,0.0,0.0,0.0,0.10801190545177937,0.07626987260269069,39.11617584984324,0,0.0,0.0,-1.0,HUBERT_BASE,6
3575-170457-0022_2094-142345-0045__T1__SCV3FIX__VOICE-3575_CONTENT-2094-2094-142345-0045,3575,2094,,-8.32,5,1.0,1.0,1.0,-0.026595867302451403,-0.05739521865495212,-23.622932519394812,1,2.5,2.5,0.0,HUBERT_BASE,6
2830-3980-0012_5105-28233-0010__T2__SCV3FIX__VOICE-5105_CONTENT-2830-2830-3980-0012,5105,2830,,14.47,5,0.0,0.0,0.0,0.042796025311924966,0.01330196084586277,26.714003077173423,0,0.0,0.0,-1.0,HUBERT_BASE,6
4446-2273-0025_1284-1181-0010__T1__SCV3FIX__VOICE-4446_CONTENT-1284-1284-1181-0010,4446,1284,,-12.69,8,0.875,1.0,0.875,-0.03751366617543002,-0.08519637414293524,-23.453546334448223,1,3.0,3.0,0.0,HUBERT_BASE,6
8463-294825-0010_4446-2273-0036__T2__SCV3FIX__VOICE-4446_CONTENT-8463-8463-294825-0010,4446,8463,,10.74,5,0.2,0.0,0.0,0.03296108883153248,-0.024414662555037214,25.16248012677729,0,0.0,0.0,-1.0,HUBERT_BASE,6
2830-3980-0012_5105-28233-0010__T1__SCV3FIX__VOICE-2830_CONTENT-5105-5105-28233-0010,2830,5105,,10.07,5,0.0,0.0,0.0,0.08004201890673127,0.06091386321035408,40.10902588534218,0,0.0,0.0,-1.0,HUBERT_BASE,6
908-157963-0023_61-70968-0049__T2__SCV3FIX__VOICE-61_CONTENT-908-908-157963-0023,61,908,,1.16,15,0.2,0.3333333333333333,0.13333333333333333,0.04614378287873199,-0.07403047068422441,3.928115053571429,0,0.0,0.0,-1.0,HUBERT_BASE,6
1284-1180-0029_5683-32879-0010__T2__SCV3FIX__VOICE-5683_CONTENT-1284-1284-1180-0029,5683,1284,,0.25,9,0.2222222222222222,0.2222222222222222,0.2222222222222222,0.06786512681321163,-0.03474766642028504,16.65438494978215,1,1.0,1.0,1.0,HUBERT_BASE,6
1284-1181-0004_2830-3980-0049__T1__SCV3FIX__VOICE-1284_CONTENT-2830-2830-3980-0049,1284,2830,,-21.38,5,1.0,1.0,1.0,-0.14060313440946648,-0.20779976371633024,-29.477909058207217,1,2.5,2.5,0.0,HUBERT_BASE,6
1580-141083-0020_237-126133-0009__T1__SCV3FIX__VOICE-1580_CONTENT-237-237-126133-0009,1580,237,,-26.69,6,0.8333333333333334,1.0,0.8333333333333334,-0.03630547596346321,-0.09746336377022236,-33.85284635029782,2,1.5,1.25,0.0,HUBERT_BASE,6
4446-2275-0034_672-122797-0005__T2__SCV3FIX__VOICE-672_CONTENT-4446-4446-2275-0034,672,4446,,14.43,5,0.0,0.0,0.0,0.0807320019101154,0.012597388895927653,28.37408348561481,0,0.0,0.0,-1.0,HUBERT_BASE,6
4970-29093-0000_4446-2273-0002__T2__SCV3FIX__VOICE-4446_CONTENT-4970-4970-29093-0000,4446,4970,,-9.19,5,0.8,0.8,0.6,-0.019884180398383088,-0.0526407946548868,-13.325688937110328,2,1.0,1.0,0.0,HUBERT_BASE,6
1580-141083-0015_1995-1836-0008__T1__SCV3FIX__VOICE-1580_CONTENT-1995-1995-1836-0008,1580,1995,,-20.85,8,0.875,1.0,0.875,-0.04518772674846483,-0.12324929644331573,-27.860745913614306,2,2.0,1.75,0.0,HUBERT_BASE,6
1221-135767-0014_1089-134691-0023__T1__SCV3FIX__VOICE-1221_CONTENT-1089-1089-134691-0023,1221,1089,,13.27,13,0.0,0.0,0.0,0.08357749550970801,0.014221112707933248,29.49103443935365,0,0.0,0.0,-1.0,HUBERT_BASE,6
5683-32865-0003_2961-961-0018__T1__SCV3FIX__VOICE-5683_CONTENT-2961-2961-961-0018,5683,2961,,-8.65,6,1.0,1.0,1.0,-0.07461752274284783,-0.1551119047482329,-19.587046244560153,1,3.0,3.0,0.0,HUBERT_BASE,6
6829-68771-0006_8463-294828-0016__T1__SCV3FIX__VOICE-6829_CONTENT-8463-8463-294828-0016,6829,8463,,-22.38,5,0.6,1.0,0.6,-0.008054625421786032,-0.12345742932406434,-21.743933773841455,1,1.0,1.0,1.5,HUBERT_BASE,6
4507-16021-0016_1320-122617-0029__T1__SCV3FIX__VOICE-4507_CONTENT-1320-1320-122617-0029,4507,1320,,-16.97,14,1.0,1.0,1.0,-0.13781459178642122,-0.2998476142239499,-44.711672264906554,1,7.0,7.0,0.0,HUBERT_BASE,6
5142-36377-0002_6930-75918-0002__T2__SCV3FIX__VOICE-6930_CONTENT-5142-5142-36377-0002,6930,5142,,-0.43,9,0.6666666666666666,0.7777777777777778,0.5555555555555556,-0.02573957632695836,-0.09464925131410529,-6.445548577063391,1,2.0,2.0,0.5,HUBERT_BASE,6
4446-2273-0022_2830-3980-0023__T2__SCV3FIX__VOICE-2830_CONTENT-4446-4446-2273-0022,2830,4446,,13.15,10,0.0,0.0,0.0,0.08599452329661376,0.025624103236021045,39.89708459640124,0,0.0,0.0,-1.0,HUBERT_BASE,6
4992-41797-0020_4970-29095-0018__T1__SCV3FIX__VOICE-4992_CONTENT-4970-4970-29095-0018,4992,4970,,3.07,13,0.15384615384615385,0.15384615384615385,0.07692307692307693,0.05277695136844664,-0.06798773437508665,16.246939911211594,1,1.0,1.0,2.0,HUBERT_BASE,6
6930-76324-0024_8230-279154-0011__T1__SCV3FIX__VOICE-6930_CONTENT-8230-8230-279154-0011,6930,8230,,10.72,7,0.0,0.0,0.0,0.12056201178708584,0.08999979316002604,26.01282316219422,0,0.0,0.0,-1.0,HUBERT_BASE,6
1320-122612-0006_2830-3979-0010__T2__SCV3FIX__VOICE-2830_CONTENT-1320-1320-122612-0006,2830,1320,,10.36,5,0.0,0.0,0.0,0.08784170446486998,0.03512179781288394,32.79067661649407,0,0.0,0.0,-1.0,HUBERT_BASE,6
1089-134686-0032_6829-68771-0030__T1__SCV3FIX__VOICE-1089_CONTENT-6829-6829-68771-0030,1089,6829,,10.82,7,0.0,0.0,0.0,0.11697520238058479,0.05472404303411105,39.19087612290788,0,0.0,0.0,-1.0,HUBERT_BASE,6
672-122797-0038_4992-41797-0017__T2__SCV3FIX__VOICE-4992_CONTENT-672-672-122797-0038,4992,672,,-26.41,15,0.9333333333333333,1.0,0.9333333333333333,-0.08833926062331292,-0.32537721757937577,-27.42174208676857,2,6.0,3.5,0.0,HUBERT_BASE,6
1284-1181-0011_4446-2273-0036__T2__SCV3FIX__VOICE-4446_CONTENT-1284-1284-1181-0011,4446,1284,,-26.26,5,1.0,1.0,1.0,-0.07467157870537895,-0.09605908201741709,-40.98195918916618,1,2.5,2.5,0.0,HUBERT_BASE,6
8463-294828-0027_5683-32866-0030__T2__SCV3FIX__VOICE-5683_CONTENT-8463-8463-294828-0027,5683,8463,,14.45,8,0.0,0.0,0.0,0.055678659736345545,0.02322834091747117,35.431554680192114,0,0.0,0.0,-1.0,HUBERT_BASE,6
4970-29095-0030_4992-41797-0019__T1__SCV3FIX__VOICE-4970_CONTENT-4992-4992-41797-0019,4970,4992,,-13.82,8,1.0,1.0,1.0,-0.0884364708017325,-0.15397345600192214,-27.12809509371057,1,4.0,4.0,0.0,HUBERT_BASE,6
908-157963-0020_5683-32879-0007__T1__SCV3FIX__VOICE-908_CONTENT-5683-5683-32879-0007,908,5683,,14.52,12,0.0,0.0,0.0,0.10524223790479696,0.049048610689156,45.69841499411803,0,0.0,0.0,-1.0,HUBERT_BASE,6
5142-33396-0034_7021-85628-0006__T2__SCV3FIX__VOICE-7021_CONTENT-5142-5142-33396-0034,7021,5142,,12.82,6,0.0,0.0,0.0,0.06472354080688404,0.05435251896679194,37.8749725005475,0,0.0,0.0,-1.0,HUBERT_BASE,6
3575-170457-0044_4446-2273-0004__T2__SCV3FIX__VOICE-4446_CONTENT-3575-3575-170457-0044,4446,3575,,-17.68,9,1.0,1.0,1.0,-0.050306499495397596,-0.11454636515173411,-24.974420283704628,1,4.5,4.5,0.0,HUBERT_BASE,6
8230-279154-0030_121-127105-0001__T2__SCV3FIX__VOICE-121_CONTENT-8230-8230-279154-0030,121,8230,,-20.69,9,1.0,1.0,1.0,-0.10557088025028322,-0.14974713918568716,-37.816676764265566,1,4.5,4.5,0.0,HUBERT_BASE,6
6930-81414-0020_260-123286-0002__T2__SCV3FIX__VOICE-260_CONTENT-6930-6930-81414-0020,260,6930,,15.46,9,0.0,0.0,0.0,0.12622602890408163,0.06297797764337743,44.86830222541971,0,0.0,0.0,-1.0,HUBERT_BASE,6
8455-210777-0034_8555-284449-0004__T2__SCV3FIX__VOICE-8555_CONTENT-8455-8455-210777-0034,8555,8455,,-19.41,14,1.0,1.0,1.0,-0.14274845737985356,-0.22313995026767142,-42.804082991016536,1,7.0,7.0,0.0,HUBERT_BASE,6
1188-133604-0040_4970-29093-0002__T1__SCV3FIX__VOICE-1188_CONTENT-4970-4970-29093-0002,1188,4970,,9.22,5,0.0,0.0,0.0,0.10496279283625957,0.054926516800894554,37.31354291077521,0,0.0,0.0,-1.0,HUBERT_BASE,6
4507-16021-0017_8455-210777-0027__T2__SCV3FIX__VOICE-8455_CONTENT-4507-4507-16021-0017,8455,4507,,13.67,20,0.0,0.0,0.0,0.12142102305303011,0.06653553510963406,49.23817998355856,0,0.0,0.0,-1.0,HUBERT_BASE,6
908-157963-0026_2830-3980-0068__T1__SCV3FIX__VOICE-908_CONTENT-2830-2830-3980-0068,908,2830,,-2.91,9,0.5555555555555556,0.8888888888888888,0.5555555555555556,-0.04010024502396673,-0.30977393458223634,-14.228233268363867,2,1.5,1.25,0.0,HUBERT_BASE,6
260-123286-0031_237-126133-0009__T1__SCV3FIX__VOICE-260_CONTENT-237-237-126133-0009,260,237,,10.73,6,0.16666666666666666,0.0,0.0,0.07432990186972731,-0.0242937798409677,40.33973881946135,0,0.0,0.0,-1.0,HUBERT_BASE,6
1995-1836-0009_672-122797-0047__T1__SCV3FIX__VOICE-1995_CONTENT-672-672-122797-0047,1995,672,,-8.41,5,0.6,0.4,0.4,-0.03649324105709195,-0.10592472341403725,-7.839141262878078,1,1.5,1.5,1.0,HUBERT_BASE,6
6930-81414-0020_260-123286-0026__T2__SCV3FIX__VOICE-260_CONTENT-6930-6930-81414-0020,260,6930,,-12.54,9,0.2222222222222222,0.5555555555555556,0.1111111111111111,0.03650311023342445,-0.08630401237876373,-3.474872875667389,0,0.0,0.0,-1.0,HUBERT_BASE,6
1995-1826-0018_6930-75918-0018__T2__SCV3FIX__VOICE-6930_CONTENT-1995-1995-1826-0018,6930,1995,,17.61,9,0.0,0.0,0.0,0.11660830333163595,0.06736398535506494,44.997379624505356,0,0.0,0.0,-1.0,HUBERT_BASE,6
8555-284449-0003_6930-81414-0027__T2__SCV3FIX__VOICE-6930_CONTENT-8555-8555-284449-0003,6930,8555,,16.33,6,0.0,0.0,0.0,0.10735820884339259,0.06009584697691839,33.2836863042569,0,0.0,0.0,-1.0,HUBERT_BASE,6
6930-75918-0018_4446-2275-0000__T1__SCV3FIX__VOICE-6930_CONTENT-4446-4446-2275-0000,6930,4446,,10.58,11,0.0,0.0,0.0,0.06238297124589142,0.01412230701812145,31.093389861713334,0,0.0,0.0,-1.0,HUBERT_BASE,6
8230-279154-0026_672-122797-0020__T1__SCV3FIX__VOICE-8230_CONTENT-672-672-122797-0020,8230,672,,7.15,16,0.375,0.25,0.125,0.045888954164874776,-0.11222266523126212,13.795576603902482,1,2.5,2.5,5.0,HUBERT_BASE,6
3729-6852-0002_61-70968-0019__T1__SCV3FIX__VOICE-3729_CONTENT-61-61-70968-0019,3729,61,,11.23,9,0.0,0.0,0.0,0.11854400268007087,0.014641167185877269,27.88091951150837,0,0.0,0.0,-1.0,HUBERT_BASE,6
1580-141083-0039_5683-32865-0017__T2__SCV3FIX__VOICE-5683_CONTENT-1580-1580-141083-0039,5683,1580,,9.64,5,0.0,0.0,0.0,0.08093404067007011,0.03618754412576952,37.70845205864576,0,0.0,0.0,-1.0,HUBERT_BASE,6
1995-1826-0021_7176-92135-0008__T1__SCV3FIX__VOICE-1995_CONTENT-7176-7176-92135-0008,1995,7176,,2.11,7,0.42857142857142855,0.0,0.0,0.03406029085577183,-0.06398247910868127,17.907125406107184,1,1.0,1.0,1.5,HUBERT_BASE,6
1221-135766-0013_1284-1181-0013__T2__SCV3FIX__VOICE-1284_CONTENT-1221-1221-135766-0013,1284,1221,,4.63,6,0.3333333333333333,0.0,0.0,0.012046634899709233,-0.027679924884037588,11.01214937963681,0,0.0,0.0,-1.0,HUBERT_BASE,6
1320-122612-0014_1995-1826-0003__T1__SCV3FIX__VOICE-1320_CONTENT-1995-1995-1826-0003,1320,1995,,9.05,5,0.0,0.0,0.0,0.12435635564685663,0.05458707027484322,39.22302131070605,0,0.0,0.0,-1.0,HUBERT_BASE,6
6829-68769-0008_2961-961-0014__T2__SCV3FIX__VOICE-2961_CONTENT-6829-6829-68769-0008,2961,6829,,9.08,8,0.0,0.0,0.0,0.08857349975641461,0.03194403774889698,29.87290684148552,0,0.0,0.0,-1.0,HUBERT_BASE,6
2830-3980-0024_1188-133604-0000__T1__SCV3FIX__VOICE-2830_CONTENT-1188-1188-133604-0000,2830,1188,,-5.95,6,0.6666666666666666,0.3333333333333333,0.3333333333333333,-0.012921020129118868,-0.18505000698015217,1.9786369056662256,1,2.0,2.0,0.5,HUBERT_BASE,6
3729-6852-0040_672-122797-0030__T1__SCV3FIX__VOICE-3729_CONTENT-672-672-122797-0030,3729,672,,-7.85,8,0.75,0.75,0.75,-0.05325987364324254,-0.17929262758182896,-11.784970567618906,1,3.0,3.0,1.0,HUBERT_BASE,6
8230-279154-0018_1284-1181-0008__T1__SCV3FIX__VOICE-8230_CONTENT-1284-1284-1181-0008,8230,1284,,16.31,11,0.0,0.0,0.0,0.09283354932338513,0.024090812146003615,37.88217116934265,0,0.0,0.0,-1.0,HUBERT_BASE,6
4446-2271-0003_7127-75946-0021__T2__SCV3FIX__VOICE-7127_CONTENT-4446-4446-2271-0003,7127,4446,,-19.9,5,1.0,1.0,1.0,-0.14680993805108516,-0.33220036226152316,-33.539231724017206,1,2.5,2.5,0.0,HUBERT_BASE,6
8463-294828-0027_5683-32866-0030__T1__SCV3FIX__VOICE-8463_CONTENT-5683-5683-32866-0030,8463,5683,,-23.24,8,1.0,1.0,1.0,-0.05289352092839304,-0.09385831334159589,-31.014075957574796,1,4.0,4.0,0.0,HUBERT_BASE,6
2094-142345-0018_8555-292519-0008__T2__SCV3FIX__VOICE-8555_CONTENT-2094-2094-142345-0018,8555,2094,,-16.25,5,1.0,1.0,1.0,-0.12391449661001366,-0.15161305973906625,-33.345969497051,1,2.5,2.5,0.0,HUBERT_BASE,6
237-134500-0037_4507-16021-0028__T2__SCV3FIX__VOICE-4507_CONTENT-237-237-134500-0037,4507,237,,-22.86,5,1.0,1.0,1.0,-0.04832549317678918,-0.08688146322169443,-29.66963633593641,1,2.5,2.5,0.0,HUBERT_BASE,6
1320-122617-0040_8224-274381-0007__T2__SCV3FIX__VOICE-8224_CONTENT-1320-1320-122617-0040,8224,1320,,-6.88,14,0.6428571428571429,0.7142857142857143,0.42857142857142855,-0.0596192114404388,-0.2665702806189143,-4.686566394358594,3,1.5,1.5,0.0,HUBERT_BASE,6
6829-68771-0023_260-123288-0026__T2__SCV3FIX__VOICE-260_CONTENT-6829-6829-68771-0023,260,6829,,9.54,9,0.0,0.0,0.0,0.1046561183669969,0.05635636932193877,39.11003498420154,0,0.0,0.0,-1.0,HUBERT_BASE,6
8455-210777-0015_61-70968-0030__T1__SCV3FIX__VOICE-8455_CONTENT-61-61-70968-0030,8455,61,,9.75,10,0.0,0.0,0.0,0.08523794397527082,0.0420179358661843,27.037465192042692,0,0.0,0.0,-1.0,HUBERT_BASE,6
2300-131720-0034_260-123286-0023__T1__SCV3FIX__VOICE-2300_CONTENT-260-260-123286-0023,2300,260,,7.84,10,0.0,0.0,0.0,0.11545254917812439,0.05352330738825617,34.92336420565718,0,0.0,0.0,-1.0,HUBERT_BASE,6
1089-134686-0022_8455-210777-0023__T2__SCV3FIX__VOICE-8455_CONTENT-1089-1089-134686-0022,8455,1089,,-12.42,8,0.875,1.0,0.875,-0.056056875444253126,-0.11245269028662619,-21.258253351754437,2,2.0,1.75,0.0,HUBERT_BASE,6
61-70970-0027_5142-33396-0024__T2__SCV3FIX__VOICE-5142_CONTENT-61-61-70970-0027,5142,61,,2.39,9,0.0,0.2222222222222222,0.0,0.07905443815780155,0.004023969332799249,19.196397185395362,0,0.0,0.0,-1.0,HUBERT_BASE,6
1320-122617-0008_4970-29095-0014__T1__SCV3FIX__VOICE-1320_CONTENT-4970-4970-29095-0014,1320,4970,,11.98,5,0.0,0.0,0.0,0.10622569211057402,0.06786030319861858,40.73925991091603,0,0.0,0.0,-1.0,HUBERT_BASE,6
61-70970-0015_7127-75946-0018__T2__SCV3FIX__VOICE-7127_CONTENT-61-61-70970-0015,7127,61,,3.25,15,0.06666666666666667,0.0,0.0,0.12543659131229362,-0.008092826890322091,22.519514455069586,0,0.0,0.0,-1.0,HUBERT_BASE,6
5142-33396-0010_237-134500-0011__T1__SCV3FIX__VOICE-5142_CONTENT-237-237-134500-0011,5142,237,,-17.56,5,1.0,1.0,1.0,-0.08200656149965113,-0.12838126404173855,-29.881482904441764,1,2.5,2.5,0.0,HUBERT_BASE,6
1995-1837-0019_1089-134686-0009__T2__SCV3FIX__VOICE-1089_CONTENT-1995-1995-1837-0019,1089,1995,,14.67,9,0.0,0.0,0.0,0.13945628092241852,0.08581775887935195,45.78021877587585,0,0.0,0.0,-1.0,HUBERT_BASE,6
1089-134686-0024_7176-92135-0042__T1__SCV3FIX__VOICE-1089_CONTENT-7176-7176-92135-0042,1089,7176,,4.33,13,1.0,0.6923076923076923,0.6923076923076923,-0.06707439158703836,-0.14199656810465022,-2.2223048340029132,1,6.5,6.5,0.0,HUBERT_BASE,6
5639-40744-0015_2961-961-0021__T1__SCV3FIX__VOICE-5639_CONTENT-2961-2961-961-0021,5639,2961,,10.45,8,0.0,0.0,0.0,0.06168158396571348,0.016825254671551937,36.188304451755656,0,0.0,0.0,-1.0,HUBERT_BASE,6
7127-75946-0008_5142-33396-0020__T1__SCV3FIX__VOICE-7127_CONTENT-5142-5142-33396-0020,7127,5142,,-1.06,5,0.2,0.2,0.2,0.06953891905049159,-0.012875264225321925,5.223023080050429,0,0.0,0.0,-1.0,HUBERT_BASE,6
6829-68771-0036_7729-102255-0039__T1__SCV3FIX__VOICE-6829_CONTENT-7729-7729-102255-0039,6829,7729,,-22.72,9,1.0,1.0,1.0,-0.08122196955883654,-0.12635611772056787,-33.75306840461214,1,4.5,4.5,0.0,HUBERT_BASE,6
1995-1837-0011_1580-141084-0009__T1__SCV3FIX__VOICE-1995_CONTENT-1580-1580-141084-0009,1995,1580,,17.03,5,0.0,0.0,0.0,0.0684626840753593,0.051980618889709396,41.8040056341251,0,0.0,0.0,-1.0,HUBERT_BASE,6
672-122797-0047_1284-1181-0014__T1__SCV3FIX__VOICE-672_CONTENT-1284-1284-1181-0014,672,1284,,14.56,5,0.0,0.0,0.0,0.07777100958895877,0.016215027020822004,31.81772323029231,0,0.0,0.0,-1.0,HUBERT_BASE,6
2830-3980-0007_6829-68769-0014__T2__SCV3FIX__VOICE-6829_CONTENT-2830-2830-3980-0007,6829,2830,,-26.24,6,1.0,1.0,1.0,-0.06471193014563646,-0.12037123736903077,-40.54012417705144,1,3.0,3.0,0.0,HUBERT_BASE,6
1995-1826-0012_3729-6852-0011__T1__SCV3FIX__VOICE-1995_CONTENT-3729-3729-6852-0011,1995,3729,,10.69,11,0.18181818181818182,0.0,0.0,0.020581196930304933,-0.05301081804615515,28.149081489910103,0,0.0,0.0,-1.0,HUBERT_BASE,6
7021-85628-0022_2300-131720-0014__T1__SCV3FIX__VOICE-7021_CONTENT-2300-2300-131720-0014,7021,2300,,3.61,6,0.0,0.0,0.0,0.057656269914457804,0.006960153440508932,25.527405661746034,0,0.0,0.0,-1.0,HUBERT_BASE,6
5142-33396-0015_7729-102255-0036__T2__SCV3FIX__VOICE-7729_CONTENT-5142-5142-33396-0015,7729,5142,,10.23,7,0.0,0.0,0.0,0.06832819194375006,0.05088305132972193,34.57456383007125,0,0.0,0.0,-1.0,HUBERT_BASE,6
4446-2271-0024_1284-1180-0009__T1__SCV3FIX__VOICE-4446_CONTENT-1284-1284-1180-0009,4446,1284,,17.15,5,0.0,0.0,0.0,0.08466385992163036,0.03419959476736312,43.71853666275249,0,0.0,0.0,-1.0,HUBERT_BASE,6
6930-81414-0006_1284-134647-0000__T1__SCV3FIX__VOICE-6930_CONTENT-1284-1284-134647-0000,6930,1284,,16.46,12,0.08333333333333333,0.0,0.0,0.09729936405973076,-0.0030119480384118713,35.812543463254,0,0.0,0.0,-1.0,HUBERT_BASE,6
6930-75918-0017_4507-16021-0054__T2__SCV3FIX__VOICE-4507_CONTENT-6930-6930-75918-0017,4507,6930,,8.26,7,0.0,0.0,0.0,0.08379290148900431,0.03949690021538377,33.53222331166462,0,0.0,0.0,-1.0,HUBERT_BASE,6
4446-2271-0012_6930-76324-0011__T2__SCV3FIX__VOICE-6930_CONTENT-4446-4446-2271-0012,6930,4446,,-22.58,6,1.0,1.0,1.0,-0.037366568866936324,-0.10363018047747263,-29.677340057928095,1,3.0,3.0,0.0,HUBERT_BASE,6
61-70968-0005_5105-28233-0000__T1__SCV3FIX__VOICE-61_CONTENT-5105-5105-28233-0000,61,5105,,-19.87,8,1.0,1.0,1.0,-0.09194609995103074,-0.1548547426853435,-22.51364398489295,1,4.0,4.0,0.0,HUBERT_BASE,6
4507-16021-0055_1580-141083-0013__T1__SCV3FIX__VOICE-4507_CONTENT-1580-1580-141083-0013,4507,1580,,10.45,7,0.0,0.0,0.0,0.0842422661343298,0.04377221973612788,40.16005356002504,0,0.0,0.0,-1.0,HUBERT_BASE,6
7021-85628-0000_672-122797-0031__T2__SCV3FIX__VOICE-672_CONTENT-7021-7021-85628-0000,672,7021,,-18.36,4,1.0,1.0,1.0,-0.11252626878594865,-0.1281573823186697,-42.14884063085441,1,2.0,2.0,0.0,HUBERT_BASE,6
237-134500-0013_1580-141084-0014__T2__SCV3FIX__VOICE-1580_CONTENT-237-237-134500-0013,1580,237,,12.76,6,0.0,0.0,0.0,0.08459400547460853,0.05980551197192585,27.145252711473784,0,0.0,0.0,-1.0,HUBERT_BASE,6
6829-68771-0019_5105-28240-0015__T1__SCV3FIX__VOICE-6829_CONTENT-5105-5105-28240-0015,6829,5105,,-26.12,13,1.0,1.0,1.0,-0.10517923559933802,-0.18948691704384923,-41.92808361942842,1,6.5,6.5,0.0,HUBERT_BASE,6
4992-23283-0010_8455-210777-0060__T1__SCV3FIX__VOICE-4992_CONTENT-8455-8455-210777-0060,4992,8455,,-17.37,9,1.0,1.0,1.0,-0.07911852835060594,-0.11130799736562291,-25.11440040810734,1,4.5,4.5,0.0,HUBERT_BASE,6
237-126133-0016_7127-75947-0022__T2__SCV3FIX__VOICE-7127_CONTENT-237-237-126133-0016,7127,237,,8.3,7,0.0,0.0,0.0,0.07558208806664772,0.010232921213754298,32.46012917288976,0,0.0,0.0,-1.0,HUBERT_BASE,6
6930-76324-0020_4970-29095-0032__T1__SCV3FIX__VOICE-6930_CONTENT-4970-4970-29095-0032,6930,4970,,11.54,11,0.0,0.0,0.0,0.12066715627089207,0.048291029458478074,36.37103633986077,0,0.0,0.0,-1.0,HUBERT_BASE,6
908-31957-0008_4446-2271-0020__T2__SCV3FIX__VOICE-4446_CONTENT-908-908-31957-0008,4446,908,,3.32,14,0.35714285714285715,0.0,0.0,0.05704369187151188,-0.1048240597307658,7.219013888528076,2,1.0,1.0,1.0,HUBERT_BASE,6
260-123288-0009_1320-122617-0023__T1__SCV3FIX__VOICE-260_CONTENT-1320-1320-122617-0023,260,1320,,16.03,5,0.0,0.0,0.0,0.114175275299913,0.04983914392918609,29.832495707568967,0,0.0,0.0,-1.0,HUBERT_BASE,6
672-122797-0063_4446-2275-0042__T2__SCV3FIX__VOICE-4446_CONTENT-672-672-122797-0063,4446,672,,-18.21,9,1.0,1.0,1.0,-0.10909989144655985,-0.17642677723123856,-34.51803133910004,1,4.5,4.5,0.0,HUBERT_BASE,6
2830-3980-0061_908-31957-0018__T2__SCV3FIX__VOICE-908_CONTENT-2830-2830-3980-0061,908,2830,,-5.93,6,0.5,1.0,0.5,0.025436163131443385,-0.049259241828923495,-11.030379843705859,1,1.0,1.0,1.0,HUBERT_BASE,6
7729-102255-0041_1320-122617-0019__T2__SCV3FIX__VOICE-1320_CONTENT-7729-7729-102255-0041,1320,7729,,-14.57,15,1.0,1.0,1.0,-0.09849037471052698,-0.1971596592055116,-27.065673722664066,1,7.5,7.5,0.0,HUBERT_BASE,6
4992-41806-0005_8455-210777-0004__T2__SCV3FIX__VOICE-8455_CONTENT-4992-4992-41806-0005,8455,4992,,6.43,6,0.3333333333333333,0.0,0.0,0.04129778382508522,-0.04341662102034216,19.075032624348925,1,1.0,1.0,0.5,HUBERT_BASE,6
672-122797-0029_4446-2273-0001__T1__SCV3FIX__VOICE-672_CONTENT-4446-4446-2273-0001,672,4446,,9.74,5,0.0,0.0,0.0,0.07528505835618853,0.004173689737175246,28.970003972195013,0,0.0,0.0,-1.0,HUBERT_BASE,6
1995-1826-0020_61-70970-0027__T2__SCV3FIX__VOICE-61_CONTENT-1995-1995-1826-0020,61,1995,,11.66,9,0.0,0.0,0.0,0.1235747577165655,0.06422877183248998,34.13994583386247,0,0.0,0.0,-1.0,HUBERT_BASE,6
1284-1181-0001_61-70968-0026__T1__SCV3FIX__VOICE-1284_CONTENT-61-61-70968-0026,1284,61,,-0.4,8,0.375,0.25,0.25,0.0013930077356489046,-0.07003271439677006,8.808924277970963,1,1.0,1.0,0.0,HUBERT_BASE,6
2830-3980-0050_260-123286-0000__T2__SCV3FIX__VOICE-260_CONTENT-2830-2830-3980-0050,260,2830,,-12.57,13,0.6923076923076923,0.7692307692307693,0.6153846153846154,-0.09783389609947685,-0.43296869323781206,-16.339166303690824,3,1.5,1.5,0.0,HUBERT_BASE,6
8463-294825-0016_1580-141084-0001__T1__SCV3FIX__VOICE-8463_CONTENT-1580-1580-141084-0001,8463,1580,,7.84,5,0.0,0.0,0.0,0.0650376808699116,0.04619336311182043,36.70163618594497,0,0.0,0.0,-1.0,HUBERT_BASE,6
237-134500-0040_1188-133604-0032__T2__SCV3FIX__VOICE-1188_CONTENT-237-237-134500-0040,1188,237,,10.94,7,0.0,0.0,0.0,0.10312487660351569,0.06112880007278243,37.644749721145935,0,0.0,0.0,-1.0,HUBERT_BASE,6
5142-36377-0009_1284-1180-0007__T2__SCV3FIX__VOICE-1284_CONTENT-5142-5142-36377-0009,1284,5142,,3.8,9,0.8888888888888888,0.2222222222222222,0.2222222222222222,-0.054439702062464415,-0.12600187806244068,7.805313860625678,1,3.5,3.5,1.0,HUBERT_BASE,6
6829-68771-0012_7127-75947-0038__T1__SCV3FIX__VOICE-6829_CONTENT-7127-7127-75947-0038,6829,7127,,-24.49,21,1.0,1.0,1.0,-0.08853212955427063,-0.19832857507648527,-35.155414974639015,1,10.5,10.5,0.0,HUBERT_BASE,6
1221-135766-0009_5142-33396-0058__T1__SCV3FIX__VOICE-1221_CONTENT-5142-5142-33396-0058,1221,5142,,-17.29,5,0.8,1.0,0.8,-0.053706460689210256,-0.09245594249274469,-25.99443081959713,1,1.5,1.5,1.0,HUBERT_BASE,6
2830-3980-0048_8555-292519-0007__T2__SCV3FIX__VOICE-8555_CONTENT-2830-2830-3980-0048,8555,2830,,-26.38,15,1.0,1.0,1.0,-0.09048394670962309,-0.2129517751065041,-36.73271885197796,1,7.5,7.5,0.0,HUBERT_BASE,6
6829-68771-0036_908-157963-0013__T2__SCV3FIX__VOICE-908_CONTENT-6829-6829-68771-0036,908,6829,,9.58,7,0.0,0.0,0.0,0.09160351981527147,0.05639362707085527,37.88033484143676,0,0.0,0.0,-1.0,HUBERT_BASE,6
7176-92135-0015_4992-23283-0007__T2__SCV3FIX__VOICE-4992_CONTENT-7176-7176-92135-0015,4992,7176,,-4.78,7,0.2857142857142857,0.2857142857142857,0.14285714285714285,0.02654494511759366,-0.02616983755759572,4.523920790076886,0,0.0,0.0,-1.0,HUBERT_BASE,6
237-126133-0008_2830-3979-0002__T2__SCV3FIX__VOICE-2830_CONTENT-237-237-126133-0008,2830,237,,12.34,6,0.16666666666666666,0.0,0.0,0.06259799445334406,-0.006530105937055386,35.81551953522409,0,0.0,0.0,-1.0,HUBERT_BASE,6
1580-141084-0032_8455-210777-0014__T2__SCV3FIX__VOICE-8455_CONTENT-1580-1580-141084-0032,8455,1580,,12.19,7,0.0,0.0,0.0,0.09686966530608464,0.0606650101926447,31.54784473508608,0,0.0,0.0,-1.0,HUBERT_BASE,6
7729-102255-0033_61-70968-0010__T1__SCV3FIX__VOICE-7729_CONTENT-61-61-70968-0010,7729,61,,5.12,12,0.25,0.16666666666666666,0.08333333333333333,0.059104149153157544,-0.08385824989449031,13.409557371724013,0,0.0,0.0,-1.0,HUBERT_BASE,6
6930-76324-0023_2094-142345-0058__T1__SCV3FIX__VOICE-6930_CONTENT-2094-2094-142345-0058,6930,2094,,13.0,8,0.0,0.0,0.0,0.07522078690048113,0.018716990573383607,23.043603666324923,0,0.0,0.0,-1.0,HUBERT_BASE,6
4446-2275-0042_3570-5696-0004__T2__SCV3FIX__VOICE-3570_CONTENT-4446-4446-2275-0042,3570,4446,,10.88,8,0.0,0.0,0.0,0.09756949446580278,0.001170092147339763,35.41575280020889,0,0.0,0.0,-1.0,HUBERT_BASE,6
7127-75947-0015_4970-29093-0007__T2__SCV3FIX__VOICE-4970_CONTENT-7127-7127-75947-0015,4970,7127,,-25.56,11,1.0,1.0,1.0,-0.10205772675891596,-0.1706357187458457,-40.11068902586412,1,5.5,5.5,0.0,HUBERT_BASE,6
260-123286-0001_1995-1836-0007__T2__SCV3FIX__VOICE-1995_CONTENT-260-260-123286-0001,1995,260,,-20.71,5,1.0,1.0,1.0,-0.06818752530651118,-0.09929019605958078,-27.75965481286496,1,2.5,2.5,0.0,HUBERT_BASE,6
672-122797-0019_7176-92135-0016__T1__SCV3FIX__VOICE-672_CONTENT-7176-7176-92135-0016,672,7176,,6.21,7,0.7142857142857143,0.2857142857142857,0.2857142857142857,-0.06817544956739617,-0.18763316420757314,6.6435565334109485,1,1.5,1.5,0.0,HUBERT_BASE,6
8555-284449-0011_2830-3979-0010__T1__SCV3FIX__VOICE-8555_CONTENT-2830-2830-3979-0010,8555,2830,,-26.17,5,1.0,1.0,1.0,-0.0971094870297001,-0.12362647427524354,-45.95897621508053,1,2.5,2.5,0.0,HUBERT_BASE,6
260-123288-0018_3575-170457-0047__T2__SCV3FIX__VOICE-3575_CONTENT-260-260-123288-0018,3575,260,,-26.28,5,1.0,1.0,1.0,-0.09952797942165759,-0.13073777890990257,-35.357946780000866,1,2.5,2.5,0.0,HUBERT_BASE,6
1221-135767-0013_5683-32865-0007__T1__SCV3FIX__VOICE-1221_CONTENT-5683-5683-32865-0007,1221,5683,,-15.8,11,0.9090909090909091,1.0,0.9090909090909091,-0.05075128544571886,-0.08463464585510938,-26.094279558974225,1,5.0,5.0,0.5,HUBERT_BASE,6
121-121726-0001_3729-6852-0018__T2__SCV3FIX__VOICE-3729_CONTENT-121-121-121726-0001,3729,121,,-1.83,9,0.2222222222222222,0.3333333333333333,0.2222222222222222,0.07982229632758046,-0.021296321919807237,4.076173620720882,1,1.0,1.0,0.0,HUBERT_BASE,6
6829-68771-0008_8555-284447-0022__T1__SCV3FIX__VOICE-6829_CONTENT-8555-8555-284447-0022,6829,8555,,-1.57,6,0.5,0.16666666666666666,0.16666666666666666,-0.0032026961978147326,-0.07570523323433231,6.940633755390554,1,1.5,1.5,0.5,HUBERT_BASE,6
1580-141083-0044_8555-284449-0016__T1__SCV3FIX__VOICE-1580_CONTENT-8555-8555-284449-0016,1580,8555,,-12.34,10,0.7,1.0,0.7,-0.031102610513508978,-0.13171619828617087,-20.948772959916006,1,2.5,2.5,0.0,HUBERT_BASE,6
1284-1180-0031_8230-279154-0021__T1__SCV3FIX__VOICE-1284_CONTENT-8230-8230-279154-0021,1284,8230,,-26.17,8,1.0,1.0,1.0,-0.04329517529296431,-0.09560102810531745,-28.563817595953406,1,4.0,4.0,0.0,HUBERT_BASE,6
7729-102255-0023_61-70968-0033__T1__SCV3FIX__VOICE-7729_CONTENT-61-61-70968-0033,7729,61,,7.37,9,0.1111111111111111,0.0,0.0,0.03569820726493608,-0.004696554186424562,17.514690127153113,0,0.0,0.0,-1.0,HUBERT_BASE,6
5142-36377-0006_61-70968-0045__T1__SCV3FIX__VOICE-5142_CONTENT-61-61-70968-0045,5142,61,,-15.27,5,1.0,1.0,1.0,-0.09475209567060139,-0.12342536420492389,-21.434105316043905,1,2.5,2.5,0.0,HUBERT_BASE,6
7176-92135-0022_4507-16021-0040__T1__SCV3FIX__VOICE-7176_CONTENT-4507-4507-16021-0040,7176,4507,,13.88,5,0.0,0.0,0.0,0.11633787097002819,0.0768648356281012,44.991134760587485,0,0.0,0.0,-1.0,HUBERT_BASE,6
8463-294828-0033_61-70968-0029__T2__SCV3FIX__VOICE-61_CONTENT-8463-8463-294828-0033,61,8463,,7.11,5,0.0,0.0,0.0,0.08109174959085394,0.044602631630530354,33.1217037965422,0,0.0,0.0,-1.0,HUBERT_BASE,6
908-31957-0024_5142-36586-0004__T1__SCV3FIX__VOICE-908_CONTENT-5142-5142-36586-0004,908,5142,,13.37,5,0.0,0.0,0.0,0.05775828616062615,0.033913431311955455,48.55527398878763,0,0.0,0.0,-1.0,HUBERT_BASE,6
672-122797-0066_1221-135766-0004__T2__SCV3FIX__VOICE-1221_CONTENT-672-672-122797-0066,1221,672,,-15.37,8,1.0,1.0,1.0,-0.11218210011545138,-0.17860787749702578,-31.40109911694275,1,4.0,4.0,0.0,HUBERT_BASE,6
4077-13751-0008_1089-134691-0016__T2__SCV3FIX__VOICE-1089_CONTENT-4077-4077-13751-0008,1089,4077,,9.7,17,0.0,0.0,0.0,0.10605777872895462,0.014317154597995319,34.83381272373096,0,0.0,0.0,-1.0,HUBERT_BASE,6
1995-1826-0012_3729-6852-0011__T2__SCV3FIX__VOICE-3729_CONTENT-1995-1995-1826-0012,3729,1995,,5.68,11,0.0,0.0,0.0,0.08170250670965871,0.008156784164782493,19.857008666160592,0,0.0,0.0,-1.0,HUBERT_BASE,6
4507-16021-0043_121-121726-0005__T2__SCV3FIX__VOICE-121_CONTENT-4507-4507-16021-0043,121,4507,,14.81,5,0.4,0.0,0.0,0.036191566307652814,-0.061884289695384176,32.04918352249153,1,1.0,1.0,0.0,HUBERT_BASE,6
5142-36377-0023_1580-141084-0023__T1__SCV3FIX__VOICE-5142_CONTENT-1580-1580-141084-0023,5142,1580,,6.14,10,0.1,0.0,0.0,0.03267264431241439,-0.008957330674718489,19.362462385867605,0,0.0,0.0,-1.0,HUBERT_BASE,6
7176-92135-0002_8555-284449-0020__T2__SCV3FIX__VOICE-8555_CONTENT-7176-7176-92135-0002,8555,7176,,-24.47,5,1.0,1.0,1.0,-0.08990869589996722,-0.14431357095100883,-30.818606067526115,1,2.5,2.5,0.0,HUBERT_BASE,6
7127-75947-0001_61-70968-0041__T2__SCV3FIX__VOICE-61_CONTENT-7127-7127-75947-0001,61,7127,,-2.29,12,0.4166666666666667,0.25,0.16666666666666666,-0.02628372284959396,-0.23202404737321136,6.0450224457834025,1,1.5,1.5,3.5,HUBERT_BASE,6
1580-141083-0037_61-70970-0002__T2__SCV3FIX__VOICE-61_CONTENT-1580-1580-141083-0037,61,1580,,11.73,7,0.0,0.0,0.0,0.11351538256848893,0.07588583531515447,40.882639222770685,0,0.0,0.0,-1.0,HUBERT_BASE,6
908-157963-0030_2961-960-0019__T1__SCV3FIX__VOICE-908_CONTENT-2961-2961-960-0019,908,2961,,12.58,8,0.125,0.0,0.0,0.09549793915455017,-0.06034765788524876,37.834370356123486,0,0.0,0.0,-1.0,HUBERT_BASE,6
6829-68771-0008_8555-284447-0022__T2__SCV3FIX__VOICE-8555_CONTENT-6829-6829-68771-0008,8555,6829,,-3.51,6,0.5,0.5,0.3333333333333333,0.021019321672551588,-0.027759548706634884,0.7045102031289826,1,1.0,1.0,2.0,HUBERT_BASE,6
2094-142345-0012_4446-2275-0026__T1__SCV3FIX__VOICE-2094_CONTENT-4446-4446-2275-0026,2094,4446,,8.42,9,0.0,0.0,0.0,0.06731461006825971,0.01326966724821943,29.153681307396546,0,0.0,0.0,-1.0,HUBERT_BASE,6
6930-81414-0000_1320-122612-0012__T1__SCV3FIX__VOICE-6930_CONTENT-1320-1320-122612-0012,6930,1320,,-21.96,19,1.0,1.0,1.0,-0.09678558503561717,-0.2105118090640722,-32.871327002451125,1,9.5,9.5,0.0,HUBERT_BASE,6
5105-28241-0009_4507-16021-0049__T1__SCV3FIX__VOICE-5105_CONTENT-4507-4507-16021-0049,5105,4507,,17.24,10,0.0,0.0,0.0,0.07399481979811708,0.03644675160749267,39.509405752194574,0,0.0,0.0,-1.0,HUBERT_BASE,6
1995-1837-0025_5142-36377-0017__T1__SCV3FIX__VOICE-1995_CONTENT-5142-5142-36377-0017,1995,5142,,-25.35,8,1.0,1.0,1.0,-0.11232651717737593,-0.18009544090829532,-42.986535064122364,1,4.0,4.0,0.0,HUBERT_BASE,6
1580-141083-0015_7127-75947-0008__T1__SCV3FIX__VOICE-1580_CONTENT-7127-7127-75947-0008,1580,7127,,-24.37,7,1.0,1.0,1.0,-0.12329989405814358,-0.32043583399738185,-40.45025713767511,1,3.5,3.5,0.0,HUBERT_BASE,6
8455-210777-0053_1580-141084-0041__T2__SCV3FIX__VOICE-1580_CONTENT-8455-8455-210777-0053,1580,8455,,-19.99,12,1.0,1.0,1.0,-0.10819070256851372,-0.16559172390510868,-38.525779030275984,1,6.0,6.0,0.0,HUBERT_BASE,6
1089-134691-0023_8224-274381-0011__T1__SCV3FIX__VOICE-1089_CONTENT-8224-8224-274381-0011,1089,8224,,7.61,11,0.09090909090909091,0.09090909090909091,0.0,0.05826489059626593,-3.1177454619002454e-05,15.850615534561774,0,0.0,0.0,-1.0,HUBERT_BASE,6
4970-29095-0004_908-31957-0020__T2__SCV3FIX__VOICE-908_CONTENT-4970-4970-29095-0004,908,4970,,10.99,10,0.0,0.0,0.0,0.09484616179647247,0.03547495532611489,39.76836292515899,0,0.0,0.0,-1.0,HUBERT_BASE,6
7729-102255-0028_7176-92135-0039__T2__SCV3FIX__VOICE-7176_CONTENT-7729-7729-102255-0028,7176,7729,,14.06,5,0.0,0.0,0.0,0.10014512929932014,0.06625932165930914,40.98958231195989,0,0.0,0.0,-1.0,HUBERT_BASE,6
5142-36377-0001_4992-41797-0010__T1__SCV3FIX__VOICE-5142_CONTENT-4992-4992-41797-0010,5142,4992,,6.59,9,0.3333333333333333,0.2222222222222222,0.2222222222222222,0.04284973168546031,-0.061229237071786624,13.11250580596174,1,1.5,1.5,3.0,HUBERT_BASE,6
1580-141083-0045_7176-92135-0008__T1__SCV3FIX__VOICE-1580_CONTENT-7176-7176-92135-0008,1580,7176,,-21.43,7,1.0,1.0,1.0,-0.0911125733546264,-0.14224571780171114,-45.39558754294041,1,3.5,3.5,0.0,HUBERT_BASE,6
7021-79730-0008_6829-68771-0020__T1__SCV3FIX__VOICE-7021_CONTENT-6829-6829-68771-0020,7021,6829,,11.8,8,0.0,0.0,0.0,0.06386263525299439,0.012105104465703787,34.84460987353978,0,0.0,0.0,-1.0,HUBERT_BASE,6
260-123286-0028_4446-2273-0035__T2__SCV3FIX__VOICE-4446_CONTENT-260-260-123286-0028,4446,260,,-28.15,11,1.0,1.0,1.0,-0.1149979614920075,-0.23699458934622408,-40.77694029274989,1,5.5,5.5,0.0,HUBERT_BASE,6
6829-68771-0032_1995-1837-0014__T1__SCV3FIX__VOICE-6829_CONTENT-1995-1995-1837-0014,6829,1995,,2.96,12,0.08333333333333333,0.08333333333333333,0.08333333333333333,0.07438990733014424,-0.044803862130258665,32.03374510454662,0,0.0,0.0,-1.0,HUBERT_BASE,6
6829-68769-0020_3570-5696-0010__T1__SCV3FIX__VOICE-6829_CONTENT-3570-3570-5696-0010,6829,3570,,9.46,9,0.0,0.0,0.0,0.07180983700325828,0.03192764647093449,38.61571789754425,0,0.0,0.0,-1.0,HUBERT_BASE,6
8455-210777-0056_1188-133604-0022__T1__SCV3FIX__VOICE-8455_CONTENT-1188-1188-133604-0022,8455,1188,,-9.89,10,0.4,0.9,0.4,-0.004899967570359232,-0.09091193385832796,-16.638383341743513,1,1.5,1.5,3.5,HUBERT_BASE,6
8463-294828-0001_4507-16021-0028__T2__SCV3FIX__VOICE-4507_CONTENT-8463-8463-294828-0001,4507,8463,,0.87,5,0.4,0.4,0.0,-0.012789096601230598,-0.07865132010020981,3.4737019656718586,1,1.0,1.0,1.0,HUBERT_BASE,6
6829-68769-0028_5105-28240-0002__T1__SCV3FIX__VOICE-6829_CONTENT-5105-5105-28240-0002,6829,5105,,-19.83,5,1.0,1.0,1.0,-0.12195515481717745,-0.14799887487591457,-41.61929218517537,1,2.5,2.5,0.0,HUBERT_BASE,6
4992-41806-0009_1188-133604-0001__T1__SCV3FIX__VOICE-4992_CONTENT-1188-1188-133604-0001,4992,1188,,-26.63,6,1.0,1.0,1.0,-0.10396316063116301,-0.15058787611509072,-37.95749586864983,1,3.0,3.0,0.0,HUBERT_BASE,6
4446-2273-0033_8230-279154-0028__T2__SCV3FIX__VOICE-8230_CONTENT-4446-4446-2273-0033,8230,4446,,12.18,5,0.0,0.0,0.0,0.10044056071920196,0.047250809156660356,38.5876181283479,0,0.0,0.0,-1.0,HUBERT_BASE,6
6829-68771-0004_672-122797-0047__T1__SCV3FIX__VOICE-6829_CONTENT-672-672-122797-0047,6829,672,,-5.11,5,1.0,1.0,1.0,-0.0949636371309776,-0.21152701092227255,-9.628970019145342,1,2.5,2.5,0.0,HUBERT_BASE,6
6930-76324-0015_5105-28241-0005__T1__SCV3FIX__VOICE-6930_CONTENT-5105-5105-28241-0005,6930,5105,,-18.49,15,0.9333333333333333,1.0,0.9333333333333333,-0.056267016025675166,-0.12392909564223775,-24.242979027463456,2,5.5,3.5,0.0,HUBERT_BASE,6
3575-170457-0025_2830-3980-0045__T1__SCV3FIX__VOICE-3575_CONTENT-2830-2830-3980-0045,3575,2830,,-18.76,6,1.0,1.0,1.0,-0.10698150694629861,-0.2101218062338126,-36.69162667782545,1,3.0,3.0,0.0,HUBERT_BASE,6
908-157963-0029_5683-32866-0002__T1__SCV3FIX__VOICE-908_CONTENT-5683-5683-32866-0002,908,5683,,13.24,6,0.0,0.0,0.0,0.08391734158800558,0.06516963113145235,32.86492317290169,0,0.0,0.0,-1.0,HUBERT_BASE,6
260-123440-0014_7176-88083-0012__T2__SCV3FIX__VOICE-7176_CONTENT-260-260-123440-0014,7176,260,,12.44,6,0.0,0.0,0.0,0.06872371711908737,0.04265201006462338,27.428764244551342,0,0.0,0.0,-1.0,HUBERT_BASE,6
3729-6852-0039_672-122797-0067__T1__SCV3FIX__VOICE-3729_CONTENT-672-672-122797-0067,3729,672,,-24.49,16,1.0,1.0,1.0,-0.09492246066330208,-0.21790987929680616,-35.912848341881784,1,8.0,8.0,0.0,HUBERT_BASE,6
2961-961-0020_4446-2275-0012__T1__SCV3FIX__VOICE-2961_CONTENT-4446-4446-2275-0012,2961,4446,,5.38,11,0.0,0.0,0.0,0.07832794895766647,0.012340193291294765,27.057719749917307,0,0.0,0.0,-1.0,HUBERT_BASE,6
7021-79730-0005_1320-122617-0008__T1__SCV3FIX__VOICE-7021_CONTENT-1320-1320-122617-0008,7021,1320,,5.3,7,0.7142857142857143,0.0,0.0,-0.07226012989066881,-0.14794211997880302,6.933358522374157,1,2.5,2.5,0.5,HUBERT_BASE,6
2961-960-0009_6829-68769-0027__T2__SCV3FIX__VOICE-6829_CONTENT-2961-2961-960-0009,6829,2961,,-28.68,5,1.0,1.0,1.0,-0.08256380827647262,-0.1503144571702827,-40.59848663872955,1,2.5,2.5,0.0,HUBERT_BASE,6
121-127105-0026_7127-75946-0017__T2__SCV3FIX__VOICE-7127_CONTENT-121-121-127105-0026,7127,121,,11.26,14,0.0,0.0,0.0,0.09485757966966668,0.02664887471372479,30.39661155456006,0,0.0,0.0,-1.0,HUBERT_BASE,6
1089-134686-0010_4507-16021-0023__T1__SCV3FIX__VOICE-1089_CONTENT-4507-4507-16021-0023,1089,4507,,12.8,7,0.0,0.0,0.0,0.10295662149825867,0.06723028810822185,42.02020011270518,0,0.0,0.0,-1.0,HUBERT_BASE,6
6829-68771-0022_3570-5694-0000__T2__SCV3FIX__VOICE-3570_CONTENT-6829-6829-68771-0022,3570,6829,,-16.9,6,1.0,0.8333333333333334,0.8333333333333334,-0.07260686318823156,-0.10961533763784137,-17.30552525116875,1,3.0,3.0,0.0,HUBERT_BASE,6
1580-141084-0015_5105-28233-0008__T2__SCV3FIX__VOICE-5105_CONTENT-1580-1580-141084-0015,5105,1580,,8.33,5,0.0,0.0,0.0,0.07437997014409585,0.05573195107576012,35.284547593189494,0,0.0,0.0,-1.0,HUBERT_BASE,6
3575-170457-0053_8230-279154-0021__T1__SCV3FIX__VOICE-3575_CONTENT-8230-8230-279154-0021,3575,8230,,-28.1,12,1.0,1.0,1.0,-0.0632106732675388,-0.155034128736536,-36.09502442219293,1,6.0,6.0,0.0,HUBERT_BASE,6
61-70970-0010_7021-85628-0022__T2__SCV3FIX__VOICE-7021_CONTENT-61-61-70970-0010,7021,61,,6.46,5,0.4,0.0,0.0,0.006165740123640018,-0.09095972790806084,13.55033842867769,0,0.0,0.0,-1.0,HUBERT_BASE,6
6829-68769-0040_6930-75918-0002__T2__SCV3FIX__VOICE-6930_CONTENT-6829-6829-68769-0040,6930,6829,,12.97,8,0.0,0.0,0.0,0.08258920230518266,0.01966613608999712,35.5423315523254,0,0.0,0.0,-1.0,HUBERT_BASE,6
6829-68769-0027_1221-135766-0009__T2__SCV3FIX__VOICE-1221_CONTENT-6829-6829-68769-0027,1221,6829,,-19.6,5,1.0,1.0,1.0,-0.03339669626456778,-0.057206271934792996,-23.55286463662545,1,2.5,2.5,0.0,HUBERT_BASE,6
4992-41797-0021_5142-33396-0064__T2__SCV3FIX__VOICE-5142_CONTENT-4992-4992-41797-0021,5142,4992,,3.54,5,0.6,0.4,0.2,0.002127948397902224,-0.03206121299741671,6.751340969383563,1,1.0,1.0,1.5,HUBERT_BASE,6
7127-75947-0007_5683-32866-0022__T2__SCV3FIX__VOICE-5683_CONTENT-7127-7127-75947-0007,5683,7127,,-15.94,5,0.4,1.0,0.4,-0.0295518518683626,-0.14653867041985857,-22.289998494061393,0,0.0,0.0,-1.0,HUBERT_BASE,6
1284-1180-0014_6829-68769-0006__T2__SCV3FIX__VOICE-6829_CONTENT-1284-1284-1180-0014,6829,1284,,5.08,6,0.16666666666666666,0.0,0.0,0.02788672866972114,-0.016237854632823456,19.79322862671494,0,0.0,0.0,-1.0,HUBERT_BASE,6
1188-133604-0025_121-121726-0010__T2__SCV3FIX__VOICE-121_CONTENT-1188-1188-133604-0025,121,1188,,-25.77,12,1.0,1.0,1.0,-0.13820152895198204,-0.310414367666377,-42.239161125422704,1,6.0,6.0,0.0,HUBERT_BASE,6
5142-36586-0003_260-123288-0002__T2__SCV3FIX__VOICE-260_CONTENT-5142-5142-36586-0003,260,5142,,-19.09,9,0.8888888888888888,1.0,0.8888888888888888,-0.08681485462804533,-0.2045818648299923,-28.96897931870038,1,4.0,4.0,0.0,HUBERT_BASE,6
1221-135766-0002_121-127105-0005__T2__SCV3FIX__VOICE-121_CONTENT-1221-1221-135766-0002,121,1221,,10.3,8,0.125,0.0,0.0,0.09036108340582892,-0.044194752279812066,30.40536439553999,0,0.0,0.0,-1.0,HUBERT_BASE,6
3575-170457-0003_7021-85628-0019__T2__SCV3FIX__VOICE-7021_CONTENT-3575-3575-170457-0003,7021,3575,,15.81,5,0.0,0.0,0.0,0.06821436705939436,0.03981631638618233,39.262602696445995,0,0.0,0.0,-1.0,HUBERT_BASE,6
1284-1180-0002_61-70970-0009__T1__SCV3FIX__VOICE-1284_CONTENT-61-61-70970-0009,1284,61,,5.1,5,0.0,0.0,0.0,0.0403218738420952,0.003809630794626484,22.82401497585409,0,0.0,0.0,-1.0,HUBERT_BASE,6
5142-33396-0032_1221-135767-0020__T1__SCV3FIX__VOICE-5142_CONTENT-1221-1221-135767-0020,5142,1221,,-2.43,5,0.0,0.8,0.0,0.043589614805583585,0.022214243921863663,-7.472008443966128,0,0.0,0.0,-1.0,HUBERT_BASE,6
7021-85628-0005_1089-134691-0001__T1__SCV3FIX__VOICE-7021_CONTENT-1089-1089-134691-0001,7021,1089,,-12.09,9,0.8888888888888888,1.0,0.8888888888888888,-0.11977015892165745,-0.1992768118584437,-28.670721771074373,2,2.5,2.0,0.0,HUBERT_BASE,6
61-70970-0013_4507-16021-0035__T2__SCV3FIX__VOICE-4507_CONTENT-61-61-70970-0013,4507,61,,11.51,7,0.0,0.0,0.0,0.12314744878141178,0.056587407591634276,34.058201170495394,0,0.0,0.0,-1.0,HUBERT_BASE,6
7127-75946-0009_1580-141083-0010__T1__SCV3FIX__VOICE-7127_CONTENT-1580-1580-141083-0010,7127,1580,,10.54,8,0.0,0.0,0.0,0.09265510749220786,0.0394623295200448,32.74878431239391,0,0.0,0.0,-1.0,HUBERT_BASE,6
1320-122612-0005_908-157963-0028__T2__SCV3FIX__VOICE-908_CONTENT-1320-1320-122612-0005,908,1320,,4.14,8,0.0,0.0,0.0,0.09613788909810127,0.015193582182852161,24.752784488607055,0,0.0,0.0,-1.0,HUBERT_BASE,6
2300-131720-0037_4077-13751-0002__T1__SCV3FIX__VOICE-2300_CONTENT-4077-4077-13751-0002,2300,4077,,11.97,14,0.07142857142857142,0.0,0.0,0.08435428785667251,-0.03436769046637733,28.212285732798954,0,0.0,0.0,-1.0,HUBERT_BASE,6
5639-40744-0004_260-123286-0026__T1__SCV3FIX__VOICE-5639_CONTENT-260-260-123286-0026,5639,260,,-12.27,12,1.0,1.0,1.0,-0.06885455873017376,-0.16444924727843213,-20.91446032042023,1,6.0,6.0,0.0,HUBERT_BASE,6
7127-75946-0010_908-31957-0021__T1__SCV3FIX__VOICE-7127_CONTENT-908-908-31957-0021,7127,908,,-13.72,6,0.6666666666666666,0.6666666666666666,0.5,-0.02043356345119912,-0.12231218368351326,-11.39204650921945,1,1.5,1.5,1.5,HUBERT_BASE,6
8463-294825-0001_908-31957-0003__T1__SCV3FIX__VOICE-8463_CONTENT-908-908-31957-0003,8463,908,,-25.52,12,1.0,1.0,1.0,-0.07918235106335217,-0.13435436294353154,-37.015719535157835,1,6.0,6.0,0.0,HUBERT_BASE,6
6829-68771-0025_4992-41806-0004__T2__SCV3FIX__VOICE-4992_CONTENT-6829-6829-68771-0025,4992,6829,,11.27,6,0.16666666666666666,0.0,0.0,0.05955638992457424,-0.005132727100014445,39.7960830238461,0,0.0,0.0,-1.0,HUBERT_BASE,6
5105-28241-0005_672-122797-0051__T2__SCV3FIX__VOICE-672_CONTENT-5105-5105-28241-0005,672,5105,,-10.4,8,0.875,0.875,0.875,-0.09149370749642755,-0.18093420870047594,-8.612502854364818,1,3.5,3.5,0.0,HUBERT_BASE,6
6829-68769-0006_5683-32879-0020__T2__SCV3FIX__VOICE-5683_CONTENT-6829-6829-68769-0006,5683,6829,,17.37,11,0.09090909090909091,0.0,0.0,0.07717492710539968,-0.020750046598165484,41.32685868805984,0,0.0,0.0,-1.0,HUBERT_BASE,6
3575-170457-0023_4970-29095-0029__T2__SCV3FIX__VOICE-4970_CONTENT-3575-3575-170457-0023,4970,3575,,-14.12,6,0.8333333333333334,1.0,0.8333333333333334,-0.03526547799180085,-0.05531944150401136,-15.813794824478519,2,1.5,1.25,0.0,HUBERT_BASE,6
4446-2271-0014_3570-5694-0003__T2__SCV3FIX__VOICE-3570_CONTENT-4446-4446-2271-0014,3570,4446,,-23.0,9,1.0,1.0,1.0,-0.06589875819188674,-0.11768831140125346,-29.901033113930357,1,4.5,4.5,0.0,HUBERT_BASE,6
4446-2273-0028_5142-33396-0025__T2__SCV3FIX__VOICE-5142_CONTENT-4446-4446-2273-0028,5142,4446,,-11.08,5,0.6,0.8,0.6,-0.014284027240981101,-0.04104459203646904,-9.441946208023,1,1.5,1.5,0.0,HUBERT_BASE,6
1089-134691-0001_1320-122617-0013__T1__SCV3FIX__VOICE-1089_CONTENT-1320-1320-122617-0013,1089,1320,,12.0,9,0.1111111111111111,0.0,0.0,0.10149341782984661,-0.03517914563169933,26.002462670212388,0,0.0,0.0,-1.0,HUBERT_BASE,6
4446-2273-0033_5683-32866-0020__T1__SCV3FIX__VOICE-4446_CONTENT-5683-5683-32866-0020,4446,5683,,-13.94,5,1.0,1.0,1.0,-0.04278094705480708,-0.06294131036002659,-25.41167961855856,1,2.5,2.5,0.0,HUBERT_BASE,6
1320-122612-0007_8463-287645-0013__T2__SCV3FIX__VOICE-8463_CONTENT-1320-1320-122612-0007,8463,1320,,-23.49,10,0.9,1.0,0.9,-0.09458189411009464,-0.20715744123738644,-39.26697074179637,2,3.5,2.25,0.0,HUBERT_BASE,6
8455-210777-0010_1995-1826-0024__T1__SCV3FIX__VOICE-8455_CONTENT-1995-1995-1826-0024,8455,1995,,11.11,5,0.0,0.0,0.0,0.13297199604841176,0.03855151782988264,28.57163345499999,0,0.0,0.0,-1.0,HUBERT_BASE,6
5683-32879-0018_260-123288-0022__T2__SCV3FIX__VOICE-260_CONTENT-5683-5683-32879-0018,260,5683,,14.25,6,0.0,0.0,0.0,0.0969211268286283,0.06101821168417931,37.87169319296719,0,0.0,0.0,-1.0,HUBERT_BASE,6
908-31957-0024_5683-32865-0017__T1__SCV3FIX__VOICE-908_CONTENT-5683-5683-32865-0017,908,5683,,9.82,9,0.0,0.0,0.0,0.08069314484457807,0.034249426290823615,39.2324377660517,0,0.0,0.0,-1.0,HUBERT_BASE,6
2300-131720-0023_5142-33396-0042__T1__SCV3FIX__VOICE-2300_CONTENT-5142-5142-33396-0042,2300,5142,,17.7,11,0.0,0.0,0.0,0.08262811015313405,0.0367817269569104,38.76565089692363,0,0.0,0.0,-1.0,HUBERT_BASE,6
1580-141084-0021_8555-284447-0007__T1__SCV3FIX__VOICE-1580_CONTENT-8555-8555-284447-0007,1580,8555,,-19.86,7,1.0,1.0,1.0,-0.06294768476362954,-0.10087776983932517,-40.33029685211635,1,3.5,3.5,0.0,HUBERT_BASE,6
61-70968-0045_6930-76324-0012__T1__SCV3FIX__VOICE-61_CONTENT-6930-6930-76324-0012,61,6930,,1.72,5,0.2,0.2,0.2,0.06382617798353171,-0.0211337954166686,7.876356606975625,0,0.0,0.0,-1.0,HUBERT_BASE,6
121-127105-0001_260-123440-0019__T1__SCV3FIX__VOICE-121_CONTENT-260-260-123440-0019,121,260,,-22.86,9,1.0,1.0,1.0,-0.07944225632061837,-0.11018007773337968,-30.632315381221638,1,4.5,4.5,0.0,HUBERT_BASE,6
4446-2273-0016_8230-279154-0000__T1__SCV3FIX__VOICE-4446_CONTENT-8230-8230-279154-0000,4446,8230,,-16.57,16,1.0,1.0,1.0,-0.09946700602993688,-0.18239457025604644,-42.10500060951442,1,8.0,8.0,0.0,HUBERT_BASE,6
8230-279154-0007_8555-292519-0007__T1__SCV3FIX__VOICE-8230_CONTENT-8555-8555-292519-0007,8230,8555,,13.31,15,0.0,0.0,0.0,0.11745675180769802,0.03053575875101433,41.75037816917965,0,0.0,0.0,-1.0,HUBERT_BASE,6
908-157963-0017_7729-102255-0041__T2__SCV3FIX__VOICE-7729_CONTENT-908-908-157963-0017,7729,908,,1.44,8,0.5,1.0,0.5,-0.03209225904437639,-0.15154776847681206,-7.396031631048046,1,1.0,1.0,3.0,HUBERT_BASE,6
5142-33396-0044_8455-210777-0070__T1__SCV3FIX__VOICE-5142_CONTENT-8455-8455-210777-0070,5142,8455,,-29.02,8,1.0,1.0,1.0,-0.10394521801463016,-0.18911942611080934,-40.60363313038473,1,4.0,4.0,0.0,HUBERT_BASE,6
3729-6852-0013_237-134500-0002__T1__SCV3FIX__VOICE-3729_CONTENT-237-237-134500-0002,3729,237,,-7.55,5,0.8,1.0,0.8,-0.05774049643207222,-0.09037369308922416,-19.91876282702154,2,1.0,1.0,0.0,HUBERT_BASE,6
4970-29095-0036_1089-134686-0001__T2__SCV3FIX__VOICE-1089_CONTENT-4970-4970-29095-0036,1089,4970,,12.13,5,0.0,0.0,0.0,0.09876919397528734,0.07672893705977746,48.324063338408436,0,0.0,0.0,-1.0,HUBERT_BASE,6
5142-36377-0004_1580-141083-0004__T2__SCV3FIX__VOICE-1580_CONTENT-5142-5142-36377-0004,1580,5142,,-11.05,8,1.0,1.0,1.0,-0.04385636720190762,-0.06909352402782809,-21.684805266922048,1,4.0,4.0,0.0,HUBERT_BASE,6
4446-2273-0001_1580-141083-0029__T2__SCV3FIX__VOICE-1580_CONTENT-4446-4446-2273-0001,1580,4446,,2.88,8,0.375,0.0,0.0,0.027113405598465243,-0.013999109810997168,11.702711353846983,1,1.0,1.0,0.5,HUBERT_BASE,6
4992-41806-0013_4970-29095-0027__T2__SCV3FIX__VOICE-4970_CONTENT-4992-4992-41806-0013,4970,4992,,-21.68,11,1.0,1.0,1.0,-0.09360927643911271,-0.23810988188407323,-38.84051273680558,1,5.5,5.5,0.0,HUBERT_BASE,6
8463-294825-0004_4446-2271-0016__T1__SCV3FIX__VOICE-8463_CONTENT-4446-4446-2271-0016,8463,4446,,14.55,6,0.0,0.0,0.0,0.09119535875264141,0.029186784637364238,35.91335054184449,0,0.0,0.0,-1.0,HUBERT_BASE,6
8555-284447-0000_1284-1180-0012__T1__SCV3FIX__VOICE-8555_CONTENT-1284-1284-1180-0012,8555,1284,,2.68,7,0.2857142857142857,0.42857142857142855,0.14285714285714285,0.0037624503412864957,-0.09622895525162933,10.964221333311173,0,0.0,0.0,-1.0,HUBERT_BASE,6
672-122797-0029_6829-68769-0026__T2__SCV3FIX__VOICE-6829_CONTENT-672-672-122797-0029,6829,672,,-19.68,5,1.0,1.0,1.0,-0.11247398096072048,-0.2043588838450564,-33.76167208551366,1,2.5,2.5,0.0,HUBERT_BASE,6
8230-279154-0018_1284-1181-0008__T2__SCV3FIX__VOICE-1284_CONTENT-8230-8230-279154-0018,1284,8230,,-30.43,11,1.0,1.0,1.0,-0.09446215684651094,-0.15300728523688234,-36.72188378564988,1,5.5,5.5,0.0,HUBERT_BASE,6
1580-141084-0018_5142-33396-0068__T2__SCV3FIX__VOICE-5142_CONTENT-1580-1580-141084-0018,5142,1580,,-24.0,5,1.0,1.0,1.0,-0.08727456220063404,-0.19815737793843724,-23.15065289698623,1,2.5,2.5,0.0,HUBERT_BASE,6
3570-5695-0011_8455-210777-0058__T1__SCV3FIX__VOICE-3570_CONTENT-8455-8455-210777-0058,3570,8455,,-26.29,13,1.0,1.0,1.0,-0.1212934940885717,-0.18688422067714106,-40.212812737300155,1,6.5,6.5,0.0,HUBERT_BASE,6
1089-134686-0035_2300-131720-0025__T2__SCV3FIX__VOICE-2300_CONTENT-1089-1089-134686-0035,2300,1089,,6.04,5,0.0,0.0,0.0,0.08749843672324238,0.021151005798751177,14.387972701472625,0,0.0,0.0,-1.0,HUBERT_BASE,6
672-122797-0040_1089-134686-0036__T1__SCV3FIX__VOICE-672_CONTENT-1089-1089-134686-0036,672,1089,,13.97,5,0.2,0.0,0.0,0.04293960382214943,-0.03667223598760816,30.566279664898616,0,0.0,0.0,-1.0,HUBERT_BASE,6
1320-122617-0033_4507-16021-0018__T2__SCV3FIX__VOICE-4507_CONTENT-1320-1320-122617-0033,4507,1320,,-19.81,5,1.0,1.0,1.0,-0.0941685333660052,-0.16145753471649593,-33.592336828925994,1,2.5,2.5,0.0,HUBERT_BASE,6
2830-3980-0037_4970-29095-0020__T2__SCV3FIX__VOICE-4970_CONTENT-2830-2830-3980-0037,4970,2830,,-23.28,11,1.0,1.0,1.0,-0.10115189020540755,-0.23982041088125006,-37.329325775846364,1,5.5,5.5,0.0,HUBERT_BASE,6
1284-1180-0021_8455-210777-0062__T2__SCV3FIX__VOICE-8455_CONTENT-1284-1284-1180-0021,8455,1284,,13.36,5,0.0,0.0,0.0,0.07796662382955286,0.05162531873734966,33.471286791104184,0,0.0,0.0,-1.0,HUBERT_BASE,6
5683-32879-0014_8463-294828-0033__T2__SCV3FIX__VOICE-8463_CONTENT-5683-5683-32879-0014,8463,5683,,5.78,11,0.09090909090909091,0.18181818181818182,0.09090909090909091,0.06247923403957265,-0.001972615444235104,20.14435392777896,0,0.0,0.0,-1.0,HUBERT_BASE,6
7127-75946-0016_1320-122617-0026__T2__SCV3FIX__VOICE-1320_CONTENT-7127-7127-75946-0016,1320,7127,,10.24,9,0.0,0.0,0.0,0.13547527484536,0.056781294210472844,36.34718537730133,0,0.0,0.0,-1.0,HUBERT_BASE,6
3570-5694-0007_5142-36377-0003__T2__SCV3FIX__VOICE-5142_CONTENT-3570-3570-5694-0007,5142,3570,,12.87,6,0.0,0.0,0.0,0.0590218726020015,0.037542819225950264,30.23112790191468,0,0.0,0.0,-1.0,HUBERT_BASE,6
1089-134691-0014_2830-3980-0041__T2__SCV3FIX__VOICE-2830_CONTENT-1089-1089-134691-0014,2830,1089,,5.6,8,0.125,0.0,0.0,0.09354683379262324,-0.009347446006081506,23.09104573881134,0,0.0,0.0,-1.0,HUBERT_BASE,6
3575-170457-0007_1580-141084-0049__T2__SCV3FIX__VOICE-1580_CONTENT-3575-3575-170457-0007,1580,3575,,-20.13,14,0.7142857142857143,1.0,0.7142857142857143,-0.023513440154819716,-0.09309762530098087,-26.380121944581976,1,4.5,4.5,1.0,HUBERT_BASE,6
3575-170457-0013_908-31957-0014__T1__SCV3FIX__VOICE-3575_CONTENT-908-908-31957-0014,3575,908,,-23.52,14,1.0,1.0,1.0,-0.0984278163065705,-0.16085278666178948,-35.64500092853233,1,7.0,7.0,0.0,HUBERT_BASE,6
3729-6852-0023_8224-274381-0015__T2__SCV3FIX__VOICE-8224_CONTENT-3729-3729-6852-0023,8224,3729,,12.98,15,0.0,0.0,0.0,0.05551999128267062,0.00212699740158373,41.44871817442539,0,0.0,0.0,-1.0,HUBERT_BASE,6
1284-1180-0014_1320-122612-0003__T2__SCV3FIX__VOICE-1320_CONTENT-1284-1284-1180-0014,1320,1284,,12.53,6,0.0,0.0,0.0,0.15167334791594858,0.0503842213570167,41.89481903836978,0,0.0,0.0,-1.0,HUBERT_BASE,6
237-134500-0018_1580-141083-0007__T2__SCV3FIX__VOICE-1580_CONTENT-237-237-134500-0018,1580,237,,-24.29,8,1.0,1.0,1.0,-0.07302574987650474,-0.12466674793772592,-34.256380524195514,1,4.0,4.0,0.0,HUBERT_BASE,6
1580-141083-0025_4446-2275-0035__T2__SCV3FIX__VOICE-4446_CONTENT-1580-1580-141083-0025,4446,1580,,7.18,6,0.0,0.0,0.0,0.09839180708906259,0.05034839817115766,36.83196730437996,0,0.0,0.0,-1.0,HUBERT_BASE,6
121-127105-0002_4446-2273-0036__T1__SCV3FIX__VOICE-121_CONTENT-4446-4446-2273-0036,121,4446,,-9.49,5,0.2,1.0,0.2,0.01955631919346925,-0.021640117941301384,-8.227108458715929,0,0.0,0.0,-1.0,HUBERT_BASE,6
61-70968-0014_8224-274384-0003__T2__SCV3FIX__VOICE-8224_CONTENT-61-61-70968-0014,8224,61,,0.09,6,0.6666666666666666,0.3333333333333333,0.3333333333333333,-0.030223674587520566,-0.06960373977690104,5.078423495757613,1,1.5,1.5,0.0,HUBERT_BASE,6
4992-41806-0006_7729-102255-0040__T1__SCV3FIX__VOICE-4992_CONTENT-7729-7729-102255-0040,4992,7729,,-14.48,18,0.9444444444444444,1.0,0.9444444444444444,-0.09328764779411917,-0.2597837992209806,-31.84167427390688,1,8.5,8.5,0.5,HUBERT_BASE,6
5142-33396-0036_4446-2273-0032__T1__SCV3FIX__VOICE-5142_CONTENT-4446-4446-2273-0032,5142,4446,,-24.67,7,1.0,1.0,1.0,-0.07678920992418779,-0.11213911023804368,-29.54642474930328,1,3.5,3.5,0.0,HUBERT_BASE,6
61-70970-0039_5105-28240-0000__T1__SCV3FIX__VOICE-61_CONTENT-5105-5105-28240-0000,61,5105,,10.91,9,0.0,0.0,0.0,0.08983494630610242,0.03240507623135036,35.789194521141866,0,0.0,0.0,-1.0,HUBERT_BASE,6
7729-102255-0019_1188-133604-0017__T1__SCV3FIX__VOICE-7729_CONTENT-1188-1188-133604-0017,7729,1188,,-11.06,8,0.875,0.875,0.875,-0.0832704527568025,-0.20790010274888893,-17.778597938375007,1,3.5,3.5,0.0,HUBERT_BASE,6
4992-41797-0017_1995-1836-0006__T1__SCV3FIX__VOICE-4992_CONTENT-1995-1995-1836-0006,4992,1995,,3.15,14,0.0,0.21428571428571427,0.0,0.08750760855049913,0.019511401263061723,20.419592274469142,0,0.0,0.0,-1.0,HUBERT_BASE,6
7127-75947-0019_1284-1180-0015__T2__SCV3FIX__VOICE-1284_CONTENT-7127-7127-75947-0019,1284,7127,,-23.33,5,1.0,1.0,1.0,-0.09286935593303154,-0.14417189930652607,-36.75940839983632,1,2.5,2.5,0.0,HUBERT_BASE,6
5683-32879-0011_8230-279154-0033__T1__SCV3FIX__VOICE-5683_CONTENT-8230-8230-279154-0033,5683,8230,,-14.99,17,1.0,1.0,1.0,-0.12140568614761141,-0.19772242941846385,-37.92522428417758,1,8.5,8.5,0.0,HUBERT_BASE,6
4446-2271-0013_1284-1180-0024__T2__SCV3FIX__VOICE-1284_CONTENT-4446-4446-2271-0013,1284,4446,,-18.85,7,1.0,1.0,1.0,-0.10255127630565056,-0.22548015071707905,-31.099257850776546,1,3.5,3.5,0.0,HUBERT_BASE,6
6829-68769-0025_4992-23283-0018__T1__SCV3FIX__VOICE-6829_CONTENT-4992-4992-23283-0018,6829,4992,,1.87,10,0.3,0.3,0.2,0.03839502222237533,-0.060121831954521476,3.166237845763937,1,1.0,1.0,0.5,HUBERT_BASE,6
8463-294828-0009_3570-5694-0015__T2__SCV3FIX__VOICE-3570_CONTENT-8463-8463-294828-0009,3570,8463,,13.78,7,0.0,0.0,0.0,0.0581878517123008,0.006807208330815384,36.964966171183896,0,0.0,0.0,-1.0,HUBERT_BASE,6
7021-79740-0006_2830-3980-0019__T2__SCV3FIX__VOICE-2830_CONTENT-7021-7021-79740-0006,2830,7021,,5.35,10,0.1,0.0,0.0,0.0914950946307292,-0.00630361317298922,15.132554424147378,0,0.0,0.0,-1.0,HUBERT_BASE,6
8455-210777-0006_1995-1826-0022__T1__SCV3FIX__VOICE-8455_CONTENT-1995-1995-1826-0022,8455,1995,,11.64,8,0.0,0.0,0.0,0.13352826423164915,0.07586270663724248,32.690584807226514,0,0.0,0.0,-1.0,HUBERT_BASE,6
4507-16021-0053_61-70968-0022__T2__SCV3FIX__VOICE-61_CONTENT-4507-4507-16021-0053,61,4507,,13.88,8,0.0,0.0,0.0,0.16874517563294475,0.0463079299808945,34.59742770894294,0,0.0,0.0,-1.0,HUBERT_BASE,6
8463-294828-0032_260-123288-0018__T1__SCV3FIX__VOICE-8463_CONTENT-260-260-123288-0018,8463,260,,-15.59,5,0.4,1.0,0.4,0.02148971841406293,-0.014479450632966406,-15.996217773866096,1,1.0,1.0,0.0,HUBERT_BASE,6
672-122797-0073_7127-75946-0006__T1__SCV3FIX__VOICE-672_CONTENT-7127-7127-75946-0006,672,7127,,4.65,13,0.3076923076923077,0.0,0.0,0.04286719979718738,-0.05834746244083877,19.948317253676013,1,1.5,1.5,0.5,HUBERT_BASE,6
61-70970-0016_672-122797-0012__T2__SCV3FIX__VOICE-672_CONTENT-61-61-70970-0016,672,61,,-11.25,7,1.0,1.0,1.0,-0.11626437740354857,-0.2331121502244713,-21.716933131961294,1,3.5,3.5,0.0,HUBERT_BASE,6
1580-141083-0026_5683-32879-0023__T1__SCV3FIX__VOICE-1580_CONTENT-5683-5683-32879-0023,1580,5683,,-14.15,8,1.0,0.875,0.875,-0.0649186469217546,-0.10514147511397098,-25.318175232067652,1,4.0,4.0,0.0,HUBERT_BASE,6
1320-122612-0015_6829-68771-0018__T1__SCV3FIX__VOICE-1320_CONTENT-6829-6829-68771-0018,1320,6829,,14.25,11,0.0,0.0,0.0,0.10176539704172641,0.05125617163599594,38.27377093984532,0,0.0,0.0,-1.0,HUBERT_BASE,6
2300-131720-0007_8224-274384-0007__T1__SCV3FIX__VOICE-2300_CONTENT-8224-8224-274384-0007,2300,8224,,6.58,11,0.18181818181818182,0.0,0.0,0.1068171018252897,-0.023037373558875363,26.143611317020124,0,0.0,0.0,-1.0,HUBERT_BASE,6
8224-274384-0008_1188-133604-0031__T1__SCV3FIX__VOICE-8224_CONTENT-1188-1188-133604-0031,8224,1188,,-24.97,7,1.0,1.0,1.0,-0.07912679563812011,-0.11588265234844397,-28.61300065057259,1,3.5,3.5,0.0,HUBERT_BASE,6
4507-16021-0057_7021-85628-0018__T1__SCV3FIX__VOICE-4507_CONTENT-7021-7021-85628-0018,4507,7021,,13.79,8,0.0,0.0,0.0,0.0968485252668687,0.049138133058573175,36.36482844177011,0,0.0,0.0,-1.0,HUBERT_BASE,6
7127-75946-0024_3575-170457-0038__T1__SCV3FIX__VOICE-7127_CONTENT-3575-3575-170457-0038,7127,3575,,16.26,9,0.0,0.0,0.0,0.10007705461062943,0.04161941921918633,40.89414359515998,0,0.0,0.0,-1.0,HUBERT_BASE,6
908-31957-0008_121-121726-0012__T1__SCV3FIX__VOICE-908_CONTENT-121-121-121726-0012,908,121,,10.73,7,0.0,0.0,0.0,0.13789124784944776,0.08365996346059157,41.562937963290985,0,0.0,0.0,-1.0,HUBERT_BASE,6
1284-134647-0001_2961-960-0015__T2__SCV3FIX__VOICE-2961_CONTENT-1284-1284-134647-0001,2961,1284,,14.87,14,0.0,0.0,0.0,0.09783216362295728,0.0284423839389506,31.593649177658232,0,0.0,0.0,-1.0,HUBERT_BASE,6
6930-75918-0007_61-70968-0054__T2__SCV3FIX__VOICE-61_CONTENT-6930-6930-75918-0007,61,6930,,5.47,5,0.0,0.0,0.0,0.13441235065563362,0.09275937447753513,31.12955233422298,0,0.0,0.0,-1.0,HUBERT_BASE,6
2300-131720-0029_1580-141083-0010__T2__SCV3FIX__VOICE-1580_CONTENT-2300-2300-131720-0029,1580,2300,,-18.19,9,1.0,1.0,1.0,-0.12584125133547483,-0.19124802152730824,-42.2060098742028,1,4.5,4.5,0.0,HUBERT_BASE,6
2094-142345-0027_4446-2273-0028__T2__SCV3FIX__VOICE-4446_CONTENT-2094-2094-142345-0027,4446,2094,,-9.25,9,0.7777777777777778,1.0,0.7777777777777778,-0.06187923601715109,-0.15205207168062973,-26.743246862331414,1,3.5,3.5,0.0,HUBERT_BASE,6
3729-6852-0007_8555-284447-0021__T2__SCV3FIX__VOICE-8555_CONTENT-3729-3729-6852-0007,8555,3729,,4.52,23,0.391304347826087,0.0,0.0,0.030993133482880016,-0.06941807544977874,23.11191602866408,3,1.5,1.1666666666666667,1.5,HUBERT_BASE,6
6829-68769-0024_672-122797-0013__T1__SCV3FIX__VOICE-6829_CONTENT-672-672-122797-0013,6829,672,,-31.87,8,0.75,1.0,0.75,-0.033839048377458575,-0.10947727938088891,-30.77692478488259,1,3.0,3.0,0.0,HUBERT_BASE,6
1320-122617-0036_237-134493-0012__T1__SCV3FIX__VOICE-1320_CONTENT-237-237-134493-0012,1320,237,,11.48,6,0.0,0.0,0.0,0.1639277923908705,0.08408666707106471,40.45414777731576,0,0.0,0.0,-1.0,HUBERT_BASE,6
7176-88083-0023_2300-131720-0040__T1__SCV3FIX__VOICE-7176_CONTENT-2300-2300-131720-0040,7176,2300,,-8.0,9,0.5555555555555556,0.7777777777777778,0.5555555555555556,-0.010185826047189614,-0.23042191207519513,-9.987320393561944,1,2.0,2.0,0.5,HUBERT_BASE,6
4507-16021-0051_8455-210777-0005__T2__SCV3FIX__VOICE-8455_CONTENT-4507-4507-16021-0051,8455,4507,,9.64,10,0.0,0.0,0.0,0.111904241845457,0.05214595074085182,38.44058068430737,0,0.0,0.0,-1.0,HUBERT_BASE,6
3570-5695-0006_3575-170457-0053__T1__SCV3FIX__VOICE-3570_CONTENT-3575-3575-170457-0053,3570,3575,,5.74,13,0.46153846153846156,0.15384615384615385,0.07692307692307693,0.01846571808996301,-0.051009236746081155,17.98690364075715,1,1.5,1.5,0.0,HUBERT_BASE,6
6930-81414-0003_5683-32879-0016__T1__SCV3FIX__VOICE-6930_CONTENT-5683-5683-32879-0016,6930,5683,,16.52,5,0.0,0.0,0.0,0.04657076699482236,0.025529150451774174,24.304067819065583,0,0.0,0.0,-1.0,HUBERT_BASE,6
1089-134691-0023_1580-141083-0000__T2__SCV3FIX__VOICE-1580_CONTENT-1089-1089-134691-0023,1580,1089,,-12.55,14,1.0,1.0,1.0,-0.07782403156863882,-0.1557596387562381,-32.98696886540366,1,7.0,7.0,0.0,HUBERT_BASE,6
5142-33396-0015_2961-961-0021__T1__SCV3FIX__VOICE-5142_CONTENT-2961-2961-961-0021,5142,2961,,-23.71,7,1.0,1.0,1.0,-0.08794732721579866,-0.13473057477426054,-35.00315523252287,1,3.5,3.5,0.0,HUBERT_BASE,6
4446-2273-0000_7127-75947-0025__T2__SCV3FIX__VOICE-7127_CONTENT-4446-4446-2273-0000,7127,4446,,13.08,10,0.0,0.0,0.0,0.10735291888987541,0.04593503383319142,39.963895702198116,0,0.0,0.0,-1.0,HUBERT_BASE,6
1089-134686-0006_4446-2271-0018__T1__SCV3FIX__VOICE-1089_CONTENT-4446-4446-2271-0018,1089,4446,,14.46,10,0.0,0.0,0.0,0.13568596314563983,0.028920173066615984,42.19680942808672,0,0.0,0.0,-1.0,HUBERT_BASE,6
908-31957-0017_5683-32866-0013__T1__SCV3FIX__VOICE-908_CONTENT-5683-5683-32866-0013,908,5683,,11.24,14,0.0,0.0,0.0,0.10056950739949193,0.05958671519285841,41.405546677126914,0,0.0,0.0,-1.0,HUBERT_BASE,6
7021-85628-0013_5683-32866-0007__T1__SCV3FIX__VOICE-7021_CONTENT-5683-5683-32866-0007,7021,5683,,15.99,7,0.0,0.0,0.0,0.07030442002734684,0.03710842279534954,48.67134428692178,0,0.0,0.0,-1.0,HUBERT_BASE,6
5639-40744-0002_1995-1837-0003__T1__SCV3FIX__VOICE-5639_CONTENT-1995-1995-1837-0003,5639,1995,,16.6,13,0.07692307692307693,0.0,0.0,0.0668916202270507,-0.01695000513368561,37.80089328509182,0,0.0,0.0,-1.0,HUBERT_BASE,6
1995-1836-0012_4446-2275-0034__T2__SCV3FIX__VOICE-4446_CONTENT-1995-1995-1836-0012,4446,1995,,-23.78,5,0.4,1.0,0.4,-0.02160277320912891,-0.1053527039290787,-44.57102086203461,1,1.0,1.0,0.5,HUBERT_BASE,6
7729-102255-0038_1284-1180-0000__T2__SCV3FIX__VOICE-1284_CONTENT-7729-7729-102255-0038,1284,7729,,9.9,14,0.0,0.0,0.0,0.13272827646419952,0.06296706073711877,32.46030815117437,0,0.0,0.0,-1.0,HUBERT_BASE,6
4970-29093-0014_4992-41797-0019__T2__SCV3FIX__VOICE-4992_CONTENT-4970-4970-29093-0014,4992,4970,,4.17,7,0.14285714285714285,0.0,0.0,0.0476609612036165,-0.004896521470367898,16.27092526282882,0,0.0,0.0,-1.0,HUBERT_BASE,6
1284-1180-0031_5142-33396-0048__T2__SCV3FIX__VOICE-5142_CONTENT-1284-1284-1180-0031,5142,1284,,13.12,6,0.16666666666666666,0.0,0.0,0.046753073858204874,-0.007767193441632125,31.011635810722037,0,0.0,0.0,-1.0,HUBERT_BASE,6
2300-131720-0024_7176-92135-0003__T1__SCV3FIX__VOICE-2300_CONTENT-7176-7176-92135-0003,2300,7176,,-7.45,6,1.0,1.0,1.0,-0.057863166525531286,-0.14812147321097147,-9.474248392802297,1,3.0,3.0,0.0,HUBERT_BASE,6
61-70970-0022_1580-141083-0053__T1__SCV3FIX__VOICE-61_CONTENT-1580-1580-141083-0053,61,1580,,9.93,5,0.0,0.0,0.0,0.15453848031998518,0.10140568005310868,40.9258331546636,0,0.0,0.0,-1.0,HUBERT_BASE,6
5142-33396-0033_8455-210777-0011__T2__SCV3FIX__VOICE-8455_CONTENT-5142-5142-33396-0033,8455,5142,,16.73,9,0.0,0.0,0.0,0.11673809855811378,0.06513970163407667,47.16459298459007,0,0.0,0.0,-1.0,HUBERT_BASE,6
1995-1826-0007_4446-2275-0043__T2__SCV3FIX__VOICE-4446_CONTENT-1995-1995-1826-0007,4446,1995,,-25.34,10,1.0,1.0,1.0,-0.07076440760050903,-0.1361338831748956,-31.931284095855396,1,5.0,5.0,0.0,HUBERT_BASE,6
7127-75947-0011_6930-75918-0004__T2__SCV3FIX__VOICE-6930_CONTENT-7127-7127-75947-0011,6930,7127,,-19.87,6,1.0,1.0,1.0,-0.07919861928739236,-0.09656424028936439,-27.41201853042824,1,3.0,3.0,0.0,HUBERT_BASE,6
260-123288-0002_2094-142345-0045__T1__SCV3FIX__VOICE-260_CONTENT-2094-2094-142345-0045,260,2094,,11.5,5,0.0,0.0,0.0,0.1291221183148355,0.04379999550003766,41.5552151290395,0,0.0,0.0,-1.0,HUBERT_BASE,6
4507-16021-0050_2961-961-0003__T1__SCV3FIX__VOICE-4507_CONTENT-2961-2961-961-0003,4507,2961,,-27.85,5,1.0,1.0,1.0,-0.10172074058387844,-0.11792278053949357,-34.123605571919654,1,2.5,2.5,0.0,HUBERT_BASE,6
8455-210777-0043_4992-41806-0005__T2__SCV3FIX__VOICE-4992_CONTENT-8455-8455-210777-0043,4992,8455,,-15.99,5,1.0,1.0,1.0,-0.06995820912110491,-0.10154092531543402,-22.76458987064898,1,2.5,2.5,0.0,HUBERT_BASE,6
2300-131720-0015_3575-170457-0006__T1__SCV3FIX__VOICE-2300_CONTENT-3575-3575-170457-0006,2300,3575,,12.34,15,0.0,0.0,0.0,0.10511865315223916,0.041359431664209856,39.28566133313363,0,0.0,0.0,-1.0,HUBERT_BASE,6
8455-210777-0050_3575-170457-0050__T2__SCV3FIX__VOICE-3575_CONTENT-8455-8455-210777-0050,3575,8455,,11.38,6,0.0,0.0,0.0,0.08472877590886324,0.009170293624577441,30.148942374715286,0,0.0,0.0,-1.0,HUBERT_BASE,6
5105-28233-0008_4446-2275-0023__T1__SCV3FIX__VOICE-5105_CONTENT-4446-4446-2275-0023,5105,4446,,6.26,6,0.0,0.0,0.0,0.08167346548703819,0.04558277038961411,38.274051838999405,0,0.0,0.0,-1.0,HUBERT_BASE,6
121-127105-0005_4507-16021-0046__T1__SCV3FIX__VOICE-121_CONTENT-4507-4507-16021-0046,121,4507,,0.66,8,0.625,0.5,0.5,-0.0311323335340382,-0.1620361176508487,-2.0605908333102025,2,1.5,1.25,0.0,HUBERT_BASE,6
3575-170457-0009_8555-284447-0023__T1__SCV3FIX__VOICE-3575_CONTENT-8555-8555-284447-0023,3575,8555,,0.01,12,0.4166666666666667,0.5833333333333334,0.3333333333333333,-0.007778644448316764,-0.1609047715016657,-1.3731257516509359,2,1.0,1.0,3.0,HUBERT_BASE,6
672-122797-0067_6930-81414-0007__T2__SCV3FIX__VOICE-6930_CONTENT-672-672-122797-0067,6930,672,,-14.91,7,1.0,1.0,1.0,-0.14295518026437945,-0.17697933576442249,-34.02524897099009,1,3.5,3.5,0.0,HUBERT_BASE,6
8230-279154-0020_2961-960-0013__T2__SCV3FIX__VOICE-2961_CONTENT-8230-8230-279154-0020,2961,8230,,-23.93,14,0.9285714285714286,1.0,0.9285714285714286,-0.07374441021232947,-0.12533896434603897,-30.037427600217594,2,3.5,3.25,0.0,HUBERT_BASE,6
5683-32865-0010_121-127105-0022__T2__SCV3FIX__VOICE-121_CONTENT-5683-5683-32865-0010,121,5683,,-19.4,9,1.0,1.0,1.0,-0.08013983378037087,-0.17324413687398588,-28.26279790678451,1,4.5,4.5,0.0,HUBERT_BASE,6
1284-1180-0004_8455-210777-0031__T2__SCV3FIX__VOICE-8455_CONTENT-1284-1284-1180-0004,8455,1284,,9.69,7,0.0,0.0,0.0,0.09093218441862352,0.05534201749743828,27.557768765259937,0,0.0,0.0,-1.0,HUBERT_BASE,6
7127-75946-0018_7176-92135-0040__T2__SCV3FIX__VOICE-7176_CONTENT-7127-7127-75946-0018,7176,7127,,5.51,17,0.17647058823529413,0.0,0.0,0.05420849778805178,-0.05770128849975231,24.314012893059243,0,0.0,0.0,-1.0,HUBERT_BASE,6
6829-68771-0008_7021-85628-0023__T2__SCV3FIX__VOICE-7021_CONTENT-6829-6829-68771-0008,7021,6829,,15.74,13,0.0,0.0,0.0,0.06012727302974345,0.0002768742022308812,36.249484162069706,0,0.0,0.0,-1.0,HUBERT_BASE,6
5683-32879-0000_3729-6852-0002__T2__SCV3FIX__VOICE-3729_CONTENT-5683-5683-32879-0000,3729,5683,,-2.93,16,0.6875,0.75,0.5625,-0.017658310182240594,-0.08258652521899701,-10.995196650168896,3,2.5,1.8333333333333333,1.5,HUBERT_BASE,6
260-123288-0005_5683-32879-0014__T2__SCV3FIX__VOICE-5683_CONTENT-260-260-123288-0005,5683,260,,-20.68,15,1.0,1.0,1.0,-0.09441041095289042,-0.1783396926912365,-38.72091234231153,1,7.5,7.5,0.0,HUBERT_BASE,6
4970-29093-0018_1284-1180-0012__T2__SCV3FIX__VOICE-1284_CONTENT-4970-4970-29093-0018,1284,4970,,8.1,7,0.2857142857142857,0.0,0.0,0.06555721093213303,-0.0061182385792456495,28.9019422626315,1,1.0,1.0,2.0,HUBERT_BASE,6
121-121726-0006_4507-16021-0056__T1__SCV3FIX__VOICE-121_CONTENT-4507-4507-16021-0056,121,4507,,8.0,6,0.6666666666666666,0.0,0.0,0.018913142256382427,-0.04062371947884991,23.219081818422676,1,1.5,1.5,1.0,HUBERT_BASE,6
5142-33396-0025_1284-1180-0023__T2__SCV3FIX__VOICE-1284_CONTENT-5142-5142-33396-0025,1284,5142,,1.66,5,0.0,0.2,0.0,0.0866461192347187,0.06330114335775505,14.680636793098259,0,0.0,0.0,-1.0,HUBERT_BASE,6
260-123286-0029_1580-141084-0026__T1__SCV3FIX__VOICE-260_CONTENT-1580-1580-141084-0026,260,1580,,12.05,8,0.0,0.0,0.0,0.06768038354591108,0.02614957041893362,37.895134623897576,0,0.0,0.0,-1.0,HUBERT_BASE,6
6930-75918-0018_4446-2275-0000__T2__SCV3FIX__VOICE-4446_CONTENT-6930-6930-75918-0018,4446,6930,,-13.16,11,0.7272727272727273,0.9090909090909091,0.7272727272727273,-0.038071866504711165,-0.08580016918243416,-18.485037226191995,1,3.5,3.5,0.0,HUBERT_BASE,6
1320-122617-0030_8455-210777-0056__T2__SCV3FIX__VOICE-8455_CONTENT-1320-1320-122617-0030,8455,1320,,-16.91,6,1.0,1.0,1.0,-0.09961704370991142,-0.13558369603786835,-32.253332909872135,1,3.0,3.0,0.0,HUBERT_BASE,6
4992-41797-0018_6930-81414-0011__T2__SCV3FIX__VOICE-6930_CONTENT-4992-4992-41797-0018,6930,4992,,16.27,8,0.0,0.0,0.0,0.0649923559262851,0.02191686717050001,29.76355725643722,0,0.0,0.0,-1.0,HUBERT_BASE,6
672-122797-0005_260-123440-0018__T1__SCV3FIX__VOICE-672_CONTENT-260-260-123440-0018,672,260,,6.97,5,0.0,0.0,0.0,0.08117820095091074,0.06502264995602791,31.099288446337077,0,0.0,0.0,-1.0,HUBERT_BASE,6
672-122797-0061_2961-961-0015__T1__SCV3FIX__VOICE-672_CONTENT-2961-2961-961-0015,672,2961,,1.46,12,0.8333333333333334,0.4166666666666667,0.4166666666666667,-0.04735804371917252,-0.14633351766816582,1.9911994689083248,2,3.0,2.5,0.0,HUBERT_BASE,6
61-70968-0039_8463-294828-0020__T1__SCV3FIX__VOICE-61_CONTENT-8463-8463-294828-0020,61,8463,,13.24,6,0.0,0.0,0.0,0.06928100189856874,0.03428255181127693,34.34998128970228,0,0.0,0.0,-1.0,HUBERT_BASE,6
5683-32866-0008_6829-68769-0030__T2__SCV3FIX__VOICE-6829_CONTENT-5683-5683-32866-0008,6829,5683,,-19.92,5,1.0,1.0,1.0,-0.07249298098561267,-0.09733797085373008,-32.450517713155634,1,2.5,2.5,0.0,HUBERT_BASE,6
3575-170457-0056_1320-122617-0024__T2__SCV3FIX__VOICE-1320_CONTENT-3575-3575-170457-0056,1320,3575,,12.07,5,0.0,0.0,0.0,0.08784542039122296,0.06459212679030191,39.45532738505414,0,0.0,0.0,-1.0,HUBERT_BASE,6
7021-85628-0002_8455-210777-0008__T2__SCV3FIX__VOICE-8455_CONTENT-7021-7021-85628-0002,8455,7021,,-1.79,11,0.5454545454545454,0.6363636363636364,0.36363636363636365,0.013532528401014739,-0.1162198162676753,-1.4698106751272717,3,1.0,1.0,0.5,HUBERT_BASE,6
237-134500-0041_6930-75918-0011__T2__SCV3FIX__VOICE-6930_CONTENT-237-237-134500-0041,6930,237,,5.12,5,0.0,0.0,0.0,0.08033125244430284,0.04117429419508545,21.734991040716924,0,0.0,0.0,-1.0,HUBERT_BASE,6
6829-68769-0020_8463-287645-0008__T2__SCV3FIX__VOICE-8463_CONTENT-6829-6829-68769-0020,8463,6829,,-2.68,5,0.4,0.8,0.4,-0.021703770201920027,-0.1701249664588511,-12.59417266351062,0,0.0,0.0,-1.0,HUBERT_BASE,6
3570-5695-0009_2961-961-0017__T1__SCV3FIX__VOICE-3570_CONTENT-2961-2961-961-0017,3570,2961,,-16.71,9,0.5555555555555556,1.0,0.5555555555555556,-0.011038547533066816,-0.09585059068730295,-23.51295639377509,1,2.5,2.5,0.0,HUBERT_BASE,6
7176-92135-0023_1188-133604-0032__T1__SCV3FIX__VOICE-7176_CONTENT-1188-1188-133604-0032,7176,1188,,-17.17,11,0.9090909090909091,1.0,0.9090909090909091,-0.09751262608352083,-0.36257474889398233,-30.89641128267942,2,3.5,2.5,0.0,HUBERT_BASE,6
61-70968-0023_7176-88083-0011__T1__SCV3FIX__VOICE-61_CONTENT-7176-7176-88083-0011,61,7176,,7.5,9,0.0,0.0,0.0,0.06716766642887717,0.007563227477016099,15.549188195710236,0,0.0,0.0,-1.0,HUBERT_BASE,6
1320-122617-0008_4970-29095-0014__T2__SCV3FIX__VOICE-4970_CONTENT-1320-1320-122617-0008,4970,1320,,-24.45,5,1.0,1.0,1.0,-0.10412853039228609,-0.15192020541097184,-41.43445063372707,1,2.5,2.5,0.0,HUBERT_BASE,6
1320-122612-0005_8230-279154-0027__T2__SCV3FIX__VOICE-8230_CONTENT-1320-1320-122612-0005,8230,1320,,-0.12,10,0.3,0.2,0.1,0.04752064591932156,-0.017173288242168128,10.554522244282456,1,1.5,1.5,3.5,HUBERT_BASE,6
8455-210777-0026_4992-41806-0007__T2__SCV3FIX__VOICE-4992_CONTENT-8455-8455-210777-0026,4992,8455,,-4.21,5,0.6,0.8,0.6,0.019526694883801342,-0.04710763879423974,-0.8818826328607823,1,1.5,1.5,0.0,HUBERT_BASE,6
6829-68769-0048_3575-170457-0009__T1__SCV3FIX__VOICE-6829_CONTENT-3575-3575-170457-0009,6829,3575,,3.22,11,0.2727272727272727,0.2727272727272727,0.2727272727272727,0.036384355923932306,-0.05725890966087066,17.230275412170048,1,1.5,1.5,0.5,HUBERT_BASE,6
3575-170457-0023_4507-16021-0002__T1__SCV3FIX__VOICE-3575_CONTENT-4507-4507-16021-0002,3575,4507,,8.88,5,0.0,0.0,0.0,0.08411403991745998,0.03921604545553725,21.940416259002383,0,0.0,0.0,-1.0,HUBERT_BASE,6
1320-122612-0002_4507-16021-0038__T2__SCV3FIX__VOICE-4507_CONTENT-1320-1320-122612-0002,4507,1320,,21.23,6,0.0,0.0,0.0,0.07117150209937918,0.030048377760490408,27.166757855268372,0,0.0,0.0,-1.0,HUBERT_BASE,6
3575-170457-0031_4970-29095-0012__T2__SCV3FIX__VOICE-4970_CONTENT-3575-3575-170457-0031,4970,3575,,13.53,7,0.0,0.0,0.0,0.06921433750222246,0.009696838587637924,34.864826914525715,0,0.0,0.0,-1.0,HUBERT_BASE,6
5683-32866-0006_61-70970-0033__T2__SCV3FIX__VOICE-61_CONTENT-5683-5683-32866-0006,61,5683,,10.26,5,0.0,0.0,0.0,0.13338568351980334,0.0631623889189129,34.97792046534431,0,0.0,0.0,-1.0,HUBERT_BASE,6
1320-122617-0012_8463-294828-0003__T2__SCV3FIX__VOICE-8463_CONTENT-1320-1320-122617-0012,8463,1320,,-29.02,14,1.0,1.0,1.0,-0.10709339344845341,-0.22395289831201892,-39.723424079909876,1,7.0,7.0,0.0,HUBERT_BASE,6
237-134493-0017_4077-13754-0009__T2__SCV3FIX__VOICE-4077_CONTENT-237-237-134493-0017,4077,237,,16.54,14,0.0,0.0,0.0,0.09329617542271262,0.04529714303924759,28.216803037447885,0,0.0,0.0,-1.0,HUBERT_BASE,6
672-122797-0060_7729-102255-0035__T1__SCV3FIX__VOICE-672_CONTENT-7729-7729-102255-0035,672,7729,,11.98,5,0.0,0.0,0.0,0.10537309644252817,0.020077645377103104,38.36453722603015,0,0.0,0.0,-1.0,HUBERT_BASE,6
1284-1180-0017_7127-75947-0016__T1__SCV3FIX__VOICE-1284_CONTENT-7127-7127-75947-0016,1284,7127,,-17.73,13,1.0,1.0,1.0,-0.12338431988403474,-0.1811348943570419,-32.77015238161422,1,6.5,6.5,0.0,HUBERT_BASE,6
908-31957-0018_5683-32879-0022__T1__SCV3FIX__VOICE-908_CONTENT-5683-5683-32879-0022,908,5683,,13.23,6,0.0,0.0,0.0,0.07035016331226433,0.019792320268157026,39.31507511724192,0,0.0,0.0,-1.0,HUBERT_BASE,6
2830-3980-0068_2300-131720-0030__T2__SCV3FIX__VOICE-2300_CONTENT-2830-2830-3980-0068,2300,2830,,10.1,9,0.0,0.0,0.0,0.10938219258091272,0.03031891704473355,30.580794087608652,0,0.0,0.0,-1.0,HUBERT_BASE,6
6930-81414-0022_908-157963-0006__T1__SCV3FIX__VOICE-6930_CONTENT-908-908-157963-0006,6930,908,,-26.01,7,1.0,1.0,1.0,-0.0755662382370202,-0.10785610128020728,-36.7061269703911,1,3.5,3.5,0.0,HUBERT_BASE,6
8463-294828-0009_5142-33396-0025__T2__SCV3FIX__VOICE-5142_CONTENT-8463-8463-294828-0009,5142,8463,,4.77,5,0.2,0.0,0.0,0.020372928208859765,-0.04687238085723877,20.18136778783287,0,0.0,0.0,-1.0,HUBERT_BASE,6
5683-32865-0006_61-70970-0027__T1__SCV3FIX__VOICE-5683_CONTENT-61-61-70970-0027,5683,61,,13.57,5,0.0,0.0,0.0,0.13843771438291813,0.08020288485016369,37.83583492521147,0,0.0,0.0,-1.0,HUBERT_BASE,6
672-122797-0039_7127-75946-0015__T2__SCV3FIX__VOICE-7127_CONTENT-672-672-122797-0039,7127,672,,-2.92,6,0.6666666666666666,0.8333333333333334,0.6666666666666666,-0.05115611909969083,-0.1974376081677317,-9.257386908007547,1,2.0,2.0,0.0,HUBERT_BASE,6
8455-210777-0029_7176-92135-0017__T2__SCV3FIX__VOICE-7176_CONTENT-8455-8455-210777-0029,7176,8455,,7.71,5,0.0,0.0,0.0,0.16651531345153153,0.10034293333729705,30.934654656688643,0,0.0,0.0,-1.0,HUBERT_BASE,6
1580-141084-0049_4507-16021-0008__T1__SCV3FIX__VOICE-1580_CONTENT-4507-4507-16021-0008,1580,4507,,-17.96,6,1.0,1.0,1.0,-0.08043246300095565,-0.13004827239293104,-38.74075941372211,1,3.0,3.0,0.0,HUBERT_BASE,6
3575-170457-0035_1580-141084-0041__T1__SCV3FIX__VOICE-3575_CONTENT-1580-1580-141084-0041,3575,1580,,1.4,14,0.42857142857142855,0.35714285714285715,0.21428571428571427,0.002998409622003373,-0.050190377357635096,4.869929326557426,2,1.5,1.25,0.0,HUBERT_BASE,6
7127-75947-0002_1089-134686-0015__T1__SCV3FIX__VOICE-7127_CONTENT-1089-1089-134686-0015,7127,1089,,-5.36,5,0.4,0.6,0.4,0.020186679106761085,-0.09327252256443685,0.16894262351346576,0,0.0,0.0,-1.0,HUBERT_BASE,6
3729-6852-0043_8555-284447-0000__T2__SCV3FIX__VOICE-8555_CONTENT-3729-3729-6852-0043,8555,3729,,11.9,7,0.14285714285714285,0.0,0.0,0.06102597701859184,-0.026865362583725405,35.74907495126952,0,0.0,0.0,-1.0,HUBERT_BASE,6
4507-16021-0028_1188-133604-0014__T2__SCV3FIX__VOICE-1188_CONTENT-4507-4507-16021-0028,1188,4507,,12.55,5,0.0,0.0,0.0,0.10801226971743086,0.05207061973801963,44.854712464480144,0,0.0,0.0,-1.0,HUBERT_BASE,6
8230-279154-0039_1320-122617-0031__T2__SCV3FIX__VOICE-1320_CONTENT-8230-8230-279154-0039,1320,8230,,-3.47,8,0.125,0.75,0.125,0.03632566826401286,-0.10207462106641774,-0.14761263458619078,0,0.0,0.0,-1.0,HUBERT_BASE,6
1995-1826-0024_6829-68769-0033__T1__SCV3FIX__VOICE-1995_CONTENT-6829-6829-68769-0033,1995,6829,,10.66,7,0.5714285714285714,0.0,0.0,-0.034512376862874734,-0.10700274486252825,17.20006005890905,2,1.0,1.0,1.0,HUBERT_BASE,6
6930-81414-0003_2830-3980-0012__T1__SCV3FIX__VOICE-6930_CONTENT-2830-2830-3980-0012,6930,2830,,10.46,5,0.0,0.0,0.0,0.06786469022638217,0.04471230943999904,29.54005974389802,0,0.0,0.0,-1.0,HUBERT_BASE,6
3729-6852-0037_8463-287645-0000__T1__SCV3FIX__VOICE-3729_CONTENT-8463-8463-287645-0000,3729,8463,,-24.33,8,1.0,1.0,1.0,-0.031974211765149044,-0.09000164391462429,-31.197512745843312,1,4.0,4.0,0.0,HUBERT_BASE,6
5142-33396-0038_4446-2275-0021__T2__SCV3FIX__VOICE-4446_CONTENT-5142-5142-33396-0038,4446,5142,,-0.61,7,0.7142857142857143,0.7142857142857143,0.42857142857142855,-0.0685687685400029,-0.1849566631909677,-4.489931854563902,1,2.0,2.0,1.5,HUBERT_BASE,6
7176-92135-0045_8555-284447-0014__T2__SCV3FIX__VOICE-8555_CONTENT-7176-7176-92135-0045,8555,7176,,8.44,9,0.0,0.0,0.0,0.09213766429149879,0.05949592026040473,33.80676960581567,0,0.0,0.0,-1.0,HUBERT_BASE,6
6930-76324-0011_1995-1837-0007__T2__SCV3FIX__VOICE-1995_CONTENT-6930-6930-76324-0011,1995,6930,,-28.76,16,0.875,1.0,0.875,-0.08301901097705243,-0.18070605681103669,-33.830393077990294,1,7.0,7.0,0.0,HUBERT_BASE,6
121-121726-0009_1284-1181-0019__T2__SCV3FIX__VOICE-1284_CONTENT-121-121-121726-0009,1284,121,,17.05,5,0.0,0.0,0.0,0.25770444800667924,0.1578345365297228,41.3641284070636,0,0.0,0.0,-1.0,HUBERT_BASE,6
1284-1180-0032_2830-3979-0003__T1__SCV3FIX__VOICE-1284_CONTENT-2830-2830-3979-0003,1284,2830,,-18.47,10,1.0,1.0,1.0,-0.10807147660670904,-0.23754400886611693,-32.07185960317946,1,5.0,5.0,0.0,HUBERT_BASE,6
2961-961-0007_7127-75947-0023__T1__SCV3FIX__VOICE-2961_CONTENT-7127-7127-75947-0023,2961,7127,,-26.87,9,1.0,1.0,1.0,-0.09697924453192833,-0.2570635182146619,-36.20174025252291,1,4.5,4.5,0.0,HUBERT_BASE,6
5639-40744-0016_5142-36377-0002__T2__SCV3FIX__VOICE-5142_CONTENT-5639-5639-40744-0016,5142,5639,,-15.73,10,0.7,1.0,0.7,-0.024147668568402347,-0.07756948988434653,-21.632650279292868,1,2.5,2.5,1.0,HUBERT_BASE,6
61-70968-0011_4992-41806-0004__T1__SCV3FIX__VOICE-61_CONTENT-4992-4992-41806-0004,61,4992,,13.92,6,0.0,0.0,0.0,0.10214921019374805,0.0609129155895054,33.749636767569505,0,0.0,0.0,-1.0,HUBERT_BASE,6
61-70970-0031_4992-23283-0010__T1__SCV3FIX__VOICE-61_CONTENT-4992-4992-23283-0010,61,4992,,13.29,9,0.0,0.0,0.0,0.07127668324603088,0.03672659542579626,28.768588812923255,0,0.0,0.0,-1.0,HUBERT_BASE,6
8463-294828-0033_61-70968-0029__T1__SCV3FIX__VOICE-8463_CONTENT-61-61-70968-0029,8463,61,,10.85,5,0.0,0.0,0.0,0.07132285158716456,0.03514766622819909,22.59937832120945,0,0.0,0.0,-1.0,HUBERT_BASE,6
1580-141083-0013_237-134493-0004__T2__SCV3FIX__VOICE-237_CONTENT-1580-1580-141083-0013,237,1580,,10.37,7,0.0,0.0,0.0,0.05613344889715336,0.03830641769538201,36.241264123295686,0,0.0,0.0,-1.0,HUBERT_BASE,6
1995-1826-0015_2830-3980-0020__T2__SCV3FIX__VOICE-2830_CONTENT-1995-1995-1826-0015,2830,1995,,13.29,5,0.0,0.0,0.0,0.11827891491807747,0.061865634555277826,40.59466516408495,0,0.0,0.0,-1.0,HUBERT_BASE,6
8555-284447-0007_6829-68771-0033__T2__SCV3FIX__VOICE-6829_CONTENT-8555-8555-284447-0007,6829,8555,,0.76,9,0.3333333333333333,0.4444444444444444,0.1111111111111111,0.014395911940084506,-0.12652827564482105,1.9648907060043201,1,1.5,1.5,1.0,HUBERT_BASE,6
4970-29095-0032_1580-141084-0026__T1__SCV3FIX__VOICE-4970_CONTENT-1580-1580-141084-0026,4970,1580,,9.0,12,0.25,0.0,0.0,0.026488527736812467,-0.017641250237474093,28.783267438424065,1,1.0,1.0,0.0,HUBERT_BASE,6
8463-294828-0009_3570-5694-0015__T1__SCV3FIX__VOICE-8463_CONTENT-3570-3570-5694-0015,8463,3570,,13.04,7,0.0,0.0,0.0,0.08073401344306722,0.04243618165020824,40.007108872176225,0,0.0,0.0,-1.0,HUBERT_BASE,6
4507-16021-0008_237-134500-0041__T1__SCV3FIX__VOICE-4507_CONTENT-237-237-134500-0041,4507,237,,11.84,6,0.0,0.0,0.0,0.09451051478302479,0.06589705012951308,46.7367858318269,0,0.0,0.0,-1.0,HUBERT_BASE,6
6829-68769-0014_7127-75947-0032__T2__SCV3FIX__VOICE-7127_CONTENT-6829-6829-68769-0014,7127,6829,,12.27,5,0.0,0.0,0.0,0.10389730394916372,0.054947145016546406,41.22615968950548,0,0.0,0.0,-1.0,HUBERT_BASE,6
2830-3979-0011_672-122797-0024__T1__SCV3FIX__VOICE-2830_CONTENT-672-672-122797-0024,2830,672,,-10.32,7,1.0,1.0,1.0,-0.11199225169390012,-0.21015578088065523,-18.231821475405546,1,3.5,3.5,0.0,HUBERT_BASE,6
2830-3980-0022_8555-292519-0010__T2__SCV3FIX__VOICE-8555_CONTENT-2830-2830-3980-0022,8555,2830,,-24.25,5,1.0,1.0,1.0,-0.1019440296216392,-0.1244546820339335,-29.340480103373757,1,2.5,2.5,0.0,HUBERT_BASE,6
6930-76324-0016_4970-29095-0018__T1__SCV3FIX__VOICE-6930_CONTENT-4970-4970-29095-0018,6930,4970,,13.16,17,0.0,0.0,0.0,0.11455081127602106,0.03596002481986593,34.46638702511559,0,0.0,0.0,-1.0,HUBERT_BASE,6
2830-3980-0053_1995-1837-0007__T1__SCV3FIX__VOICE-2830_CONTENT-1995-1995-1837-0007,2830,1995,,11.45,9,0.0,0.0,0.0,0.14586647742535272,0.05735230331157215,43.23965647657331,0,0.0,0.0,-1.0,HUBERT_BASE,6
7021-85628-0016_3729-6852-0039__T2__SCV3FIX__VOICE-3729_CONTENT-7021-7021-85628-0016,3729,7021,,-27.61,7,1.0,1.0,1.0,-0.03800520588532985,-0.06262861504680306,-41.081039007684815,1,3.5,3.5,0.0,HUBERT_BASE,6
3575-170457-0003_7127-75947-0025__T2__SCV3FIX__VOICE-7127_CONTENT-3575-3575-170457-0003,7127,3575,,15.19,10,0.0,0.0,0.0,0.12636758959717867,0.060358055372535135,41.61581367995771,0,0.0,0.0,-1.0,HUBERT_BASE,6
4970-29093-0000_2094-142345-0056__T1__SCV3FIX__VOICE-4970_CONTENT-2094-2094-142345-0056,4970,2094,,-17.56,5,1.0,1.0,1.0,-0.05997265620575074,-0.1194755394964675,-28.516205349072123,1,2.5,2.5,0.0,HUBERT_BASE,6
8224-274381-0011_1580-141083-0050__T1__SCV3FIX__VOICE-8224_CONTENT-1580-1580-141083-0050,8224,1580,,12.93,5,0.0,0.0,0.0,0.06249909693704834,0.03463947703700776,40.18822276113474,0,0.0,0.0,-1.0,HUBERT_BASE,6
121-121726-0004_6930-81414-0003__T2__SCV3FIX__VOICE-6930_CONTENT-121-121-121726-0004,6930,121,,8.51,5,0.0,0.0,0.0,0.15135318518642502,0.03803956432557343,26.177160318680155,0,0.0,0.0,-1.0,HUBERT_BASE,6
2830-3980-0072_6930-81414-0008__T1__SCV3FIX__VOICE-2830_CONTENT-6930-6930-81414-0008,2830,6930,,-21.29,8,1.0,1.0,1.0,-0.13166204352706418,-0.23872392209865434,-22.16590556274113,1,4.0,4.0,0.0,HUBERT_BASE,6
5142-33396-0054_1995-1836-0001__T2__SCV3FIX__VOICE-1995_CONTENT-5142-5142-33396-0054,1995,5142,,11.8,10,0.0,0.0,0.0,0.09085725273752239,0.023582462091151557,44.77007619240403,0,0.0,0.0,-1.0,HUBERT_BASE,6
1284-1180-0020_3570-5696-0005__T2__SCV3FIX__VOICE-3570_CONTENT-1284-1284-1180-0020,3570,1284,,8.69,10,0.0,0.0,0.0,0.06971862387315735,0.050662576139000715,39.7919024013776,0,0.0,0.0,-1.0,HUBERT_BASE,6
5142-33396-0038_3570-5695-0008__T1__SCV3FIX__VOICE-5142_CONTENT-3570-3570-5695-0008,5142,3570,,-27.01,7,1.0,1.0,1.0,-0.06346173467170958,-0.10334957055277894,-43.75658007918996,1,3.5,3.5,0.0,HUBERT_BASE,6
7127-75947-0018_3575-170457-0035__T1__SCV3FIX__VOICE-7127_CONTENT-3575-3575-170457-0035,7127,3575,,11.59,7,0.0,0.0,0.0,0.09045593455180266,0.05060768721675535,33.44612811920361,0,0.0,0.0,-1.0,HUBERT_BASE,6
1089-134686-0034_5639-40744-0005__T2__SCV3FIX__VOICE-5639_CONTENT-1089-1089-134686-0034,5639,1089,,-21.55,10,1.0,1.0,1.0,-0.06882595779737169,-0.14381634691000988,-23.08421862564253,1,5.0,5.0,0.0,HUBERT_BASE,6
8463-294825-0004_61-70970-0024__T2__SCV3FIX__VOICE-61_CONTENT-8463-8463-294825-0004,61,8463,,14.11,6,0.0,0.0,0.0,0.07833148286091846,0.012401406414375038,44.43668974396573,0,0.0,0.0,-1.0,HUBERT_BASE,6
4446-2273-0036_1089-134686-0017__T1__SCV3FIX__VOICE-4446_CONTENT-1089-1089-134686-0017,4446,1089,,-28.2,5,1.0,1.0,1.0,-0.10469214853388986,-0.18854957267336603,-46.05781932040813,1,2.5,2.5,0.0,HUBERT_BASE,6
8455-210777-0015_61-70970-0011__T2__SCV3FIX__VOICE-61_CONTENT-8455-8455-210777-0015,61,8455,,10.41,11,0.0,0.0,0.0,0.09572800114154702,0.03502529402020049,22.400842619938434,0,0.0,0.0,-1.0,HUBERT_BASE,6
4077-13751-0010_2830-3980-0006__T1__SCV3FIX__VOICE-4077_CONTENT-2830-2830-3980-0006,4077,2830,,-10.01,11,0.7272727272727273,1.0,0.7272727272727273,-0.06528312175122886,-0.19126284879956768,-29.871663901095943,2,2.5,2.0,0.5,HUBERT_BASE,6
1580-141083-0052_8455-210777-0049__T1__SCV3FIX__VOICE-1580_CONTENT-8455-8455-210777-0049,1580,8455,,10.19,5,0.0,0.0,0.0,0.11154090107088496,0.041194090184334065,20.278441458839445,0,0.0,0.0,-1.0,HUBERT_BASE,6
1320-122617-0031_6829-68769-0010__T1__SCV3FIX__VOICE-1320_CONTENT-6829-6829-68769-0010,1320,6829,,14.82,5,0.0,0.0,0.0,0.11075817342755179,0.023722057559098175,34.66520253948304,0,0.0,0.0,-1.0,HUBERT_BASE,6
6829-68769-0000_7021-79740-0004__T1__SCV3FIX__VOICE-6829_CONTENT-7021-7021-79740-0004,6829,7021,,0.12,11,0.18181818181818182,0.45454545454545453,0.18181818181818182,0.08074870950357964,-0.08963596641559368,2.0784649700346023,0,0.0,0.0,-1.0,HUBERT_BASE,6
5639-40744-0002_1995-1837-0003__T2__SCV3FIX__VOICE-1995_CONTENT-5639-5639-40744-0002,1995,5639,,-32.47,13,0.9230769230769231,1.0,0.9230769230769231,-0.06456944922119565,-0.1457552880700017,-37.73083040803956,1,5.5,5.5,0.0,HUBERT_BASE,6
2961-961-0018_8555-284447-0004__T2__SCV3FIX__VOICE-8555_CONTENT-2961-2961-961-0018,8555,2961,,-20.98,9,1.0,1.0,1.0,-0.09326047803703832,-0.1254709502771686,-37.97119150878776,1,4.5,4.5,0.0,HUBERT_BASE,6
1284-1181-0009_2830-3980-0013__T2__SCV3FIX__VOICE-2830_CONTENT-1284-1284-1181-0009,2830,1284,,12.87,7,0.0,0.0,0.0,0.08146375662220333,0.05217057362165811,33.02082481469008,0,0.0,0.0,-1.0,HUBERT_BASE,6
4992-23283-0004_1580-141083-0003__T1__SCV3FIX__VOICE-4992_CONTENT-1580-1580-141083-0003,4992,1580,,9.68,12,0.08333333333333333,0.0,0.0,0.0646782432521097,-0.004238310654176014,32.873359478795294,0,0.0,0.0,-1.0,HUBERT_BASE,6
7729-102255-0040_672-122797-0044__T1__SCV3FIX__VOICE-7729_CONTENT-672-672-122797-0044,7729,672,,-14.29,6,1.0,1.0,1.0,-0.09205597547225479,-0.25317871064229747,-17.038888177999333,1,3.0,3.0,0.0,HUBERT_BASE,6
4446-2273-0022_2830-3980-0023__T1__SCV3FIX__VOICE-4446_CONTENT-2830-2830-3980-0023,4446,2830,,-23.57,10,1.0,1.0,1.0,-0.07421767519976799,-0.1326711333983175,-38.23180553971123,1,5.0,5.0,0.0,HUBERT_BASE,6
8455-210777-0039_1580-141083-0033__T2__SCV3FIX__VOICE-1580_CONTENT-8455-8455-210777-0039,1580,8455,,-27.59,10,1.0,1.0,1.0,-0.08216991783935829,-0.12314826737800644,-33.43672620149872,1,5.0,5.0,0.0,HUBERT_BASE,6
2961-961-0000_1320-122617-0014__T2__SCV3FIX__VOICE-1320_CONTENT-2961-2961-961-0000,1320,2961,,14.59,8,0.0,0.0,0.0,0.16457467069680026,0.1192478064543715,43.79226980800284,0,0.0,0.0,-1.0,HUBERT_BASE,6
61-70970-0020_4507-16021-0018__T1__SCV3FIX__VOICE-61_CONTENT-4507-4507-16021-0018,61,4507,,14.22,5,0.0,0.0,0.0,0.1001439114478569,0.07600105562808435,40.98178703107245,0,0.0,0.0,-1.0,HUBERT_BASE,6
6930-76324-0006_7021-79740-0013__T1__SCV3FIX__VOICE-6930_CONTENT-7021-7021-79740-0013,6930,7021,,-13.9,7,1.0,1.0,1.0,-0.049368128504789964,-0.09005486785069705,-27.292436851365334,1,3.5,3.5,0.0,HUBERT_BASE,6
6930-75918-0000_1089-134686-0037__T2__SCV3FIX__VOICE-1089_CONTENT-6930-6930-75918-0000,1089,6930,,12.93,6,0.0,0.0,0.0,0.13586159186338687,0.08056539870793056,41.21388261638081,0,0.0,0.0,-1.0,HUBERT_BASE,6
7021-85628-0018_4507-16021-0039__T2__SCV3FIX__VOICE-4507_CONTENT-7021-7021-85628-0018,4507,7021,,-15.47,15,0.9333333333333333,1.0,0.9333333333333333,-0.060667235563742004,-0.15200520163778786,-35.881748138179574,2,4.5,3.5,0.0,HUBERT_BASE,6
5142-36377-0022_1089-134686-0006__T1__SCV3FIX__VOICE-5142_CONTENT-1089-1089-134686-0006,5142,1089,,-23.98,20,1.0,1.0,1.0,-0.10292003954360571,-0.17747671114953822,-35.837365210046734,1,10.0,10.0,0.0,HUBERT_BASE,6
5142-33396-0053_3729-6852-0037__T2__SCV3FIX__VOICE-3729_CONTENT-5142-5142-33396-0053,3729,5142,,3.55,6,0.0,0.0,0.0,0.08315982484588307,0.033719240944725226,27.216410137095142,0,0.0,0.0,-1.0,HUBERT_BASE,6
1188-133604-0020_3729-6852-0044__T1__SCV3FIX__VOICE-1188_CONTENT-3729-3729-6852-0044,1188,3729,,12.8,12,0.0,0.0,0.0,0.13362416159372326,0.0579131235286775,43.458931719919406,0,0.0,0.0,-1.0,HUBERT_BASE,6
908-157963-0013_3575-170457-0006__T2__SCV3FIX__VOICE-3575_CONTENT-908-908-157963-0013,3575,908,,-30.27,7,1.0,1.0,1.0,-0.08712530242223811,-0.18793059314463612,-37.559296209432034,1,3.5,3.5,0.0,HUBERT_BASE,6
8230-279154-0021_1995-1826-0011__T2__SCV3FIX__VOICE-1995_CONTENT-8230-8230-279154-0021,1995,8230,,-24.08,12,1.0,1.0,1.0,-0.08278050454226618,-0.16830182676579808,-31.6482233172589,1,6.0,6.0,0.0,HUBERT_BASE,6
1284-1181-0007_1089-134686-0007__T2__SCV3FIX__VOICE-1089_CONTENT-1284-1284-1181-0007,1089,1284,,13.86,7,0.14285714285714285,0.0,0.0,0.08548027060917551,-0.019570285862008707,41.54794275307797,0,0.0,0.0,-1.0,HUBERT_BASE,6
121-127105-0026_4446-2273-0033__T1__SCV3FIX__VOICE-121_CONTENT-4446-4446-2273-0033,121,4446,,-17.06,5,1.0,1.0,1.0,-0.043859767832753624,-0.06639939413786289,-29.206319509034437,1,2.5,2.5,0.0,HUBERT_BASE,6
1284-1180-0032_260-123440-0008__T2__SCV3FIX__VOICE-260_CONTENT-1284-1284-1180-0032,260,1284,,6.68,6,0.0,0.0,0.0,0.11399959434432412,0.06522435381009772,32.10649008652748,0,0.0,0.0,-1.0,HUBERT_BASE,6
2830-3980-0066_260-123286-0009__T2__SCV3FIX__VOICE-260_CONTENT-2830-2830-3980-0066,260,2830,,-10.92,10,0.9,1.0,0.9,-0.06823825495617748,-0.11187608295576779,-25.343049504382723,2,2.5,2.25,0.0,HUBERT_BASE,6
5683-32865-0008_1580-141084-0014__T1__SCV3FIX__VOICE-5683_CONTENT-1580-1580-141084-0014,5683,1580,,-4.29,6,0.6666666666666666,0.6666666666666666,0.6666666666666666,-0.02961674617857879,-0.1680641240877606,-6.325519155458611,1,2.0,2.0,1.0,HUBERT_BASE,6
4446-2275-0028_3570-5696-0009__T1__SCV3FIX__VOICE-4446_CONTENT-3570-3570-5696-0009,4446,3570,,-21.11,6,1.0,1.0,1.0,-0.06851740028870555,-0.12001280003620818,-37.01826989902117,1,3.0,3.0,0.0,HUBERT_BASE,6
6930-75918-0007_1089-134686-0022__T2__SCV3FIX__VOICE-1089_CONTENT-6930-6930-75918-0007,1089,6930,,13.28,5,0.0,0.0,0.0,0.06517251761356121,0.04109227575133567,46.01364489103746,0,0.0,0.0,-1.0,HUBERT_BASE,6
672-122797-0029_4446-2273-0001__T2__SCV3FIX__VOICE-4446_CONTENT-672-672-122797-0029,4446,672,,-27.58,5,0.6,1.0,0.6,-0.08748516745495442,-0.17756133525942375,-34.86928288662775,1,1.5,1.5,0.0,HUBERT_BASE,6
6930-76324-0015_6829-68769-0052__T1__SCV3FIX__VOICE-6930_CONTENT-6829-6829-68769-0052,6930,6829,,10.98,8,0.0,0.0,0.0,0.10712571759371689,0.056878505999728546,28.341519412442914,0,0.0,0.0,-1.0,HUBERT_BASE,6
4970-29093-0008_1995-1826-0004__T1__SCV3FIX__VOICE-4970_CONTENT-1995-1995-1826-0004,4970,1995,,-17.19,5,1.0,1.0,1.0,-0.08950996793201749,-0.1491850673631946,-36.150354539487985,1,2.5,2.5,0.0,HUBERT_BASE,6
1089-134686-0004_1284-1180-0027__T2__SCV3FIX__VOICE-1284_CONTENT-1089-1089-134686-0004,1284,1089,,-18.27,5,1.0,1.0,1.0,-0.11213899865363572,-0.15524239350301783,-33.034081385548504,1,2.5,2.5,0.0,HUBERT_BASE,6
5639-40744-0029_5683-32865-0008__T2__SCV3FIX__VOICE-5683_CONTENT-5639-5639-40744-0029,5683,5639,,-26.91,11,1.0,1.0,1.0,-0.10897627676532608,-0.1976630027573868,-38.620467746104524,1,5.5,5.5,0.0,HUBERT_BASE,6
1320-122617-0020_61-70970-0019__T1__SCV3FIX__VOICE-1320_CONTENT-61-61-70970-0019,1320,61,,-10.26,6,1.0,1.0,1.0,-0.06030104464895145,-0.07744991905016552,-22.09121481513843,1,3.0,3.0,0.0,HUBERT_BASE,6
4992-41797-0004_672-122797-0034__T2__SCV3FIX__VOICE-672_CONTENT-4992-4992-41797-0004,672,4992,,6.16,9,0.0,0.0,0.0,0.07109422790135538,0.002696686712314378,25.784095897713517,0,0.0,0.0,-1.0,HUBERT_BASE,6
1320-122617-0040_1580-141083-0023__T1__SCV3FIX__VOICE-1320_CONTENT-1580-1580-141083-0023,1320,1580,,14.33,5,0.0,0.0,0.0,0.054641782811271966,0.030458749546914632,42.854300570652136,0,0.0,0.0,-1.0,HUBERT_BASE,6
5683-32866-0011_3575-170457-0034__T2__SCV3FIX__VOICE-3575_CONTENT-5683-5683-32866-0011,3575,5683,,-10.1,5,0.2,0.6,0.2,0.021628810641380315,-0.01046478789766958,-0.20430928870179715,0,0.0,0.0,-1.0,HUBERT_BASE,6
7176-88083-0017_4992-41806-0003__T1__SCV3FIX__VOICE-7176_CONTENT-4992-4992-41806-0003,7176,4992,,15.08,6,0.0,0.0,0.0,0.08688332602085418,0.038617669763687856,36.41582419395432,0,0.0,0.0,-1.0,HUBERT_BASE,6
4077-13751-0011_7729-102255-0021__T2__SCV3FIX__VOICE-7729_CONTENT-4077-4077-13751-0011,7729,4077,,2.1,14,0.0,0.0,0.0,0.08179349378058055,0.031048239507089792,23.009707565515356,0,0.0,0.0,-1.0,HUBERT_BASE,6
672-122797-0003_61-70968-0048__T2__SCV3FIX__VOICE-61_CONTENT-672-672-122797-0003,61,672,,1.97,5,0.2,0.2,0.2,0.10622910133883796,-0.11823634647451464,1.7993072979957112,0,0.0,0.0,-1.0,HUBERT_BASE,6
908-157963-0029_5683-32866-0002__T2__SCV3FIX__VOICE-5683_CONTENT-908-908-157963-0029,5683,908,,-24.98,6,1.0,1.0,1.0,-0.08011082186802575,-0.09369869237730832,-34.434694316699904,1,3.0,3.0,0.0,HUBERT_BASE,6
6829-68769-0024_260-123286-0030__T2__SCV3FIX__VOICE-260_CONTENT-6829-6829-68769-0024,260,6829,,12.08,8,0.0,0.0,0.0,0.0679484314818306,0.03652023639121549,35.54195836658611,0,0.0,0.0,-1.0,HUBERT_BASE,6
1284-1180-0021_2961-961-0007__T1__SCV3FIX__VOICE-1284_CONTENT-2961-2961-961-0007,1284,2961,,-11.06,16,0.8125,1.0,0.8125,-0.0471810803242027,-0.10927045500303778,-20.64926376416152,3,2.5,2.1666666666666665,0.0,HUBERT_BASE,6
260-123440-0011_4446-2275-0005__T2__SCV3FIX__VOICE-4446_CONTENT-260-260-123440-0011,4446,260,,-18.27,7,1.0,1.0,1.0,-0.061772022554512925,-0.10796932586332286,-34.373434064072505,1,3.5,3.5,0.0,HUBERT_BASE,6
5142-36377-0024_6930-81414-0026__T1__SCV3FIX__VOICE-5142_CONTENT-6930-6930-81414-0026,5142,6930,,-4.65,5,1.0,0.8,0.8,-0.07117634064862322,-0.1478243638162995,-14.363225234529683,1,2.5,2.5,0.0,HUBERT_BASE,6
7729-102255-0043_1284-1180-0003__T2__SCV3FIX__VOICE-1284_CONTENT-7729-7729-102255-0043,1284,7729,,14.3,8,0.0,0.0,0.0,0.08678404708070796,0.03316019665820369,27.447415109477504,0,0.0,0.0,-1.0,HUBERT_BASE,6
1284-1181-0011_6829-68769-0031__T2__SCV3FIX__VOICE-6829_CONTENT-1284-1284-1181-0011,6829,1284,,10.92,10,0.0,0.0,0.0,0.04839598032308108,0.0013149422377972675,23.815119069108487,0,0.0,0.0,-1.0,HUBERT_BASE,6
4446-2271-0020_1320-122617-0020__T2__SCV3FIX__VOICE-1320_CONTENT-4446-4446-2271-0020,1320,4446,,9.67,14,0.0,0.0,0.0,0.13519555021083834,0.07185435579681598,34.3868179078004,0,0.0,0.0,-1.0,HUBERT_BASE,6
61-70968-0003_2961-960-0017__T2__SCV3FIX__VOICE-2961_CONTENT-61-61-70968-0003,2961,61,,12.72,7,0.0,0.0,0.0,0.08065761086538402,0.030046821830557624,27.434384245631865,0,0.0,0.0,-1.0,HUBERT_BASE,6
5105-28240-0019_1284-1181-0020__T1__SCV3FIX__VOICE-5105_CONTENT-1284-1284-1181-0020,5105,1284,,10.17,11,0.0,0.0,0.0,0.11359287703645964,0.06653231249305369,29.019633341933318,0,0.0,0.0,-1.0,HUBERT_BASE,6
4992-41797-0010_2830-3980-0037__T1__SCV3FIX__VOICE-4992_CONTENT-2830-2830-3980-0037,4992,2830,,-24.88,11,0.9090909090909091,1.0,0.9090909090909091,-0.10190855418120236,-0.27057057077953717,-36.06020975427621,2,3.5,2.5,0.0,HUBERT_BASE,6
3729-6852-0043_2830-3980-0031__T1__SCV3FIX__VOICE-3729_CONTENT-2830-2830-3980-0031,3729,2830,,-18.52,7,1.0,1.0,1.0,-0.07192365777697662,-0.11042163946345951,-29.9588374684897,1,3.5,3.5,0.0,HUBERT_BASE,6
2094-142345-0039_5683-32865-0009__T2__SCV3FIX__VOICE-5683_CONTENT-2094-2094-142345-0039,5683,2094,,-13.95,11,1.0,1.0,1.0,-0.07585858978650507,-0.1184584620961312,-29.756359675849946,1,5.5,5.5,0.0,HUBERT_BASE,6
3570-5695-0010_5105-28240-0015__T2__SCV3FIX__VOICE-5105_CONTENT-3570-3570-5695-0010,5105,3570,,-1.0,8,0.25,0.25,0.25,0.06320546567829681,-0.041962625258106234,19.358235558711343,1,1.0,1.0,0.0,HUBERT_BASE,6
1580-141083-0027_6930-76324-0024__T2__SCV3FIX__VOICE-6930_CONTENT-1580-1580-141083-0027,6930,1580,,10.23,7,0.0,0.0,0.0,0.07845233195275385,0.035356640108602067,34.21689880090711,0,0.0,0.0,-1.0,HUBERT_BASE,6
5142-33396-0059_6829-68769-0034__T1__SCV3FIX__VOICE-5142_CONTENT-6829-6829-68769-0034,5142,6829,,-1.41,9,0.5555555555555556,0.4444444444444444,0.2222222222222222,0.008636270263484137,-0.082339468879159,4.447085802354865,2,1.5,1.25,0.0,HUBERT_BASE,6
3570-5696-0006_4507-16021-0021__T2__SCV3FIX__VOICE-4507_CONTENT-3570-3570-5696-0006,4507,3570,,-22.62,7,1.0,1.0,1.0,-0.08876881437453701,-0.2411119289369853,-44.41917622175947,1,3.5,3.5,0.0,HUBERT_BASE,6
7176-92135-0036_3570-5696-0004__T2__SCV3FIX__VOICE-3570_CONTENT-7176-7176-92135-0036,3570,7176,,-19.9,8,1.0,1.0,1.0,-0.08553271205555188,-0.11352229567948191,-35.13254392549888,1,4.0,4.0,0.0,HUBERT_BASE,6
2830-3980-0052_4507-16021-0008__T1__SCV3FIX__VOICE-2830_CONTENT-4507-4507-16021-0008,2830,4507,,10.94,6,0.0,0.0,0.0,0.12492488904235843,0.044523362762162844,39.27532161880104,0,0.0,0.0,-1.0,HUBERT_BASE,6
3570-5694-0017_1221-135766-0013__T1__SCV3FIX__VOICE-3570_CONTENT-1221-1221-135766-0013,3570,1221,,-1.41,6,0.5,1.0,0.5,-0.002449961322075552,-0.049061306708789276,-4.117236786297304,1,1.5,1.5,1.5,HUBERT_BASE,6
8463-294825-0001_908-31957-0003__T2__SCV3FIX__VOICE-908_CONTENT-8463-8463-294825-0001,908,8463,,12.25,12,0.0,0.0,0.0,0.07925496928942809,0.04071068924966159,36.66649481708907,0,0.0,0.0,-1.0,HUBERT_BASE,6
1089-134686-0004_6829-68771-0005__T2__SCV3FIX__VOICE-6829_CONTENT-1089-1089-134686-0004,6829,1089,,-25.06,9,0.8888888888888888,1.0,0.8888888888888888,-0.04553286486742901,-0.11110235001908009,-27.596087429563273,1,3.5,3.5,1.0,HUBERT_BASE,6
5683-32866-0009_5142-33396-0031__T1__SCV3FIX__VOICE-5683_CONTENT-5142-5142-33396-0031,5683,5142,,10.82,14,0.0,0.0,0.0,0.08845787441903148,0.03893512154760781,28.36864102510424,0,0.0,0.0,-1.0,HUBERT_BASE,6
4992-23283-0000_237-134493-0017__T1__SCV3FIX__VOICE-4992_CONTENT-237-237-134493-0017,4992,237,,8.25,12,0.0,0.08333333333333333,0.0,0.07269992135147652,0.019211768719768485,23.97492382652524,0,0.0,0.0,-1.0,HUBERT_BASE,6
237-134500-0026_260-123286-0016__T2__SCV3FIX__VOICE-260_CONTENT-237-237-134500-0026,260,237,,7.16,5,0.2,0.0,0.0,0.07071054267394987,-0.03830213495913415,25.859002138705847,0,0.0,0.0,-1.0,HUBERT_BASE,6
1995-1836-0008_5683-32866-0006__T2__SCV3FIX__VOICE-5683_CONTENT-1995-1995-1836-0008,5683,1995,,10.93,7,0.0,0.0,0.0,0.13706649150597752,0.04693705491720912,39.052189364547054,0,0.0,0.0,-1.0,HUBERT_BASE,6
4446-2273-0004_6829-68769-0009__T1__SCV3FIX__VOICE-4446_CONTENT-6829-6829-68769-0009,4446,6829,,-20.78,7,0.8571428571428571,1.0,0.8571428571428571,-0.044463975333685055,-0.08839809717765579,-26.194222392430852,1,3.0,3.0,0.5,HUBERT_BASE,6
1188-133604-0027_4446-2275-0032__T1__SCV3FIX__VOICE-1188_CONTENT-4446-4446-2275-0032,1188,4446,,4.43,5,0.6,0.0,0.0,-0.030152821689555197,-0.2734970583277627,20.783781789131734,1,1.0,1.0,1.5,HUBERT_BASE,6
5142-33396-0019_8463-294828-0010__T2__SCV3FIX__VOICE-8463_CONTENT-5142-5142-33396-0019,8463,5142,,4.02,8,0.625,0.5,0.375,0.012401765693889413,-0.026670814616774008,7.380096324326747,1,1.5,1.5,0.0,HUBERT_BASE,6
1580-141083-0027_6930-75918-0005__T2__SCV3FIX__VOICE-6930_CONTENT-1580-1580-141083-0027,6930,1580,,10.46,9,0.0,0.0,0.0,0.0793288443478747,0.036693810682749795,36.78911617673859,0,0.0,0.0,-1.0,HUBERT_BASE,6
4970-29093-0019_4446-2275-0010__T2__SCV3FIX__VOICE-4446_CONTENT-4970-4970-29093-0019,4446,4970,,-22.29,6,1.0,1.0,1.0,-0.04307247327111143,-0.08009308416397698,-21.999110577340513,1,3.0,3.0,0.0,HUBERT_BASE,6
4992-23283-0000_121-127105-0011__T1__SCV3FIX__VOICE-4992_CONTENT-121-121-127105-0011,4992,121,,-0.04,10,0.8,0.6,0.6,-0.007909442605127336,-0.05732202415263188,2.768849466920989,2,3.0,2.0,0.0,HUBERT_BASE,6
260-123288-0027_1995-1826-0001__T1__SCV3FIX__VOICE-260_CONTENT-1995-1995-1826-0001,260,1995,,11.58,11,0.0,0.0,0.0,0.10662173302513499,0.04812211515410414,34.04105836810907,0,0.0,0.0,-1.0,HUBERT_BASE,6
1089-134691-0002_4507-16021-0036__T1__SCV3FIX__VOICE-1089_CONTENT-4507-4507-16021-0036,1089,4507,,12.59,9,0.0,0.0,0.0,0.11745822957038324,0.06273853476414781,42.70937488439783,0,0.0,0.0,-1.0,HUBERT_BASE,6
2961-961-0009_5683-32865-0003__T2__SCV3FIX__VOICE-5683_CONTENT-2961-2961-961-0009,5683,2961,,2.0,6,0.6666666666666666,0.16666666666666666,0.16666666666666666,-0.03442567572621034,-0.13431561525146807,3.9330016278754116,1,1.0,1.0,1.0,HUBERT_BASE,6
5683-32866-0020_1188-133604-0020__T1__SCV3FIX__VOICE-5683_CONTENT-1188-1188-133604-0020,5683,1188,,10.98,6,0.0,0.0,0.0,0.13780620156547985,0.06695902095270756,36.111572218030076,0,0.0,0.0,-1.0,HUBERT_BASE,6
672-122797-0031_908-31957-0013__T1__SCV3FIX__VOICE-672_CONTENT-908-908-31957-0013,672,908,,10.89,6,0.0,0.0,0.0,0.04913639131505424,0.022426606112807113,30.798889732108673,0,0.0,0.0,-1.0,HUBERT_BASE,6
5105-28240-0019_1284-1181-0020__T2__SCV3FIX__VOICE-1284_CONTENT-5105-5105-28240-0019,1284,5105,,-10.56,11,0.9090909090909091,0.9090909090909091,0.9090909090909091,-0.08297388406869513,-0.20703215294835087,-20.224365923178347,2,3.0,2.5,0.0,HUBERT_BASE,6
8555-284449-0009_61-70968-0032__T2__SCV3FIX__VOICE-61_CONTENT-8555-8555-284449-0009,61,8555,,7.93,5,0.0,0.0,0.0,0.1946473881914597,0.12850558500770815,36.872418437368246,0,0.0,0.0,-1.0,HUBERT_BASE,6
4446-2273-0022_2094-142345-0057__T1__SCV3FIX__VOICE-4446_CONTENT-2094-2094-142345-0057,4446,2094,,-4.44,10,0.6,0.2,0.2,-0.020986454834529277,-0.09775239033697491,6.315719462956205,2,1.0,1.0,0.0,HUBERT_BASE,6
3729-6852-0042_6829-68769-0007__T1__SCV3FIX__VOICE-3729_CONTENT-6829-6829-68769-0007,3729,6829,,-12.51,6,0.8333333333333334,1.0,0.8333333333333334,-0.05790600068892628,-0.12117051800814382,-26.08611290317444,2,1.5,1.25,0.0,HUBERT_BASE,6
8555-284449-0009_4992-41797-0020__T1__SCV3FIX__VOICE-8555_CONTENT-4992-4992-41797-0020,8555,4992,,-12.88,5,0.6,0.8,0.4,-0.02109862861712981,-0.07046824972766808,-9.434300234905868,1,1.0,1.0,1.0,HUBERT_BASE,6
8224-274384-0005_5639-40744-0021__T2__SCV3FIX__VOICE-5639_CONTENT-8224-8224-274384-0005,5639,8224,,-12.04,16,0.9375,0.875,0.875,-0.08656818839822253,-0.20413839299877445,-22.49728800244805,1,7.5,7.5,0.5,HUBERT_BASE,6
2961-961-0012_4992-41797-0016__T1__SCV3FIX__VOICE-2961_CONTENT-4992-4992-41797-0016,2961,4992,,-23.56,5,1.0,1.0,1.0,-0.06455720569612067,-0.11999946592657929,-20.525849445299883,1,2.5,2.5,0.0,HUBERT_BASE,6
1188-133604-0020_1320-122617-0025__T1__SCV3FIX__VOICE-1188_CONTENT-1320-1320-122617-0025,1188,1320,,9.57,11,0.0,0.0,0.0,0.11012368275111153,0.06371837479686404,28.622182129151415,0,0.0,0.0,-1.0,HUBERT_BASE,6
1995-1826-0020_61-70970-0027__T1__SCV3FIX__VOICE-1995_CONTENT-61-61-70970-0027,1995,61,,-19.97,9,1.0,1.0,1.0,-0.11988663993512914,-0.2028371055089928,-31.240184611773696,1,4.5,4.5,0.0,HUBERT_BASE,6
6829-68769-0053_1320-122617-0011__T2__SCV3FIX__VOICE-1320_CONTENT-6829-6829-68769-0053,1320,6829,,11.09,11,0.0,0.0,0.0,0.11515982968373657,0.07114750004570847,38.31531283047901,0,0.0,0.0,-1.0,HUBERT_BASE,6
6930-76324-0013_5142-33396-0031__T2__SCV3FIX__VOICE-5142_CONTENT-6930-6930-76324-0013,5142,6930,,-25.85,7,1.0,1.0,1.0,-0.10323476120870333,-0.15989995846103133,-32.51981780377751,1,3.5,3.5,0.0,HUBERT_BASE,6
61-70970-0011_8230-279154-0028__T2__SCV3FIX__VOICE-8230_CONTENT-61-61-70970-0011,8230,61,,6.39,11,0.0,0.0,0.0,0.08499894159589866,0.039589108604503265,27.21965068348218,0,0.0,0.0,-1.0,HUBERT_BASE,6
1284-1181-0012_672-122797-0040__T1__SCV3FIX__VOICE-1284_CONTENT-672-672-122797-0040,1284,672,,-29.96,9,1.0,1.0,1.0,-0.09929993088229071,-0.17414903292449002,-35.21798122037281,1,4.5,4.5,0.0,HUBERT_BASE,6
4507-16021-0025_5142-33396-0044__T2__SCV3FIX__VOICE-5142_CONTENT-4507-4507-16021-0025,5142,4507,,18.43,8,0.0,0.0,0.0,0.05832514078826803,0.011219497547765522,37.11865873054188,0,0.0,0.0,-1.0,HUBERT_BASE,6
237-134493-0011_672-122797-0012__T2__SCV3FIX__VOICE-672_CONTENT-237-237-134493-0011,672,237,,8.09,9,0.2222222222222222,0.0,0.0,0.038476171186097904,-0.013555168834426423,19.70038663154784,1,1.0,1.0,2.5,HUBERT_BASE,6
5105-28240-0021_7176-88083-0024__T2__SCV3FIX__VOICE-7176_CONTENT-5105-5105-28240-0021,7176,5105,,9.11,15,0.0,0.0,0.0,0.1059012775912674,0.026848315655660704,32.47627242950721,0,0.0,0.0,-1.0,HUBERT_BASE,6
7729-102255-0005_7021-85628-0005__T2__SCV3FIX__VOICE-7021_CONTENT-7729-7729-102255-0005,7021,7729,,3.95,9,0.5555555555555556,0.2222222222222222,0.2222222222222222,-0.019707179123525192,-0.12926263501086221,10.414118078549658,1,2.0,2.0,0.0,HUBERT_BASE,6
1089-134691-0025_4970-29095-0012__T1__SCV3FIX__VOICE-1089_CONTENT-4970-4970-29095-0012,1089,4970,,10.32,8,0.0,0.0,0.0,0.12081736019230178,0.07670962657097113,34.70333762604585,0,0.0,0.0,-1.0,HUBERT_BASE,6
8463-294828-0034_4992-41806-0017__T1__SCV3FIX__VOICE-8463_CONTENT-4992-4992-41806-0017,8463,4992,,7.75,6,0.16666666666666666,0.16666666666666666,0.16666666666666666,0.05213780009320016,-0.02460265257044858,8.74477821993723,0,0.0,0.0,-1.0,HUBERT_BASE,6
7176-88083-0019_2830-3980-0037__T2__SCV3FIX__VOICE-2830_CONTENT-7176-7176-88083-0019,2830,7176,,14.26,10,0.2,0.0,0.0,0.028308174508841953,-0.10737646698606829,22.54453942096116,1,1.0,1.0,3.5,HUBERT_BASE,6
1089-134691-0017_5142-36586-0004__T1__SCV3FIX__VOICE-1089_CONTENT-5142-5142-36586-0004,1089,5142,,-24.01,6,1.0,1.0,1.0,-0.0980544618522096,-0.1693093280153649,-23.17336442718037,1,3.0,3.0,0.0,HUBERT_BASE,6
7127-75946-0016_7176-92135-0006__T2__SCV3FIX__VOICE-7176_CONTENT-7127-7127-75946-0016,7176,7127,,8.35,14,0.0,0.0,0.0,0.11323363224108497,0.05496097475368922,30.174298942491355,0,0.0,0.0,-1.0,HUBERT_BASE,6
672-122797-0018_61-70970-0019__T1__SCV3FIX__VOICE-672_CONTENT-61-61-70970-0019,672,61,,-2.89,6,1.0,1.0,1.0,-0.11359204687999475,-0.2115530925401784,-10.361735792918568,1,3.0,3.0,0.0,HUBERT_BASE,6
1089-134686-0007_8455-210777-0052__T2__SCV3FIX__VOICE-8455_CONTENT-1089-1089-134686-0007,8455,1089,,-17.74,6,1.0,1.0,1.0,-0.11263662305079619,-0.2559532635188144,-36.71909592602337,1,3.0,3.0,0.0,HUBERT_BASE,6
5142-36377-0003_1221-135767-0010__T2__SCV3FIX__VOICE-1221_CONTENT-5142-5142-36377-0003,1221,5142,,-11.24,6,0.8333333333333334,1.0,0.8333333333333334,-0.05300664966230578,-0.10101735856409166,-25.563845423124636,1,2.5,2.5,0.0,HUBERT_BASE,6
4446-2275-0022_6930-81414-0012__T1__SCV3FIX__VOICE-4446_CONTENT-6930-6930-81414-0012,4446,6930,,-18.12,5,1.0,1.0,1.0,-0.06594807138702416,-0.11461615333206665,-20.01835935152647,1,2.5,2.5,0.0,HUBERT_BASE,6
4077-13751-0013_4970-29095-0024__T1__SCV3FIX__VOICE-4077_CONTENT-4970-4970-29095-0024,4077,4970,,17.13,7,0.0,0.0,0.0,0.09761803433142426,0.04195737754830364,37.497321744314604,0,0.0,0.0,-1.0,HUBERT_BASE,6
1089-134691-0016_260-123286-0009__T2__SCV3FIX__VOICE-260_CONTENT-1089-1089-134691-0016,260,1089,,-25.29,10,0.7,1.0,0.7,-0.0456134931648481,-0.11081999979227652,-23.596355985670748,2,2.0,1.5,0.0,HUBERT_BASE,6
4077-13754-0004_5142-36377-0020__T2__SCV3FIX__VOICE-5142_CONTENT-4077-4077-13754-0004,5142,4077,,-11.59,8,0.75,1.0,0.75,-0.019234113588660923,-0.09365921886813744,-13.71653612335062,2,2.0,1.5,0.0,HUBERT_BASE,6
61-70970-0040_7729-102255-0019__T2__SCV3FIX__VOICE-7729_CONTENT-61-61-70970-0040,7729,61,,10.01,7,0.0,0.0,0.0,0.0741406282044327,0.019146991349198506,25.084950906654708,0,0.0,0.0,-1.0,HUBERT_BASE,6
2961-960-0020_237-134493-0005__T1__SCV3FIX__VOICE-2961_CONTENT-237-237-134493-0005,2961,237,,7.21,18,0.05555555555555555,0.1111111111111111,0.05555555555555555,0.09804523401851976,-0.012524244063113588,32.95355049338248,0,0.0,0.0,-1.0,HUBERT_BASE,6
8555-284447-0000_7021-85628-0009__T1__SCV3FIX__VOICE-8555_CONTENT-7021-7021-85628-0009,8555,7021,,-24.29,16,1.0,1.0,1.0,-0.10382995251650043,-0.24085838267882587,-38.711236605578875,1,8.0,8.0,0.0,HUBERT_BASE,6
6930-81414-0008_4446-2275-0038__T1__SCV3FIX__VOICE-6930_CONTENT-4446-4446-2275-0038,6930,4446,,15.49,8,0.0,0.0,0.0,0.061825297425255776,0.003514997247215379,28.767368139188516,0,0.0,0.0,-1.0,HUBERT_BASE,6
2300-131720-0036_4507-16021-0009__T2__SCV3FIX__VOICE-4507_CONTENT-2300-2300-131720-0036,4507,2300,,6.09,13,0.38461538461538464,0.15384615384615385,0.15384615384615385,-0.0073827919853609505,-0.18177563671957586,10.132130898349413,2,1.5,1.25,2.5,HUBERT_BASE,6
7176-88083-0000_61-70970-0022__T2__SCV3FIX__VOICE-61_CONTENT-7176-7176-88083-0000,61,7176,,4.64,6,0.16666666666666666,0.0,0.0,0.06687002620778278,-0.021366063888106135,15.607970594881246,0,0.0,0.0,-1.0,HUBERT_BASE,6
2094-142345-0051_260-123440-0017__T2__SCV3FIX__VOICE-260_CONTENT-2094-2094-142345-0051,260,2094,,12.17,5,0.0,0.0,0.0,0.085853979554286,0.02681064711895509,50.00773000682923,0,0.0,0.0,-1.0,HUBERT_BASE,6
5142-33396-0038_4446-2275-0021__T1__SCV3FIX__VOICE-5142_CONTENT-4446-4446-2275-0021,5142,4446,,-12.14,7,0.5714285714285714,0.42857142857142855,0.42857142857142855,0.0654929129521141,-0.07939321299448665,-1.9226036444654706,1,2.0,2.0,0.0,HUBERT_BASE,6
61-70968-0003_5105-28240-0000__T2__SCV3FIX__VOICE-5105_CONTENT-61-61-70968-0003,5105,61,,-7.07,7,1.0,0.7142857142857143,0.7142857142857143,-0.06179903194247181,-0.08092145652587102,-10.670250807449316,1,3.5,3.5,0.0,HUBERT_BASE,6
6829-68771-0033_4507-16021-0059__T2__SCV3FIX__VOICE-4507_CONTENT-6829-6829-68771-0033,4507,6829,,-32.02,8,1.0,1.0,1.0,-0.09675792437706204,-0.19574209111862007,-43.89826708746962,1,4.0,4.0,0.0,HUBERT_BASE,6
908-157963-0018_1320-122617-0014__T1__SCV3FIX__VOICE-908_CONTENT-1320-1320-122617-0014,908,1320,,8.38,7,0.0,0.0,0.0,0.11099687934969363,0.019939070720746854,27.659551330365154,0,0.0,0.0,-1.0,HUBERT_BASE,6
2961-961-0006_1995-1837-0029__T1__SCV3FIX__VOICE-2961_CONTENT-1995-1995-1837-0029,2961,1995,,5.53,8,0.0,0.0,0.0,0.09131736710627567,0.022252380402883354,29.979751366894853,0,0.0,0.0,-1.0,HUBERT_BASE,6
2094-142345-0029_1995-1837-0012__T2__SCV3FIX__VOICE-1995_CONTENT-2094-2094-142345-0029,1995,2094,,-3.09,15,0.4666666666666667,0.6666666666666666,0.3333333333333333,0.0059974771680183355,-0.12892474226741213,-5.033084317690157,2,2.0,1.75,0.0,HUBERT_BASE,6
8555-284447-0009_260-123440-0012__T2__SCV3FIX__VOICE-260_CONTENT-8555-8555-284447-0009,260,8555,,-16.49,5,1.0,1.0,1.0,-0.06101654939428767,-0.10688382810470864,-25.929827754013104,1,2.5,2.5,0.0,HUBERT_BASE,6
908-157963-0028_7021-85628-0018__T1__SCV3FIX__VOICE-908_CONTENT-7021-7021-85628-0018,908,7021,,1.17,8,0.5,0.25,0.0,0.049275077594947925,-0.060856096769130175,7.517453939186813,1,1.5,1.5,1.0,HUBERT_BASE,6
1284-1180-0017_1580-141084-0031__T1__SCV3FIX__VOICE-1284_CONTENT-1580-1580-141084-0031,1284,1580,,10.94,11,0.0,0.0,0.0,0.06440342158753157,0.021735965770877663,45.23882004892825,0,0.0,0.0,-1.0,HUBERT_BASE,6
2094-142345-0050_1580-141083-0042__T2__SCV3FIX__VOICE-1580_CONTENT-2094-2094-142345-0050,1580,2094,,-29.08,7,1.0,1.0,1.0,-0.047211279160527045,-0.10549615999170414,-40.72395870348678,1,3.5,3.5,0.0,HUBERT_BASE,6
6829-68771-0033_4507-16021-0059__T1__SCV3FIX__VOICE-6829_CONTENT-4507-4507-16021-0059,6829,4507,,15.76,8,0.0,0.0,0.0,0.08632695309133548,0.012614675813897303,36.23049954350674,0,0.0,0.0,-1.0,HUBERT_BASE,6
908-31957-0017_5683-32866-0013__T2__SCV3FIX__VOICE-5683_CONTENT-908-908-31957-0017,5683,908,,14.88,14,0.0,0.0,0.0,0.10072046072637418,0.014549077133370503,31.848369427921902,0,0.0,0.0,-1.0,HUBERT_BASE,6
2300-131720-0006_8455-210777-0043__T1__SCV3FIX__VOICE-2300_CONTENT-8455-8455-210777-0043,2300,8455,,-8.13,5,0.8,0.2,0.2,-0.04460581391611065,-0.19524586973978453,6.813993432326555,2,1.0,1.0,0.0,HUBERT_BASE,6
4446-2273-0023_260-123288-0011__T2__SCV3FIX__VOICE-260_CONTENT-4446-4446-2273-0023,260,4446,,14.29,11,0.0,0.0,0.0,0.10309635456477974,0.02264660686538622,46.40693096539698,0,0.0,0.0,-1.0,HUBERT_BASE,6
6930-76324-0023_61-70968-0023__T2__SCV3FIX__VOICE-61_CONTENT-6930-6930-76324-0023,61,6930,,9.06,8,0.0,0.0,0.0,0.07089665768881954,0.04490931304305812,27.574511582923947,0,0.0,0.0,-1.0,HUBERT_BASE,6
5142-33396-0001_6930-76324-0005__T1__SCV3FIX__VOICE-5142_CONTENT-6930-6930-76324-0005,5142,6930,,-17.66,9,1.0,1.0,1.0,-0.13613972425155582,-0.21946471490620745,-34.7842583525611,1,4.5,4.5,0.0,HUBERT_BASE,6
3570-5694-0018_121-127105-0036__T1__SCV3FIX__VOICE-3570_CONTENT-121-121-127105-0036,3570,121,,1.68,7,0.14285714285714285,0.0,0.0,0.058030607024261625,-0.035117746790301,14.289782776733466,0,0.0,0.0,-1.0,HUBERT_BASE,6
2830-3980-0061_5639-40744-0019__T1__SCV3FIX__VOICE-2830_CONTENT-5639-5639-40744-0019,2830,5639,,2.77,13,0.5384615384615384,0.15384615384615385,0.07692307692307693,-0.01474321888928329,-0.25451291615441773,4.409822963874997,3,1.0,1.0,0.0,HUBERT_BASE,6
5639-40744-0006_672-122797-0026__T1__SCV3FIX__VOICE-5639_CONTENT-672-672-122797-0026,5639,672,,2.03,15,0.13333333333333333,0.26666666666666666,0.06666666666666667,0.0918726725075378,-0.05307494485989994,10.089145090075856,0,0.0,0.0,-1.0,HUBERT_BASE,6
4970-29095-0020_4507-16021-0038__T1__SCV3FIX__VOICE-4970_CONTENT-4507-4507-16021-0038,4970,4507,,-8.75,6,0.5,0.6666666666666666,0.5,-0.0019613828682118286,-0.0647766577163077,0.8250065662670917,1,1.0,1.0,0.0,HUBERT_BASE,6
5142-33396-0028_7729-102255-0024__T2__SCV3FIX__VOICE-7729_CONTENT-5142-5142-33396-0028,7729,5142,,12.64,6,0.0,0.0,0.0,0.09603048429075374,0.062490104379165246,36.46191661820695,0,0.0,0.0,-1.0,HUBERT_BASE,6
3570-5694-0011_672-122797-0074__T2__SCV3FIX__VOICE-672_CONTENT-3570-3570-5694-0011,672,3570,,17.02,15,0.0,0.0,0.0,0.14128429156689717,0.004503553436302932,44.9544022736688,0,0.0,0.0,-1.0,HUBERT_BASE,6
8555-284447-0009_4507-16021-0048__T1__SCV3FIX__VOICE-8555_CONTENT-4507-4507-16021-0048,8555,4507,,11.96,5,0.0,0.0,0.0,0.04521591476532425,0.023999213692379007,30.486491587592656,0,0.0,0.0,-1.0,HUBERT_BASE,6
8230-279154-0027_7127-75946-0021__T2__SCV3FIX__VOICE-7127_CONTENT-8230-8230-279154-0027,7127,8230,,17.79,5,0.0,0.0,0.0,0.09702432311204678,0.0369479732199125,30.456111457511355,0,0.0,0.0,-1.0,HUBERT_BASE,6
1089-134691-0006_4446-2275-0012__T1__SCV3FIX__VOICE-1089_CONTENT-4446-4446-2275-0012,1089,4446,,11.08,10,0.0,0.0,0.0,0.12444848863476407,0.051630853574011315,37.73516443527633,0,0.0,0.0,-1.0,HUBERT_BASE,6
3570-5694-0002_61-70968-0032__T2__SCV3FIX__VOICE-61_CONTENT-3570-3570-5694-0002,61,3570,,13.32,7,0.0,0.0,0.0,0.0857649547623364,0.03767239972110026,34.573166509474774,0,0.0,0.0,-1.0,HUBERT_BASE,6
3575-170457-0054_61-70970-0035__T1__SCV3FIX__VOICE-3575_CONTENT-61-61-70970-0035,3575,61,,4.52,13,0.3076923076923077,0.07692307692307693,0.07692307692307693,0.031607991622137205,-0.19001710745674893,14.453248596847185,2,1.0,1.0,2.5,HUBERT_BASE,6
4507-16021-0022_8455-210777-0064__T1__SCV3FIX__VOICE-4507_CONTENT-8455-8455-210777-0064,4507,8455,,-21.69,6,1.0,1.0,1.0,-0.08465586323190462,-0.11864126982278311,-40.647675717668854,1,3.0,3.0,0.0,HUBERT_BASE,6
7729-102255-0018_3575-170457-0037__T2__SCV3FIX__VOICE-3575_CONTENT-7729-7729-102255-0018,3575,7729,,-22.26,20,1.0,1.0,1.0,-0.13924048695418062,-0.3889283460079016,-33.378287600408875,1,10.0,10.0,0.0,HUBERT_BASE,6
4507-16021-0046_121-127105-0023__T1__SCV3FIX__VOICE-4507_CONTENT-121-121-127105-0023,4507,121,,12.64,8,0.25,0.0,0.0,0.05283396130391199,-0.012563283954434068,37.33257274908513,1,1.0,1.0,2.0,HUBERT_BASE,6
8230-279154-0034_5142-33396-0014__T1__SCV3FIX__VOICE-8230_CONTENT-5142-5142-33396-0014,8230,5142,,12.18,5,0.0,0.0,0.0,0.08202060460680571,0.042820216921099274,36.453557976444095,0,0.0,0.0,-1.0,HUBERT_BASE,6
1580-141083-0027_7127-75947-0008__T1__SCV3FIX__VOICE-1580_CONTENT-7127-7127-75947-0008,1580,7127,,-24.57,7,1.0,1.0,1.0,-0.11651160304761608,-0.18347554945660693,-42.09400211814107,1,3.5,3.5,0.0,HUBERT_BASE,6
4970-29093-0019_121-121726-0000__T1__SCV3FIX__VOICE-4970_CONTENT-121-121-121726-0000,4970,121,,14.68,13,0.0,0.0,0.0,0.06447473082993103,0.01671404157324341,34.63377534413931,0,0.0,0.0,-1.0,HUBERT_BASE,6
8463-287645-0003_5105-28240-0011__T2__SCV3FIX__VOICE-5105_CONTENT-8463-8463-287645-0003,5105,8463,,14.5,11,0.0,0.0,0.0,0.11378584005037357,0.04134023106864215,36.01976564388187,0,0.0,0.0,-1.0,HUBERT_BASE,6
1995-1837-0007_61-70970-0010__T2__SCV3FIX__VOICE-61_CONTENT-1995-1995-1837-0007,61,1995,,13.19,5,0.0,0.0,0.0,0.13169549754625154,0.06675554062383482,34.041418622995266,0,0.0,0.0,-1.0,HUBERT_BASE,6
6930-81414-0011_4992-41806-0006__T2__SCV3FIX__VOICE-4992_CONTENT-6930-6930-81414-0011,4992,6930,,-24.82,8,1.0,1.0,1.0,-0.09857333088357553,-0.19236889783822952,-42.71313194961412,1,4.0,4.0,0.0,HUBERT_BASE,6
1284-1180-0006_6829-68769-0002__T2__SCV3FIX__VOICE-6829_CONTENT-1284-1284-1180-0006,6829,1284,,11.36,5,0.2,0.0,0.0,0.019136693752684765,-0.015146186902510572,21.981429853622437,0,0.0,0.0,-1.0,HUBERT_BASE,6
1284-1181-0008_4970-29095-0030__T2__SCV3FIX__VOICE-4970_CONTENT-1284-1284-1181-0008,4970,1284,,-14.28,8,1.0,1.0,1.0,-0.05514575510145993,-0.08842593632712714,-22.63086631749467,1,4.0,4.0,0.0,HUBERT_BASE,6
8555-284449-0013_4992-23283-0013__T1__SCV3FIX__VOICE-8555_CONTENT-4992-4992-23283-0013,8555,4992,,0.09,10,0.3,0.1,0.1,0.02766026303604019,-0.09832120331109062,6.003566134488477,1,1.0,1.0,1.5,HUBERT_BASE,6
672-122797-0061_2961-961-0015__T2__SCV3FIX__VOICE-2961_CONTENT-672-672-122797-0061,2961,672,,4.63,12,0.0,0.0,0.0,0.0998371723068829,0.04472428944541185,17.11416793351608,0,0.0,0.0,-1.0,HUBERT_BASE,6
4507-16021-0011_1320-122612-0016__T1__SCV3FIX__VOICE-4507_CONTENT-1320-1320-122612-0016,4507,1320,,-20.28,5,1.0,1.0,1.0,-0.1188495637559901,-0.14404451558987397,-40.66188240628289,1,2.5,2.5,0.0,HUBERT_BASE,6
5683-32879-0023_6829-68771-0003__T2__SCV3FIX__VOICE-6829_CONTENT-5683-5683-32879-0023,6829,5683,,-22.13,7,0.7142857142857143,1.0,0.7142857142857143,-0.06441636632434834,-0.1460350896757202,-20.992512371876707,1,2.0,2.0,1.5,HUBERT_BASE,6
1284-1180-0007_260-123286-0015__T2__SCV3FIX__VOICE-260_CONTENT-1284-1284-1180-0007,260,1284,,11.64,9,0.1111111111111111,0.0,0.0,0.08135172725283314,-0.0875361315633324,32.173255224440766,0,0.0,0.0,-1.0,HUBERT_BASE,6
3729-6852-0031_121-127105-0034__T2__SCV3FIX__VOICE-121_CONTENT-3729-3729-6852-0031,121,3729,,-14.27,7,1.0,1.0,1.0,-0.17658705590104015,-0.3178111446660268,-26.140945335913244,1,3.5,3.5,0.0,HUBERT_BASE,6
7127-75947-0018_1580-141084-0015__T2__SCV3FIX__VOICE-1580_CONTENT-7127-7127-75947-0018,1580,7127,,-26.08,5,1.0,1.0,1.0,-0.061479773077759536,-0.1096012096047051,-31.06084748534128,1,2.5,2.5,0.0,HUBERT_BASE,6
4992-23283-0008_7021-79740-0004__T1__SCV3FIX__VOICE-4992_CONTENT-7021-7021-79740-0004,4992,7021,,-1.57,8,0.125,0.125,0.0,0.10916733504993732,-0.0359574570591531,14.289012243765562,0,0.0,0.0,-1.0,HUBERT_BASE,6
1089-134691-0006_4446-2275-0026__T1__SCV3FIX__VOICE-1089_CONTENT-4446-4446-2275-0026,1089,4446,,12.3,9,0.0,0.0,0.0,0.09475597610541847,0.05089080838593807,38.54601577357036,0,0.0,0.0,-1.0,HUBERT_BASE,6
908-157963-0006_6829-68769-0033__T1__SCV3FIX__VOICE-908_CONTENT-6829-6829-68769-0033,908,6829,,13.23,7,0.0,0.0,0.0,0.06938614804641384,0.040787513303426115,30.92827039493392,0,0.0,0.0,-1.0,HUBERT_BASE,6
3729-6852-0022_6930-76324-0004__T2__SCV3FIX__VOICE-6930_CONTENT-3729-3729-6852-0022,6930,3729,,9.23,11,0.18181818181818182,0.18181818181818182,0.09090909090909091,0.06547436971204737,-0.04927563862451789,17.897366391709106,0,0.0,0.0,-1.0,HUBERT_BASE,6
7176-88083-0002_1221-135767-0019__T2__SCV3FIX__VOICE-1221_CONTENT-7176-7176-88083-0002,1221,7176,,14.39,6,0.0,0.0,0.0,0.050334634374910814,0.002929389767398871,32.164971887093316,0,0.0,0.0,-1.0,HUBERT_BASE,6
5142-33396-0011_260-123288-0006__T2__SCV3FIX__VOICE-260_CONTENT-5142-5142-33396-0011,260,5142,,6.06,6,0.16666666666666666,0.0,0.0,0.0644553902915878,-0.08391511772619953,25.90881883483733,0,0.0,0.0,-1.0,HUBERT_BASE,6
2830-3980-0048_6930-76324-0003__T1__SCV3FIX__VOICE-2830_CONTENT-6930-6930-76324-0003,2830,6930,,3.5,5,0.0,0.0,0.0,0.07771384752679089,0.031180743273119704,35.87326562335833,0,0.0,0.0,-1.0,HUBERT_BASE,6
6930-75918-0004_4446-2273-0035__T2__SCV3FIX__VOICE-4446_CONTENT-6930-6930-75918-0004,4446,6930,,4.63,11,0.36363636363636365,0.18181818181818182,0.18181818181818182,0.022012719631288633,-0.1302114776682708,9.807662336100814,1,2.0,2.0,3.0,HUBERT_BASE,6
4507-16021-0053_2300-131720-0005__T1__SCV3FIX__VOICE-4507_CONTENT-2300-2300-131720-0005,4507,2300,,-25.22,12,0.9166666666666666,1.0,0.9166666666666666,-0.09126986214416681,-0.19140679402240113,-35.366832628329455,1,5.5,5.5,0.5,HUBERT_BASE,6
237-126133-0004_8455-210777-0033__T2__SCV3FIX__VOICE-8455_CONTENT-237-237-126133-0004,8455,237,,10.78,5,0.0,0.0,0.0,0.08279884077989912,0.04339820583319254,31.467134834388936,0,0.0,0.0,-1.0,HUBERT_BASE,6
4992-41806-0015_260-123440-0020__T1__SCV3FIX__VOICE-4992_CONTENT-260-260-123440-0020,4992,260,,-14.95,8,0.75,1.0,0.75,-0.015459276906121242,-0.054074584356282984,-15.147784729971661,1,2.0,2.0,0.0,HUBERT_BASE,6
8224-274384-0007_6930-76324-0002__T2__SCV3FIX__VOICE-6930_CONTENT-8224-8224-274384-0007,6930,8224,,-15.43,10,1.0,1.0,1.0,-0.11442970991465792,-0.16161894328572757,-38.45161896794063,1,5.0,5.0,0.0,HUBERT_BASE,6
3575-170457-0044_1089-134686-0017__T1__SCV3FIX__VOICE-3575_CONTENT-1089-1089-134686-0017,3575,1089,,-25.02,16,1.0,1.0,1.0,-0.09035665764806318,-0.2576745830452012,-33.85848790739453,1,8.0,8.0,0.0,HUBERT_BASE,6
1089-134686-0002_7729-102255-0037__T2__SCV3FIX__VOICE-7729_CONTENT-1089-1089-134686-0002,7729,1089,,-4.65,12,0.5833333333333334,0.8333333333333334,0.5833333333333334,-0.01484806638652684,-0.10188799455451758,-4.749603294321806,2,2.5,1.75,1.0,HUBERT_BASE,6
7729-102255-0001_260-123286-0006__T1__SCV3FIX__VOICE-7729_CONTENT-260-260-123286-0006,7729,260,,6.06,5,0.0,0.0,0.0,0.053917300235854636,0.014509260364264254,17.834985622894436,0,0.0,0.0,-1.0,HUBERT_BASE,6
7127-75946-0024_3575-170457-0038__T2__SCV3FIX__VOICE-3575_CONTENT-7127-7127-75946-0024,3575,7127,,-31.88,9,1.0,1.0,1.0,-0.10107400794120242,-0.20175319506543055,-38.00002598948324,1,4.5,4.5,0.0,HUBERT_BASE,6
4970-29095-0034_4992-23283-0019__T1__SCV3FIX__VOICE-4970_CONTENT-4992-4992-23283-0019,4970,4992,,-17.3,10,1.0,1.0,1.0,-0.08456211811032795,-0.1442318806969386,-38.405519260714335,1,5.0,5.0,0.0,HUBERT_BASE,6
2830-3980-0049_672-122797-0069__T1__SCV3FIX__VOICE-2830_CONTENT-672-672-122797-0069,2830,672,,1.17,5,0.4,0.0,0.0,0.07551165028227855,-0.04849420915946301,14.797725423677274,1,1.0,1.0,0.0,HUBERT_BASE,6
1320-122617-0026_6930-81414-0015__T1__SCV3FIX__VOICE-1320_CONTENT-6930-6930-81414-0015,1320,6930,,14.62,6,0.0,0.0,0.0,0.08005502902973055,0.030716776233503773,44.84429200316032,0,0.0,0.0,-1.0,HUBERT_BASE,6
2094-142345-0023_4507-16021-0002__T2__SCV3FIX__VOICE-4507_CONTENT-2094-2094-142345-0023,4507,2094,,-9.03,5,1.0,0.6,0.6,-0.10855994002544875,-0.21708637041794676,-5.378995666534043,1,2.5,2.5,0.0,HUBERT_BASE,6
1995-1826-0005_7127-75947-0002__T2__SCV3FIX__VOICE-7127_CONTENT-1995-1995-1826-0005,7127,1995,,10.3,5,0.0,0.0,0.0,0.16538791547213466,0.1199970888932197,34.718686671180386,0,0.0,0.0,-1.0,HUBERT_BASE,6
5142-33396-0009_5105-28233-0004__T1__SCV3FIX__VOICE-5142_CONTENT-5105-5105-28233-0004,5142,5105,,-19.1,5,1.0,1.0,1.0,-0.07053902299274684,-0.09629636488876647,-32.9546367729144,1,2.5,2.5,0.0,HUBERT_BASE,6
6930-81414-0002_7021-85628-0023__T2__SCV3FIX__VOICE-7021_CONTENT-6930-6930-81414-0002,7021,6930,,10.29,5,0.0,0.0,0.0,0.043021061610894674,0.02462136842964935,32.75284782635263,0,0.0,0.0,-1.0,HUBERT_BASE,6
8555-284447-0020_908-157963-0014__T1__SCV3FIX__VOICE-8555_CONTENT-908-908-157963-0014,8555,908,,-25.47,7,1.0,1.0,1.0,-0.11529485873222535,-0.15776026834976375,-40.861875340826465,1,3.5,3.5,0.0,HUBERT_BASE,6
6930-76324-0004_61-70968-0047__T2__SCV3FIX__VOICE-61_CONTENT-6930-6930-76324-0004,61,6930,,8.82,8,0.0,0.0,0.0,0.12973176204158562,0.040715693613176285,26.969418122285578,0,0.0,0.0,-1.0,HUBERT_BASE,6
2300-131720-0009_61-70968-0033__T1__SCV3FIX__VOICE-2300_CONTENT-61-61-70968-0033,2300,61,,11.93,10,0.2,0.0,0.0,0.03599370387412637,-0.025819475321313123,21.719163072482463,1,1.0,1.0,2.0,HUBERT_BASE,6
2830-3980-0008_121-127105-0013__T1__SCV3FIX__VOICE-2830_CONTENT-121-121-127105-0013,2830,121,,10.89,8,0.0,0.0,0.0,0.10212081297262637,0.04204082116535435,37.3038235972543,0,0.0,0.0,-1.0,HUBERT_BASE,6
4992-23283-0015_6829-68769-0016__T2__SCV3FIX__VOICE-6829_CONTENT-4992-4992-23283-0015,6829,4992,,1.03,6,0.6666666666666666,0.16666666666666666,0.16666666666666666,-0.01893825235034245,-0.1423827381267715,15.657730790060155,1,2.0,2.0,0.0,HUBERT_BASE,6
8463-294828-0009_5142-33396-0025__T1__SCV3FIX__VOICE-8463_CONTENT-5142-5142-33396-0025,8463,5142,,-3.21,5,0.2,0.8,0.2,0.021098040860894462,-0.01072413332231581,-5.522777921912143,0,0.0,0.0,-1.0,HUBERT_BASE,6
672-122797-0044_7127-75946-0003__T2__SCV3FIX__VOICE-7127_CONTENT-672-672-122797-0044,7127,672,,2.31,6,0.0,0.0,0.0,0.1364983408583716,0.04607468676786397,18.717110140816562,0,0.0,0.0,-1.0,HUBERT_BASE,6
4970-29095-0037_4077-13754-0001__T2__SCV3FIX__VOICE-4077_CONTENT-4970-4970-29095-0037,4077,4970,,14.58,6,0.0,0.0,0.0,0.09310884381817737,0.03066140302938225,32.70386050501062,0,0.0,0.0,-1.0,HUBERT_BASE,6
61-70968-0025_6930-76324-0006__T2__SCV3FIX__VOICE-6930_CONTENT-61-61-70968-0025,6930,61,,-13.7,7,1.0,1.0,1.0,-0.08395053704456133,-0.1194551652422382,-29.713231107445722,1,3.5,3.5,0.0,HUBERT_BASE,6
4077-13754-0000_2830-3980-0074__T1__SCV3FIX__VOICE-4077_CONTENT-2830-2830-3980-0074,4077,2830,,-19.51,8,0.75,1.0,0.75,-0.05733416814776292,-0.14867014281658664,-22.63564653593668,2,2.0,1.5,0.5,HUBERT_BASE,6
8230-279154-0031_121-123859-0003__T2__SCV3FIX__VOICE-121_CONTENT-8230-8230-279154-0031,121,8230,,-26.48,18,1.0,1.0,1.0,-0.1508565787559442,-0.33895970733307035,-46.34724849414184,1,9.0,9.0,0.0,HUBERT_BASE,6
4446-2273-0036_1089-134686-0017__T2__SCV3FIX__VOICE-1089_CONTENT-4446-4446-2273-0036,1089,4446,,15.33,5,0.0,0.0,0.0,0.10793098279687667,0.051935019165785246,47.64420886000545,0,0.0,0.0,-1.0,HUBERT_BASE,6
2961-961-0010_4992-41797-0015__T2__SCV3FIX__VOICE-4992_CONTENT-2961-2961-961-0010,4992,2961,,0.24,14,0.5714285714285714,0.6428571428571429,0.42857142857142855,0.011776171147194212,-0.08815890037881846,-3.115032065632796,2,2.0,1.5,1.5,HUBERT_BASE,6
1284-1181-0018_8555-284447-0008__T2__SCV3FIX__VOICE-8555_CONTENT-1284-1284-1181-0018,8555,1284,,-47.44,5,1.0,1.0,1.0,-0.13817584348911796,-0.1903975567885149,-59.76693144446999,1,2.5,2.5,0.0,HUBERT_BASE,6
672-122797-0039_7127-75946-0015__T1__SCV3FIX__VOICE-672_CONTENT-7127-7127-75946-0015,672,7127,,-3.0,6,0.5,0.5,0.16666666666666666,0.020835922652899703,-0.11934602733255306,6.123479593059475,1,1.0,1.0,2.0,HUBERT_BASE,6
1188-133604-0003_672-122797-0056__T1__SCV3FIX__VOICE-1188_CONTENT-672-672-122797-0056,1188,672,,9.9,9,0.0,0.0,0.0,0.16286263164310913,0.07383644657087474,33.63158242775508,0,0.0,0.0,-1.0,HUBERT_BASE,6
1580-141084-0042_8455-210777-0053__T1__SCV3FIX__VOICE-1580_CONTENT-8455-8455-210777-0053,1580,8455,,-24.41,9,1.0,1.0,1.0,-0.07885283563648113,-0.1607542293263975,-35.561199151534616,1,4.5,4.5,0.0,HUBERT_BASE,6
5142-33396-0053_3729-6852-0037__T1__SCV3FIX__VOICE-5142_CONTENT-3729-3729-6852-0037,5142,3729,,-13.38,6,1.0,1.0,1.0,-0.08832163547379646,-0.13321280213005549,-34.27835643370738,1,3.0,3.0,0.0,HUBERT_BASE,6
121-127105-0005_4507-16021-0046__T2__SCV3FIX__VOICE-4507_CONTENT-121-121-127105-0005,4507,121,,10.4,8,0.0,0.0,0.0,0.10432621512743045,0.04706722403805619,40.21087829390003,0,0.0,0.0,-1.0,HUBERT_BASE,6
3570-5695-0008_7021-79759-0003__T1__SCV3FIX__VOICE-3570_CONTENT-7021-7021-79759-0003,3570,7021,,-27.86,8,0.875,1.0,0.875,-0.06010374816886237,-0.12061452624371538,-36.7435374302947,2,2.0,1.75,0.0,HUBERT_BASE,6
3570-5694-0004_4992-23283-0020__T1__SCV3FIX__VOICE-3570_CONTENT-4992-4992-23283-0020,3570,4992,,-22.12,9,1.0,1.0,1.0,-0.07696169191111506,-0.1305744699693292,-30.571302417178693,1,4.5,4.5,0.0,HUBERT_BASE,6
3575-170457-0051_121-121726-0008__T1__SCV3FIX__VOICE-3575_CONTENT-121-121-121726-0008,3575,121,,-30.01,7,0.8571428571428571,1.0,0.8571428571428571,-0.056422926856302756,-0.19343531897838107,-32.442655310734075,1,3.0,3.0,0.5,HUBERT_BASE,6
61-70968-0011_1221-135767-0013__T1__SCV3FIX__VOICE-61_CONTENT-1221-1221-135767-0013,61,1221,,8.68,11,0.0,0.0,0.0,0.104228764795694,0.0557811282315307,33.004466147014845,0,0.0,0.0,-1.0,HUBERT_BASE,6
5639-40744-0006_4446-2275-0041__T2__SCV3FIX__VOICE-4446_CONTENT-5639-5639-40744-0006,4446,5639,,-26.24,8,1.0,1.0,1.0,-0.12322520995455272,-0.23032981950080733,-39.99452418065701,1,4.0,4.0,0.0,HUBERT_BASE,6
3570-5695-0002_8230-279154-0000__T2__SCV3FIX__VOICE-8230_CONTENT-3570-3570-5695-0002,8230,3570,,10.05,14,0.0,0.0,0.0,0.10525779651569918,0.059835260138405566,45.64395476070314,0,0.0,0.0,-1.0,HUBERT_BASE,6
672-122797-0010_237-134500-0021__T1__SCV3FIX__VOICE-672_CONTENT-237-237-134500-0021,672,237,,9.6,6,0.0,0.0,0.0,0.07993003380484077,0.04488414436217436,29.451203520447745,0,0.0,0.0,-1.0,HUBERT_BASE,6
908-31957-0018_7021-85628-0011__T1__SCV3FIX__VOICE-908_CONTENT-7021-7021-85628-0011,908,7021,,10.55,6,0.0,0.0,0.0,0.0839926608419495,0.06552618610936767,24.067398870265848,0,0.0,0.0,-1.0,HUBERT_BASE,6
5142-36377-0024_2961-961-0015__T2__SCV3FIX__VOICE-2961_CONTENT-5142-5142-36377-0024,2961,5142,,8.33,10,0.1,0.0,0.0,0.060777812576313116,-0.014724434005244591,37.33001807439172,0,0.0,0.0,-1.0,HUBERT_BASE,6
7729-102255-0017_672-122797-0063__T2__SCV3FIX__VOICE-672_CONTENT-7729-7729-102255-0017,672,7729,,-15.56,9,1.0,1.0,1.0,-0.14817580588300036,-0.23318422764185576,-35.15325262945961,1,4.5,4.5,0.0,HUBERT_BASE,6
1995-1837-0015_4077-13751-0001__T1__SCV3FIX__VOICE-1995_CONTENT-4077-4077-13751-0001,1995,4077,,2.4,7,0.0,0.0,0.0,0.08521557061576177,0.009218389990169662,4.998730248845762,0,0.0,0.0,-1.0,HUBERT_BASE,6
6930-76324-0024_8230-279154-0011__T2__SCV3FIX__VOICE-8230_CONTENT-6930-6930-76324-0024,8230,6930,,7.05,7,0.0,0.0,0.0,0.09795400458883087,0.04940438466233166,29.427966178153042,0,0.0,0.0,-1.0,HUBERT_BASE,6
672-122797-0006_5683-32865-0017__T1__SCV3FIX__VOICE-672_CONTENT-5683-5683-32865-0017,672,5683,,6.73,9,0.6666666666666666,0.0,0.0,-0.023750480368032623,-0.10143160025905673,13.691129570669496,1,2.0,2.0,2.5,HUBERT_BASE,6
61-70970-0025_4992-41806-0009__T2__SCV3FIX__VOICE-4992_CONTENT-61-61-70970-0025,4992,61,,9.2,7,0.0,0.0,0.0,0.10445005920858963,0.06115955084859381,25.42765305251839,0,0.0,0.0,-1.0,HUBERT_BASE,6
7127-75947-0025_4970-29095-0022__T2__SCV3FIX__VOICE-4970_CONTENT-7127-7127-75947-0025,4970,7127,,-24.6,8,1.0,1.0,1.0,-0.11415632404492523,-0.1412146659264697,-35.63090191706907,1,4.0,4.0,0.0,HUBERT_BASE,6
3570-5695-0006_1284-1181-0015__T2__SCV3FIX__VOICE-1284_CONTENT-3570-3570-5695-0006,1284,3570,,-2.15,9,0.3333333333333333,0.3333333333333333,0.1111111111111111,0.0200488965904603,-0.05336535188310809,8.17632552078149,0,0.0,0.0,-1.0,HUBERT_BASE,6
61-70968-0009_4446-2271-0011__T2__SCV3FIX__VOICE-4446_CONTENT-61-61-70968-0009,4446,61,,11.13,6,0.0,0.0,0.0,0.12693997154917866,0.07073807736753968,32.871180898790854,0,0.0,0.0,-1.0,HUBERT_BASE,6
2961-961-0015_5683-32865-0015__T2__SCV3FIX__VOICE-5683_CONTENT-2961-2961-961-0015,5683,2961,,-14.76,6,1.0,1.0,1.0,-0.046314517477004415,-0.1139832712264991,-21.48144671755902,1,3.0,3.0,0.0,HUBERT_BASE,6
7127-75947-0032_1188-133604-0010__T1__SCV3FIX__VOICE-7127_CONTENT-1188-1188-133604-0010,7127,1188,,15.49,7,0.0,0.0,0.0,0.08413479215493094,0.032346367189071135,35.855667409129616,0,0.0,0.0,-1.0,HUBERT_BASE,6
5683-32866-0020_8463-294828-0032__T1__SCV3FIX__VOICE-5683_CONTENT-8463-8463-294828-0032,5683,8463,,12.74,6,0.0,0.0,0.0,0.05368485051098102,0.012515181691606148,33.25757703368232,0,0.0,0.0,-1.0,HUBERT_BASE,6
4992-41806-0008_6930-75918-0015__T2__SCV3FIX__VOICE-6930_CONTENT-4992-4992-41806-0008,6930,4992,,16.83,11,0.0,0.0,0.0,0.10264925884088817,0.017109330565694414,42.435254152167246,0,0.0,0.0,-1.0,HUBERT_BASE,6
6930-76324-0004_3729-6852-0000__T2__SCV3FIX__VOICE-3729_CONTENT-6930-6930-76324-0004,3729,6930,,-17.72,11,1.0,1.0,1.0,-0.07108205994947946,-0.16666552572099946,-22.173647106408115,1,5.5,5.5,0.0,HUBERT_BASE,6
8230-279154-0022_1284-1181-0020__T1__SCV3FIX__VOICE-8230_CONTENT-1284-1284-1181-0020,8230,1284,,12.99,11,0.09090909090909091,0.0,0.0,0.08966372678167893,-0.04237651992781877,31.84248497692673,0,0.0,0.0,-1.0,HUBERT_BASE,6
1320-122617-0040_8224-274381-0007__T1__SCV3FIX__VOICE-1320_CONTENT-8224-8224-274381-0007,1320,8224,,-4.27,14,0.42857142857142855,0.9285714285714286,0.42857142857142855,0.004881800201773804,-0.1180764574018891,-12.431959466205601,1,2.0,2.0,1.5,HUBERT_BASE,6
1580-141084-0015_4992-41806-0008__T1__SCV3FIX__VOICE-1580_CONTENT-4992-4992-41806-0008,1580,4992,,-22.19,5,1.0,1.0,1.0,-0.04889961663937033,-0.07363367534842014,-39.40694148091609,1,2.5,2.5,0.0,HUBERT_BASE,6
237-134500-0002_1995-1836-0008__T2__SCV3FIX__VOICE-1995_CONTENT-237-237-134500-0002,1995,237,,10.21,9,0.1111111111111111,0.0,0.0,0.04647280068669882,-0.0315493400797362,35.790464429417625,0,0.0,0.0,-1.0,HUBERT_BASE,6
8455-210777-0040_1995-1826-0020__T1__SCV3FIX__VOICE-8455_CONTENT-1995-1995-1826-0020,8455,1995,,14.4,11,0.0,0.0,0.0,0.1470389830359042,0.06696927812684283,44.437110846840156,0,0.0,0.0,-1.0,HUBERT_BASE,6
8455-210777-0042_4077-13754-0014__T2__SCV3FIX__VOICE-4077_CONTENT-8455-8455-210777-0042,4077,8455,,-18.86,8,0.875,1.0,0.875,-0.0496073057099161,-0.145026141211535,-14.434452619690198,2,2.0,1.75,0.0,HUBERT_BASE,6
2830-3980-0052_8455-210777-0035__T2__SCV3FIX__VOICE-8455_CONTENT-2830-2830-3980-0052,8455,2830,,3.96,8,0.125,0.0,0.0,0.05889988105009168,-0.03269029210433538,21.238909249977333,0,0.0,0.0,-1.0,HUBERT_BASE,6
6930-81414-0007_3570-5694-0017__T1__SCV3FIX__VOICE-6930_CONTENT-3570-3570-5694-0017,6930,3570,,20.14,7,0.0,0.0,0.0,0.049015065893267984,0.03367269172513554,36.97108424602772,0,0.0,0.0,-1.0,HUBERT_BASE,6
121-121726-0003_672-122797-0059__T2__SCV3FIX__VOICE-672_CONTENT-121-121-121726-0003,672,121,,-1.74,6,0.16666666666666666,0.3333333333333333,0.16666666666666666,0.09693607040123525,-0.01248019983127946,11.53646861894058,0,0.0,0.0,-1.0,HUBERT_BASE,6
1580-141083-0015_7176-92135-0006__T1__SCV3FIX__VOICE-1580_CONTENT-7176-7176-92135-0006,1580,7176,,-16.02,8,1.0,1.0,1.0,-0.0935867571954572,-0.25850831886139614,-44.934284602961476,1,4.0,4.0,0.0,HUBERT_BASE,6
1580-141083-0041_672-122797-0021__T2__SCV3FIX__VOICE-672_CONTENT-1580-1580-141083-0041,672,1580,,3.91,6,0.0,0.0,0.0,0.09249291045315954,0.04080438280185017,39.85246687574143,0,0.0,0.0,-1.0,HUBERT_BASE,6
7127-75947-0019_1284-1180-0015__T1__SCV3FIX__VOICE-7127_CONTENT-1284-1284-1180-0015,7127,1284,,12.42,5,0.0,0.0,0.0,0.09050414812218303,0.06910807317843903,38.46912302794508,0,0.0,0.0,-1.0,HUBERT_BASE,6
5142-33396-0036_7127-75946-0011__T2__SCV3FIX__VOICE-7127_CONTENT-5142-5142-33396-0036,7127,5142,,-21.66,5,1.0,1.0,1.0,-0.07507946386558104,-0.13668805087417968,-37.869174190503074,1,2.5,2.5,0.0,HUBERT_BASE,6
7127-75947-0015_8555-284447-0003__T1__SCV3FIX__VOICE-7127_CONTENT-8555-8555-284447-0003,7127,8555,,14.93,7,0.0,0.0,0.0,0.11444235937436363,0.03660613128522017,38.17114827507275,0,0.0,0.0,-1.0,HUBERT_BASE,6
3729-6852-0043_8555-284447-0000__T1__SCV3FIX__VOICE-3729_CONTENT-8555-8555-284447-0000,3729,8555,,-21.38,7,0.8571428571428571,1.0,0.8571428571428571,-0.07176814224344405,-0.1683556990440792,-38.43663301915133,2,1.5,1.5,0.0,HUBERT_BASE,6
4446-2273-0032_260-123440-0008__T2__SCV3FIX__VOICE-260_CONTENT-4446-4446-2273-0032,260,4446,,11.59,6,0.0,0.0,0.0,0.07170189562529128,0.025239109355550293,38.78873104397528,0,0.0,0.0,-1.0,HUBERT_BASE,6
8463-294828-0006_8230-279154-0026__T2__SCV3FIX__VOICE-8230_CONTENT-8463-8463-294828-0006,8230,8463,,15.84,13,0.0,0.0,0.0,0.07607855408002065,0.008909452861178613,45.801137938672994,0,0.0,0.0,-1.0,HUBERT_BASE,6
6930-76324-0006_7176-92135-0007__T1__SCV3FIX__VOICE-6930_CONTENT-7176-7176-92135-0007,6930,7176,,-12.03,5,1.0,1.0,1.0,-0.12371669893049056,-0.1441289340644396,-29.07999890280904,1,2.5,2.5,0.0,HUBERT_BASE,6
260-123286-0017_5142-33396-0019__T1__SCV3FIX__VOICE-260_CONTENT-5142-5142-33396-0019,260,5142,,13.58,6,0.0,0.0,0.0,0.0888085900186465,0.04292469999683546,33.65249655950709,0,0.0,0.0,-1.0,HUBERT_BASE,6
5142-33396-0059_6930-76324-0016__T1__SCV3FIX__VOICE-5142_CONTENT-6930-6930-76324-0016,5142,6930,,-19.67,9,1.0,1.0,1.0,-0.12106247220131817,-0.19079305784086287,-35.386102333986656,1,4.5,4.5,0.0,HUBERT_BASE,6
1284-1180-0028_4446-2273-0028__T1__SCV3FIX__VOICE-1284_CONTENT-4446-4446-2273-0028,1284,4446,,2.31,9,0.2222222222222222,0.0,0.0,0.0551488392134,-0.027891869342164588,27.78329700678206,1,1.0,1.0,3.0,HUBERT_BASE,6
2961-960-0013_1089-134686-0035__T2__SCV3FIX__VOICE-1089_CONTENT-2961-2961-960-0013,1089,2961,,13.96,5,0.0,0.0,0.0,0.10330152456254446,0.0702455638602062,38.8727911960798,0,0.0,0.0,-1.0,HUBERT_BASE,6
6829-68771-0009_1089-134691-0010__T1__SCV3FIX__VOICE-6829_CONTENT-1089-1089-134691-0010,6829,1089,,-28.68,5,1.0,1.0,1.0,-0.04797539944447245,-0.07011455727924154,-36.9173230758053,1,2.5,2.5,0.0,HUBERT_BASE,6
8555-284447-0008_7176-92135-0017__T2__SCV3FIX__VOICE-7176_CONTENT-8555-8555-284447-0008,7176,8555,,15.63,13,0.0,0.0,0.0,0.12475096460484134,0.04818314791910139,47.21280059987494,0,0.0,0.0,-1.0,HUBERT_BASE,6
8463-294828-0029_2961-961-0017__T2__SCV3FIX__VOICE-2961_CONTENT-8463-8463-294828-0029,2961,8463,,9.09,9,0.1111111111111111,0.0,0.0,0.06975187423896183,-0.0066915157107242385,30.194220273942207,0,0.0,0.0,-1.0,HUBERT_BASE,6
8455-210777-0058_1188-133604-0039__T2__SCV3FIX__VOICE-1188_CONTENT-8455-8455-210777-0058,1188,8455,,8.8,12,0.08333333333333333,0.0,0.0,0.0693776721172442,-0.023408832488236553,16.00350686493183,0,0.0,0.0,-1.0,HUBERT_BASE,6
908-157963-0027_7127-75947-0037__T1__SCV3FIX__VOICE-908_CONTENT-7127-7127-75947-0037,908,7127,,8.62,9,0.1111111111111111,0.0,0.0,0.05558066130505257,-0.07860357719330469,23.246736603011524,0,0.0,0.0,-1.0,HUBERT_BASE,6
6829-68771-0030_260-123286-0001__T1__SCV3FIX__VOICE-6829_CONTENT-260-260-123286-0001,6829,260,,-24.46,5,1.0,1.0,1.0,-0.07609592990790306,-0.09334326160087947,-40.09679625907607,1,2.5,2.5,0.0,HUBERT_BASE,6
672-122797-0010_4077-13751-0015__T2__SCV3FIX__VOICE-4077_CONTENT-672-672-122797-0010,4077,672,,-24.44,6,1.0,1.0,1.0,-0.048524649338784365,-0.14467287636570425,-20.32300329623057,1,3.0,3.0,0.0,HUBERT_BASE,6
4507-16021-0033_4992-23283-0005__T2__SCV3FIX__VOICE-4992_CONTENT-4507-4507-16021-0033,4992,4507,,-5.94,10,0.7,1.0,0.7,-0.005621367238010888,-0.08527850934179304,-15.36418813137924,2,2.0,1.75,0.5,HUBERT_BASE,6
7127-75946-0023_7729-102255-0045__T2__SCV3FIX__VOICE-7729_CONTENT-7127-7127-75946-0023,7729,7127,,-22.87,6,1.0,1.0,1.0,-0.15990142571467683,-0.2700164591633736,-22.537805213710083,1,3.0,3.0,0.0,HUBERT_BASE,6
61-70970-0029_1221-135767-0007__T2__SCV3FIX__VOICE-1221_CONTENT-61-61-70970-0029,1221,61,,12.97,7,0.0,0.0,0.0,0.14103685997450877,0.06050098536584181,35.52663839445293,0,0.0,0.0,-1.0,HUBERT_BASE,6
1089-134686-0025_7127-75947-0035__T2__SCV3FIX__VOICE-7127_CONTENT-1089-1089-134686-0025,7127,1089,,-15.6,7,1.0,1.0,1.0,-0.07158573549675469,-0.10073005951646574,-32.61602601813963,1,3.5,3.5,0.0,HUBERT_BASE,6
6829-68769-0031_260-123288-0000__T1__SCV3FIX__VOICE-6829_CONTENT-260-260-123288-0000,6829,260,,-20.4,4,1.0,1.0,1.0,-0.1057675363821812,-0.1616737321803725,-40.50030264042236,1,2.0,2.0,0.0,HUBERT_BASE,6
2830-3980-0031_1089-134686-0025__T1__SCV3FIX__VOICE-2830_CONTENT-1089-1089-134686-0025,2830,1089,,5.38,12,0.0,0.0,0.0,0.055297647746995776,0.0023302325940649515,17.862175690716324,0,0.0,0.0,-1.0,HUBERT_BASE,6
908-157963-0014_8555-284449-0020__T2__SCV3FIX__VOICE-8555_CONTENT-908-908-157963-0014,8555,908,,-19.93,8,1.0,1.0,1.0,-0.10990753945807408,-0.15038795983896125,-36.26498153973446,1,4.0,4.0,0.0,HUBERT_BASE,6
3575-170457-0033_5683-32879-0012__T1__SCV3FIX__VOICE-3575_CONTENT-5683-5683-32879-0012,3575,5683,,0.1,7,0.7142857142857143,0.5714285714285714,0.5714285714285714,-0.026866043203953534,-0.06467354168290851,-4.006647953071491,2,1.5,1.25,0.0,HUBERT_BASE,6
6829-68769-0025_672-122797-0066__T1__SCV3FIX__VOICE-6829_CONTENT-672-672-122797-0066,6829,672,,-21.81,8,1.0,1.0,1.0,-0.11000881170472278,-0.14903146618752505,-34.63065863677676,1,4.0,4.0,0.0,HUBERT_BASE,6
1188-133604-0011_4970-29095-0008__T1__SCV3FIX__VOICE-1188_CONTENT-4970-4970-29095-0008,1188,4970,,7.69,5,0.0,0.0,0.0,0.13667725632941302,0.07703566856305522,30.385732375993598,0,0.0,0.0,-1.0,HUBERT_BASE,6
5683-32865-0008_1580-141084-0014__T2__SCV3FIX__VOICE-1580_CONTENT-5683-5683-32865-0008,1580,5683,,-0.15,6,0.5,0.3333333333333333,0.3333333333333333,0.021099987833500904,-0.07996814917827788,3.318165109406989,1,1.0,1.0,0.0,HUBERT_BASE,6
7729-102255-0022_1320-122617-0000__T2__SCV3FIX__VOICE-1320_CONTENT-7729-7729-102255-0022,1320,7729,,-11.41,14,0.7857142857142857,1.0,0.7857142857142857,-0.04775154132315829,-0.1818148013679074,-23.773527581155584,3,2.5,1.8333333333333333,0.0,HUBERT_BASE,6
1320-122612-0012_4507-16021-0014__T2__SCV3FIX__VOICE-4507_CONTENT-1320-1320-122612-0012,4507,1320,,-29.71,11,1.0,1.0,1.0,-0.16749757082810673,-0.3485559959173211,-45.285095639053885,1,5.5,5.5,0.0,HUBERT_BASE,6
8230-279154-0029_61-70970-0032__T1__SCV3FIX__VOICE-8230_CONTENT-61-61-70970-0032,8230,61,,-12.3,5,1.0,1.0,1.0,-0.10542434626213903,-0.20217687692270137,-21.13764682901006,1,2.5,2.5,0.0,HUBERT_BASE,6
1284-1180-0017_2094-142345-0001__T1__SCV3FIX__VOICE-1284_CONTENT-2094-2094-142345-0001,1284,2094,,-2.7,15,0.7333333333333333,0.26666666666666666,0.2,-0.010481084819664225,-0.14440565842505804,4.216076568005942,2,3.5,2.75,0.0,HUBERT_BASE,6
1320-122612-0013_908-157963-0025__T2__SCV3FIX__VOICE-908_CONTENT-1320-1320-122612-0013,908,1320,,1.61,12,0.3333333333333333,0.25,0.25,-0.002961325773281148,-0.2454863141553677,8.892756674495681,2,1.0,1.0,2.5,HUBERT_BASE,6
7127-75947-0018_1580-141084-0015__T1__SCV3FIX__VOICE-7127_CONTENT-1580-1580-141084-0015,7127,1580,,12.57,5,0.0,0.0,0.0,0.06078481770971389,0.003947254972607284,30.524217262050787,0,0.0,0.0,-1.0,HUBERT_BASE,6
237-134500-0018_8555-284447-0005__T2__SCV3FIX__VOICE-8555_CONTENT-237-237-134500-0018,8555,237,,10.32,12,0.08333333333333333,0.0,0.0,0.09578733531513443,-0.01606108313682475,40.07967806412312,0,0.0,0.0,-1.0,HUBERT_BASE,6
5683-32866-0008_6829-68769-0030__T1__SCV3FIX__VOICE-5683_CONTENT-6829-6829-68769-0030,5683,6829,,10.26,5,0.0,0.0,0.0,0.06272943215608118,0.04055917423664179,34.81386861364394,0,0.0,0.0,-1.0,HUBERT_BASE,6
4970-29093-0007_1995-1826-0002__T1__SCV3FIX__VOICE-4970_CONTENT-1995-1995-1826-0002,4970,1995,,-32.79,8,1.0,1.0,1.0,-0.09804674645689156,-0.20147374624640768,-54.92860878134012,1,4.0,4.0,0.0,HUBERT_BASE,6
4992-41806-0011_4077-13751-0010__T1__SCV3FIX__VOICE-4992_CONTENT-4077-4077-13751-0010,4992,4077,,11.62,12,0.0,0.0,0.0,0.0759365937929067,0.04469657387706416,43.938001511875946,0,0.0,0.0,-1.0,HUBERT_BASE,6
5639-40744-0029_1221-135766-0010__T2__SCV3FIX__VOICE-1221_CONTENT-5639-5639-40744-0029,1221,5639,,-23.08,13,1.0,1.0,1.0,-0.08244531901072431,-0.1592617586351066,-38.024612554375295,1,6.5,6.5,0.0,HUBERT_BASE,6
3729-6852-0032_237-134500-0006__T1__SCV3FIX__VOICE-3729_CONTENT-237-237-134500-0006,3729,237,,-12.37,7,0.8571428571428571,1.0,0.8571428571428571,-0.061562109649734964,-0.20163702561508667,-30.954508553397737,1,3.0,3.0,0.0,HUBERT_BASE,6
1320-122617-0014_1089-134686-0008__T2__SCV3FIX__VOICE-1089_CONTENT-1320-1320-122617-0014,1089,1320,,4.61,8,0.125,0.0,0.0,0.06914023911176112,-0.027828932910626714,24.884341756794782,0,0.0,0.0,-1.0,HUBERT_BASE,6
121-123852-0002_1188-133604-0003__T1__SCV3FIX__VOICE-121_CONTENT-1188-1188-133604-0003,121,1188,,-21.12,22,1.0,1.0,1.0,-0.1436661438026335,-0.3193549640296234,-41.76363123140234,1,11.0,11.0,0.0,HUBERT_BASE,6
8463-294828-0038_4077-13754-0016__T2__SCV3FIX__VOICE-4077_CONTENT-8463-8463-294828-0038,4077,8463,,10.21,22,0.0,0.0,0.0,0.10908383353410592,0.06510937471761069,34.259958807463406,0,0.0,0.0,-1.0,HUBERT_BASE,6
4992-41806-0013_672-122797-0021__T2__SCV3FIX__VOICE-672_CONTENT-4992-4992-41806-0013,672,4992,,15.54,7,0.0,0.0,0.0,0.08761523025009,0.04208834410646389,35.70627647144399,0,0.0,0.0,-1.0,HUBERT_BASE,6
5142-36377-0025_1995-1836-0007__T1__SCV3FIX__VOICE-5142_CONTENT-1995-1995-1836-0007,5142,1995,,13.35,5,0.0,0.0,0.0,0.11228222058996076,0.08113492487360718,25.96469560744142,0,0.0,0.0,-1.0,HUBERT_BASE,6
3575-170457-0052_260-123440-0007__T2__SCV3FIX__VOICE-260_CONTENT-3575-3575-170457-0052,260,3575,,8.66,5,0.2,0.0,0.0,0.0568381344540444,-0.009133275926050066,23.735802650076828,0,0.0,0.0,-1.0,HUBERT_BASE,6
8463-287645-0011_2961-960-0005__T2__SCV3FIX__VOICE-2961_CONTENT-8463-8463-287645-0011,2961,8463,,11.62,11,0.09090909090909091,0.09090909090909091,0.0,0.06888315161209078,-0.03026562786453102,32.86838147658575,0,0.0,0.0,-1.0,HUBERT_BASE,6
7176-92135-0045_4970-29095-0033__T1__SCV3FIX__VOICE-7176_CONTENT-4970-4970-29095-0033,7176,4970,,13.99,9,0.0,0.0,0.0,0.1193848524615319,0.05781555060150145,45.905234983872276,0,0.0,0.0,-1.0,HUBERT_BASE,6
8230-279154-0005_5683-32866-0002__T1__SCV3FIX__VOICE-8230_CONTENT-5683-5683-32866-0002,8230,5683,,16.77,9,0.0,0.0,0.0,0.07445548042037464,0.02760970010037378,34.33542331144432,0,0.0,0.0,-1.0,HUBERT_BASE,6
1995-1837-0011_1580-141084-0009__T2__SCV3FIX__VOICE-1580_CONTENT-1995-1995-1837-0011,1580,1995,,-32.67,5,1.0,1.0,1.0,-0.06980969044660776,-0.09159708703272129,-42.04543029571035,1,2.5,2.5,0.0,HUBERT_BASE,6
4077-13751-0017_8455-210777-0048__T1__SCV3FIX__VOICE-4077_CONTENT-8455-8455-210777-0048,4077,8455,,-22.54,5,1.0,1.0,1.0,-0.05436279813323337,-0.075308445098348,-26.954205422691604,1,2.5,2.5,0.0,HUBERT_BASE,6
61-70970-0007_4507-16021-0035__T2__SCV3FIX__VOICE-4507_CONTENT-61-61-70970-0007,4507,61,,12.07,7,0.0,0.0,0.0,0.11165590124494577,0.06292772542313851,39.438003967675584,0,0.0,0.0,-1.0,HUBERT_BASE,6
8555-292519-0012_4970-29093-0002__T2__SCV3FIX__VOICE-4970_CONTENT-8555-8555-292519-0012,4970,8555,,0.47,9,0.5555555555555556,0.2222222222222222,0.2222222222222222,0.04824127101435591,-0.04339998873695017,11.523345829714707,1,2.0,2.0,0.0,HUBERT_BASE,6
237-126133-0019_6829-68771-0016__T2__SCV3FIX__VOICE-6829_CONTENT-237-237-126133-0019,6829,237,,-10.63,12,0.5833333333333334,0.75,0.5833333333333334,-0.021700338193604073,-0.09612363957583303,-6.322174657898184,3,1.0,1.0,0.0,HUBERT_BASE,6
3575-170457-0012_1580-141083-0003__T2__SCV3FIX__VOICE-1580_CONTENT-3575-3575-170457-0012,1580,3575,,-23.25,10,1.0,1.0,1.0,-0.09804636698979638,-0.18765664843854468,-41.30044178170978,1,5.0,5.0,0.0,HUBERT_BASE,6
4446-2275-0006_1284-134647-0002__T2__SCV3FIX__VOICE-1284_CONTENT-4446-4446-2275-0006,1284,4446,,12.54,6,0.16666666666666666,0.0,0.0,0.04658629451124056,-0.002565145594145335,41.82201293727438,0,0.0,0.0,-1.0,HUBERT_BASE,6
1580-141083-0023_8455-210777-0048__T2__SCV3FIX__VOICE-8455_CONTENT-1580-1580-141083-0023,8455,1580,,11.66,5,0.0,0.0,0.0,0.06571901754499072,0.036376475560312316,38.062772677913884,0,0.0,0.0,-1.0,HUBERT_BASE,6
4077-13754-0004_3575-170457-0025__T1__SCV3FIX__VOICE-4077_CONTENT-3575-3575-170457-0025,4077,3575,,16.01,8,0.0,0.0,0.0,0.14799745959303162,0.05341833723043088,37.8387478771285,0,0.0,0.0,-1.0,HUBERT_BASE,6
2300-131720-0000_8463-294828-0017__T2__SCV3FIX__VOICE-8463_CONTENT-2300-2300-131720-0000,8463,2300,,-29.25,9,1.0,1.0,1.0,-0.09505503957201805,-0.1251814936397112,-43.8579063001286,1,4.5,4.5,0.0,HUBERT_BASE,6
121-121726-0003_1089-134691-0014__T1__SCV3FIX__VOICE-121_CONTENT-1089-1089-134691-0014,121,1089,,-30.05,8,1.0,1.0,1.0,-0.14889938010737547,-0.4145636475619986,-40.666647772075144,1,4.0,4.0,0.0,HUBERT_BASE,6
4992-23283-0004_1580-141083-0003__T2__SCV3FIX__VOICE-1580_CONTENT-4992-4992-23283-0004,1580,4992,,-14.75,12,0.9166666666666666,1.0,0.9166666666666666,-0.06376294252280813,-0.12008011100934746,-32.04200762656878,2,4.5,2.75,0.0,HUBERT_BASE,6
7021-79759-0003_260-123286-0022__T2__SCV3FIX__VOICE-260_CONTENT-7021-7021-79759-0003,260,7021,,-14.36,5,0.8,1.0,0.8,-0.024492705681871518,-0.04323375817348529,-35.55332718989821,1,2.0,2.0,0.0,HUBERT_BASE,6
8463-287645-0012_121-127105-0032__T1__SCV3FIX__VOICE-8463_CONTENT-121-121-127105-0032,8463,121,,-16.96,5,0.6,1.0,0.6,-0.004918885965437681,-0.06585056641134823,-14.344363561290374,1,1.0,1.0,0.5,HUBERT_BASE,6
5683-32879-0009_2961-960-0018__T1__SCV3FIX__VOICE-5683_CONTENT-2961-2961-960-0018,5683,2961,,3.18,9,0.6666666666666666,0.3333333333333333,0.3333333333333333,-0.014991108545943925,-0.10739642166875252,7.37167696787231,1,2.0,2.0,0.0,HUBERT_BASE,6
6829-68771-0030_260-123286-0001__T2__SCV3FIX__VOICE-260_CONTENT-6829-6829-68771-0030,260,6829,,12.24,5,0.0,0.0,0.0,0.07516707563337918,0.06306672346025965,38.42240840155468,0,0.0,0.0,-1.0,HUBERT_BASE,6
908-31957-0024_5683-32865-0017__T2__SCV3FIX__VOICE-5683_CONTENT-908-908-31957-0024,5683,908,,-18.75,9,1.0,1.0,1.0,-0.08189061531268564,-0.15170275861603033,-35.01992144829704,1,4.5,4.5,0.0,HUBERT_BASE,6
8555-284449-0015_4992-23283-0014__T2__SCV3FIX__VOICE-4992_CONTENT-8555-8555-284449-0015,4992,8555,,4.19,8,0.25,0.0,0.0,0.05096382793410113,-0.05844600106744047,15.522723291216398,1,1.0,1.0,0.0,HUBERT_BASE,6
4446-2275-0001_7176-88083-0003__T1__SCV3FIX__VOICE-4446_CONTENT-7176-7176-88083-0003,4446,7176,,-22.71,8,1.0,1.0,1.0,-0.07891246130587623,-0.11536347482235987,-38.39617281553517,1,4.0,4.0,0.0,HUBERT_BASE,6
4992-23283-0017_5142-33396-0002__T1__SCV3FIX__VOICE-4992_CONTENT-5142-5142-33396-0002,4992,5142,,-2.62,6,0.6666666666666666,0.6666666666666666,0.6666666666666666,-0.03408752871934221,-0.10605865504816891,-2.1797435018433458,2,1.0,1.0,0.0,HUBERT_BASE,6
2300-131720-0020_61-70968-0061__T1__SCV3FIX__VOICE-2300_CONTENT-61-61-70968-0061,2300,61,,-9.55,10,0.8,0.9,0.8,-0.0555097202639042,-0.1558459555744337,-8.232837678994851,1,4.0,4.0,0.5,HUBERT_BASE,6
7176-92135-0041_6829-68771-0032__T1__SCV3FIX__VOICE-7176_CONTENT-6829-6829-68771-0032,7176,6829,,13.74,8,0.0,0.0,0.0,0.05225135042037077,0.00817877680346124,43.484582031769165,0,0.0,0.0,-1.0,HUBERT_BASE,6
5142-33396-0057_7127-75946-0020__T2__SCV3FIX__VOICE-7127_CONTENT-5142-5142-33396-0057,7127,5142,,-12.82,5,0.8,1.0,0.8,-0.05723105677507978,-0.16227709776166643,-29.5611194212754,1,2.0,2.0,0.0,HUBERT_BASE,6
1188-133604-0018_1089-134686-0026__T2__SCV3FIX__VOICE-1089_CONTENT-1188-1188-133604-0018,1089,1188,,-2.61,7,0.7142857142857143,0.8571428571428571,0.5714285714285714,-0.02921145426555454,-0.07677115661626643,-8.761654767200053,1,2.5,2.5,0.0,HUBERT_BASE,6
6930-76324-0012_2300-131720-0027__T2__SCV3FIX__VOICE-2300_CONTENT-6930-6930-76324-0012,2300,6930,,9.69,8,0.125,0.0,0.0,0.06992910945252286,-0.0062626491605063395,35.54083405591018,0,0.0,0.0,-1.0,HUBERT_BASE,6
7021-85628-0016_5683-32865-0005__T1__SCV3FIX__VOICE-7021_CONTENT-5683-5683-32865-0005,7021,5683,,15.98,7,0.0,0.0,0.0,0.13092479292970957,0.0562372792440593,44.18736492305453,0,0.0,0.0,-1.0,HUBERT_BASE,6
3570-5694-0017_61-70970-0016__T1__SCV3FIX__VOICE-3570_CONTENT-61-61-70970-0016,3570,61,,-21.88,7,1.0,1.0,1.0,-0.09537392795439285,-0.1451914969187693,-40.350501848606726,1,3.5,3.5,0.0,HUBERT_BASE,6
5142-36377-0013_3729-6852-0040__T1__SCV3FIX__VOICE-5142_CONTENT-3729-3729-6852-0040,5142,3729,,-0.27,12,0.5,0.5,0.5,0.005590861042228483,-0.07430851069491595,-4.055217398048181,2,2.0,1.5,0.0,HUBERT_BASE,6
6829-68769-0040_6930-75918-0002__T1__SCV3FIX__VOICE-6829_CONTENT-6930-6930-75918-0002,6829,6930,,-20.68,8,1.0,1.0,1.0,-0.07679573463910484,-0.16008716501496212,-30.51627675859167,1,4.0,4.0,0.0,HUBERT_BASE,6
5639-40744-0014_237-134493-0002__T1__SCV3FIX__VOICE-5639_CONTENT-237-237-134493-0002,5639,237,,13.13,14,0.0,0.0,0.0,0.10005061943311223,0.03491783280380678,37.63439727888789,0,0.0,0.0,-1.0,HUBERT_BASE,6
8463-294828-0000_4446-2275-0010__T2__SCV3FIX__VOICE-4446_CONTENT-8463-8463-294828-0000,4446,8463,,-0.08,6,0.0,0.3333333333333333,0.0,0.17753888365540785,0.049190997093572664,11.031602206593869,0,0.0,0.0,-1.0,HUBERT_BASE,6
1995-1836-0007_5683-32865-0010__T1__SCV3FIX__VOICE-1995_CONTENT-5683-5683-32865-0010,1995,5683,,-22.37,5,1.0,1.0,1.0,-0.11124236577279267,-0.1296871874621034,-35.46525162649243,1,2.5,2.5,0.0,HUBERT_BASE,6
3570-5694-0019_6930-75918-0006__T2__SCV3FIX__VOICE-6930_CONTENT-3570-3570-5694-0019,6930,3570,,12.52,6,0.0,0.0,0.0,0.056655207585944445,0.023285746108686833,29.89749141079925,0,0.0,0.0,-1.0,HUBERT_BASE,6
8555-292519-0006_61-70970-0037__T1__SCV3FIX__VOICE-8555_CONTENT-61-61-70970-0037,8555,61,,12.01,10,0.1,0.0,0.0,0.09086578201986852,-0.016302587219174658,29.619206425138106,0,0.0,0.0,-1.0,HUBERT_BASE,6
5105-28240-0024_8230-279154-0014__T2__SCV3FIX__VOICE-8230_CONTENT-5105-5105-28240-0024,8230,5105,,10.91,14,0.07142857142857142,0.0,0.0,0.10057091689909596,-0.012781560927199176,36.4539926904174,0,0.0,0.0,-1.0,HUBERT_BASE,6
61-70970-0030_1320-122617-0020__T2__SCV3FIX__VOICE-1320_CONTENT-61-61-70970-0030,1320,61,,-9.81,5,1.0,1.0,1.0,-0.03837506729466302,-0.08973038551937729,-16.49957932977273,1,2.5,2.5,0.0,HUBERT_BASE,6
7127-75946-0022_5105-28240-0012__T1__SCV3FIX__VOICE-7127_CONTENT-5105-5105-28240-0012,7127,5105,,-19.49,8,0.875,0.875,0.875,-0.08666927781399981,-0.15541852136067869,-22.490383272880717,2,2.5,1.75,0.0,HUBERT_BASE,6
5683-32865-0013_5105-28240-0007__T2__SCV3FIX__VOICE-5105_CONTENT-5683-5683-32865-0013,5105,5683,,16.4,6,0.0,0.0,0.0,0.2342973183281164,0.1220819299689373,50.9625245379516,0,0.0,0.0,-1.0,HUBERT_BASE,6
8463-294825-0010_61-70968-0034__T1__SCV3FIX__VOICE-8463_CONTENT-61-61-70968-0034,8463,61,,-11.63,7,1.0,1.0,1.0,-0.058480936691326035,-0.09924119785941177,-19.87584531330554,1,3.5,3.5,0.0,HUBERT_BASE,6
2830-3980-0053_7127-75946-0008__T1__SCV3FIX__VOICE-2830_CONTENT-7127-7127-75946-0008,2830,7127,,6.35,7,0.2857142857142857,0.0,0.0,0.023026894218053293,-0.005496144512411649,20.45245067757196,0,0.0,0.0,-1.0,HUBERT_BASE,6
6930-75918-0007_61-70970-0026__T2__SCV3FIX__VOICE-61_CONTENT-6930-6930-75918-0007,61,6930,,8.2,5,0.0,0.0,0.0,0.10292454680016627,0.07022826590987263,39.10959126777625,0,0.0,0.0,-1.0,HUBERT_BASE,6
260-123440-0017_7729-102255-0008__T2__SCV3FIX__VOICE-7729_CONTENT-260-260-123440-0017,7729,260,,0.96,5,0.0,0.2,0.0,0.07877278477361341,0.057551025193278815,8.052023087956586,0,0.0,0.0,-1.0,HUBERT_BASE,6
8555-284447-0003_1320-122617-0029__T2__SCV3FIX__VOICE-1320_CONTENT-8555-8555-284447-0003,1320,8555,,15.67,7,0.0,0.0,0.0,0.11613934850891487,0.029236433314243082,39.853149468624245,0,0.0,0.0,-1.0,HUBERT_BASE,6
8455-210777-0013_1221-135766-0007__T2__SCV3FIX__VOICE-1221_CONTENT-8455-8455-210777-0013,1221,8455,,14.5,13,0.07692307692307693,0.0,0.0,0.0844133867805242,-0.011767204729047687,25.015460670445293,0,0.0,0.0,-1.0,HUBERT_BASE,6
7127-75947-0025_3575-170457-0039__T2__SCV3FIX__VOICE-3575_CONTENT-7127-7127-75947-0025,3575,7127,,-22.04,10,1.0,1.0,1.0,-0.1305513748479874,-0.19096636390223032,-43.72627172928819,1,5.0,5.0,0.0,HUBERT_BASE,6
61-70970-0023_3570-5696-0007__T1__SCV3FIX__VOICE-61_CONTENT-3570-3570-5696-0007,61,3570,,13.56,6,0.0,0.0,0.0,0.105880379460681,0.07520568862140897,34.17846594343684,0,0.0,0.0,-1.0,HUBERT_BASE,6
61-70968-0005_5105-28233-0000__T2__SCV3FIX__VOICE-5105_CONTENT-61-61-70968-0005,5105,61,,10.39,8,0.0,0.0,0.0,0.0955610226965873,0.05593883879363781,22.723754160005342,0,0.0,0.0,-1.0,HUBERT_BASE,6
121-127105-0002_7729-102255-0007__T2__SCV3FIX__VOICE-7729_CONTENT-121-121-127105-0002,7729,121,,9.7,13,0.0,0.0,0.0,0.13319902774332698,0.05823404113472752,36.70498276201787,0,0.0,0.0,-1.0,HUBERT_BASE,6
7021-85628-0001_5683-32866-0008__T2__SCV3FIX__VOICE-5683_CONTENT-7021-7021-85628-0001,5683,7021,,18.14,5,0.0,0.0,0.0,0.14673860289737398,0.0858402194393868,55.322796907230895,0,0.0,0.0,-1.0,HUBERT_BASE,6
5683-32879-0020_8463-287645-0013__T2__SCV3FIX__VOICE-8463_CONTENT-5683-5683-32879-0020,8463,5683,,12.37,12,0.0,0.0,0.0,0.07090779708553084,0.005585793099868619,27.635559483161316,0,0.0,0.0,-1.0,HUBERT_BASE,6
4507-16021-0048_2300-131720-0012__T2__SCV3FIX__VOICE-2300_CONTENT-4507-4507-16021-0048,2300,4507,,13.86,9,0.0,0.0,0.0,0.11190288656950445,0.058956865604364084,38.46657784005132,0,0.0,0.0,-1.0,HUBERT_BASE,6
7021-85628-0001_1580-141084-0027__T2__SCV3FIX__VOICE-1580_CONTENT-7021-7021-85628-0001,1580,7021,,17.74,5,0.0,0.0,0.0,0.13798575301771068,0.07818574022954461,40.30236229752871,0,0.0,0.0,-1.0,HUBERT_BASE,6
7729-102255-0028_7127-75946-0020__T1__SCV3FIX__VOICE-7729_CONTENT-7127-7127-75946-0020,7729,7127,,9.58,12,0.08333333333333333,0.0,0.0,0.07029361578779993,-0.006350755943047681,27.437609523494313,0,0.0,0.0,-1.0,HUBERT_BASE,6
7127-75947-0021_4507-16021-0048__T2__SCV3FIX__VOICE-4507_CONTENT-7127-7127-75947-0021,4507,7127,,-30.53,6,1.0,1.0,1.0,-0.09440707561014595,-0.1739687392469953,-37.632947573094974,1,3.0,3.0,0.0,HUBERT_BASE,6
908-31957-0002_2300-131720-0041__T1__SCV3FIX__VOICE-908_CONTENT-2300-2300-131720-0041,908,2300,,-12.95,6,0.5,1.0,0.5,-0.09966388654376683,-0.3358215261376053,-17.743577150939377,1,1.5,1.5,1.0,HUBERT_BASE,6
2961-961-0005_4507-16021-0005__T2__SCV3FIX__VOICE-4507_CONTENT-2961-2961-961-0005,4507,2961,,-11.46,6,1.0,1.0,1.0,-0.05907213555502089,-0.14025568681585798,-28.248388664249177,1,3.0,3.0,0.0,HUBERT_BASE,6
3575-170457-0042_260-123288-0003__T1__SCV3FIX__VOICE-3575_CONTENT-260-260-123288-0003,3575,260,,-24.85,16,1.0,1.0,1.0,-0.11561708333127707,-0.3205101425918724,-41.6250293741571,1,8.0,8.0,0.0,HUBERT_BASE,6
7176-88083-0016_5639-40744-0019__T1__SCV3FIX__VOICE-7176_CONTENT-5639-5639-40744-0019,7176,5639,,2.19,6,0.0,0.0,0.0,0.07282632824138487,0.02046084363070011,22.666048414447914,0,0.0,0.0,-1.0,HUBERT_BASE,6
7127-75947-0003_4970-29095-0030__T1__SCV3FIX__VOICE-7127_CONTENT-4970-4970-29095-0030,7127,4970,,11.28,8,0.0,0.0,0.0,0.14338041547063757,0.08306896324801039,35.74246533543155,0,0.0,0.0,-1.0,HUBERT_BASE,6
61-70970-0012_1995-1826-0000__T2__SCV3FIX__VOICE-1995_CONTENT-61-61-70970-0012,1995,61,,-25.11,5,1.0,1.0,1.0,-0.11963178633336195,-0.1726191819049705,-34.62629710459185,1,2.5,2.5,0.0,HUBERT_BASE,6
7127-75946-0010_908-31957-0021__T2__SCV3FIX__VOICE-908_CONTENT-7127-7127-75946-0010,908,7127,,8.26,6,0.16666666666666666,0.16666666666666666,0.0,0.048717676037708046,-0.006793856484911376,14.387529333452216,0,0.0,0.0,-1.0,HUBERT_BASE,6
1284-1180-0005_6829-68771-0000__T2__SCV3FIX__VOICE-6829_CONTENT-1284-1284-1180-0005,6829,1284,,-16.76,12,0.9166666666666666,1.0,0.9166666666666666,-0.08363897527528985,-0.214927085805507,-33.43497835560349,1,5.5,5.5,0.0,HUBERT_BASE,6
4077-13751-0008_4446-2275-0012__T2__SCV3FIX__VOICE-4446_CONTENT-4077-4077-13751-0008,4446,4077,,-1.77,11,0.7272727272727273,0.2727272727272727,0.2727272727272727,-0.016036783853186763,-0.08652890071240793,3.131362754609123,3,1.5,1.1666666666666667,0.0,HUBERT_BASE,6
61-70968-0027_3570-5695-0013__T2__SCV3FIX__VOICE-3570_CONTENT-61-61-70968-0027,3570,61,,-26.8,8,1.0,1.0,1.0,-0.12705859641826533,-0.1695753288603844,-37.678917459062966,1,4.0,4.0,0.0,HUBERT_BASE,6
3575-170457-0033_5683-32879-0012__T2__SCV3FIX__VOICE-5683_CONTENT-3575-3575-170457-0033,5683,3575,,-2.39,7,0.2857142857142857,0.0,0.0,0.015408966389813055,-0.07287550261155018,13.788476561876521,1,1.0,1.0,1.0,HUBERT_BASE,6
61-70968-0056_1580-141084-0045__T2__SCV3FIX__VOICE-1580_CONTENT-61-61-70968-0056,1580,61,,-22.92,6,1.0,1.0,1.0,-0.06455922487615778,-0.13729650325938714,-30.27909962816533,1,3.0,3.0,0.0,HUBERT_BASE,6
7127-75947-0007_237-134500-0027__T1__SCV3FIX__VOICE-7127_CONTENT-237-237-134500-0027,7127,237,,6.97,5,0.0,0.0,0.0,0.14161591274698207,0.05659359580340029,32.078849359226695,0,0.0,0.0,-1.0,HUBERT_BASE,6
672-122797-0063_4446-2275-0042__T1__SCV3FIX__VOICE-672_CONTENT-4446-4446-2275-0042,672,4446,,1.07,9,0.0,0.0,0.0,0.12164316047122482,0.03773827054337797,35.883540424283595,0,0.0,0.0,-1.0,HUBERT_BASE,6
121-127105-0002_7729-102255-0007__T1__SCV3FIX__VOICE-121_CONTENT-7729-7729-102255-0007,121,7729,,-17.03,13,1.0,1.0,1.0,-0.13258341682888236,-0.2513331383284475,-34.0083904333201,1,6.5,6.5,0.0,HUBERT_BASE,6
3729-6852-0013_1284-1180-0001__T2__SCV3FIX__VOICE-1284_CONTENT-3729-3729-6852-0013,1284,3729,,3.91,5,0.6,0.2,0.2,-0.01937001161292402,-0.08750194657690324,11.601791918102906,1,1.0,1.0,0.5,HUBERT_BASE,6
1089-134691-0015_5683-32879-0011__T1__SCV3FIX__VOICE-1089_CONTENT-5683-5683-32879-0011,1089,5683,,14.94,4,0.0,0.0,0.0,0.145429657578667,0.1106921478241698,48.6847834551219,0,0.0,0.0,-1.0,HUBERT_BASE,6
3575-170457-0044_1089-134686-0017__T2__SCV3FIX__VOICE-1089_CONTENT-3575-3575-170457-0044,1089,3575,,13.3,16,0.0,0.0,0.0,0.08902904749382098,0.02852058312653294,36.36716243186464,0,0.0,0.0,-1.0,HUBERT_BASE,6
8463-294828-0000_237-134500-0037__T1__SCV3FIX__VOICE-8463_CONTENT-237-237-134500-0037,8463,237,,13.96,6,0.0,0.0,0.0,0.13737459731074264,0.04168289816460247,45.39088657579672,0,0.0,0.0,-1.0,HUBERT_BASE,6
2300-131720-0041_1284-1180-0023__T2__SCV3FIX__VOICE-1284_CONTENT-2300-2300-131720-0041,1284,2300,,-31.53,6,1.0,1.0,1.0,-0.07169059154369022,-0.1182616470361515,-35.99620830136038,1,3.0,3.0,0.0,HUBERT_BASE,6
1320-122617-0018_672-122797-0007__T1__SCV3FIX__VOICE-1320_CONTENT-672-672-122797-0007,1320,672,,-23.37,11,0.9090909090909091,1.0,0.9090909090909091,-0.14043528422883594,-0.30998962407836683,-30.654661624673132,2,4.0,2.5,0.0,HUBERT_BASE,6
7127-75947-0011_1284-1181-0011__T2__SCV3FIX__VOICE-1284_CONTENT-7127-7127-75947-0011,1284,7127,,-17.9,6,1.0,1.0,1.0,-0.0834489472495304,-0.09655226065495792,-23.648764885720507,1,3.0,3.0,0.0,HUBERT_BASE,6
2830-3980-0007_7176-88083-0000__T2__SCV3FIX__VOICE-7176_CONTENT-2830-2830-3980-0007,7176,2830,,3.49,10,0.1,0.0,0.0,0.08659323768437635,-0.05379212572588654,22.858330788133152,0,0.0,0.0,-1.0,HUBERT_BASE,6
61-70970-0003_2830-3980-0032__T1__SCV3FIX__VOICE-61_CONTENT-2830-2830-3980-0032,61,2830,,10.81,6,0.0,0.0,0.0,0.12527585096960828,0.051021347125984606,18.738795790674647,0,0.0,0.0,-1.0,HUBERT_BASE,6
7176-92135-0035_7729-102255-0029__T1__SCV3FIX__VOICE-7176_CONTENT-7729-7729-102255-0029,7176,7729,,-21.34,5,0.2,1.0,0.2,0.009157336179928487,-0.07598818102353544,-17.91065241270713,0,0.0,0.0,-1.0,HUBERT_BASE,6
1320-122617-0016_2961-960-0020__T2__SCV3FIX__VOICE-2961_CONTENT-1320-1320-122617-0016,2961,1320,,-23.52,18,0.8888888888888888,1.0,0.8888888888888888,-0.08980805291955517,-0.25482201066588894,-34.90860246285591,2,6.0,3.75,0.0,HUBERT_BASE,6
5142-33396-0035_4077-13751-0011__T2__SCV3FIX__VOICE-4077_CONTENT-5142-5142-33396-0035,4077,5142,,5.84,6,0.0,0.0,0.0,0.10756071324548074,0.051487030637911047,30.55054206080615,0,0.0,0.0,-1.0,HUBERT_BASE,6
8455-210777-0040_7127-75946-0028__T2__SCV3FIX__VOICE-7127_CONTENT-8455-8455-210777-0040,7127,8455,,-11.23,11,0.8181818181818182,1.0,0.8181818181818182,-0.06626905017580985,-0.19664318148259408,-16.89335881566619,2,3.5,2.25,0.0,HUBERT_BASE,6
1995-1837-0011_4446-2275-0013__T2__SCV3FIX__VOICE-4446_CONTENT-1995-1995-1837-0011,4446,1995,,-23.54,5,1.0,1.0,1.0,-0.09558593584380688,-0.12208659936715849,-50.01624861552783,1,2.5,2.5,0.0,HUBERT_BASE,6
7176-92135-0022_1995-1837-0017__T1__SCV3FIX__VOICE-7176_CONTENT-1995-1995-1837-0017,7176,1995,,6.33,5,0.2,0.0,0.0,0.08293135528383888,-0.00866460116092782,33.34700012579812,0,0.0,0.0,-1.0,HUBERT_BASE,6
672-122797-0048_61-70968-0020__T2__SCV3FIX__VOICE-61_CONTENT-672-672-122797-0048,61,672,,-0.06,8,0.25,0.25,0.125,0.1209181902354772,-0.14055359082448726,9.790990661595178,1,1.0,1.0,1.5,HUBERT_BASE,6
121-121726-0009_7176-92135-0006__T1__SCV3FIX__VOICE-121_CONTENT-7176-7176-92135-0006,121,7176,,-23.81,13,1.0,1.0,1.0,-0.15180646208239737,-0.32831658299278543,-37.08273900796797,1,6.5,6.5,0.0,HUBERT_BASE,6
4992-23283-0020_3575-170457-0022__T2__SCV3FIX__VOICE-3575_CONTENT-4992-4992-23283-0020,3575,4992,,-6.18,10,1.0,0.8,0.8,-0.0507213056473166,-0.14621896130776524,-14.062217029345465,1,5.0,5.0,0.0,HUBERT_BASE,6
4446-2271-0008_1580-141083-0012__T2__SCV3FIX__VOICE-1580_CONTENT-4446-4446-2271-0008,1580,4446,,-19.43,9,1.0,1.0,1.0,-0.061214542976842624,-0.08581650085477599,-44.04252206695207,1,4.5,4.5,0.0,HUBERT_BASE,6
672-122797-0029_3575-170457-0040__T1__SCV3FIX__VOICE-672_CONTENT-3575-3575-170457-0040,672,3575,,15.03,4,0.25,0.0,0.0,0.09903833190866931,-0.007768392407498381,33.72036214920202,0,0.0,0.0,-1.0,HUBERT_BASE,6
4446-2271-0001_1221-135767-0001__T2__SCV3FIX__VOICE-1221_CONTENT-4446-4446-2271-0001,1221,4446,,5.19,11,0.36363636363636365,0.18181818181818182,0.18181818181818182,0.02035081950234013,-0.08634639128287735,19.347348326111355,2,1.0,1.0,2.5,HUBERT_BASE,6
3575-170457-0011_121-127105-0027__T2__SCV3FIX__VOICE-121_CONTENT-3575-3575-170457-0011,121,3575,,-9.65,13,0.6923076923076923,0.9230769230769231,0.6923076923076923,-0.03595295459165641,-0.11497337361223292,-15.538760539155392,1,4.0,4.0,2.0,HUBERT_BASE,6
5105-28241-0012_7021-85628-0023__T2__SCV3FIX__VOICE-7021_CONTENT-5105-5105-28241-0012,7021,5105,,13.45,12,0.0,0.0,0.0,0.09981335471686743,0.033365321480845256,37.03829029360487,0,0.0,0.0,-1.0,HUBERT_BASE,6
8555-284449-0008_4077-13751-0012__T1__SCV3FIX__VOICE-8555_CONTENT-4077-4077-13751-0012,8555,4077,,-28.26,11,1.0,1.0,1.0,-0.08789324395554976,-0.13077389932391414,-40.109887473063516,1,5.5,5.5,0.0,HUBERT_BASE,6
5639-40744-0012_5683-32879-0021__T1__SCV3FIX__VOICE-5639_CONTENT-5683-5683-32879-0021,5639,5683,,-37.77,7,1.0,1.0,1.0,-0.1408212488548491,-0.24248875247866097,-43.897880329701024,1,3.5,3.5,0.0,HUBERT_BASE,6
6829-68769-0028_5105-28240-0002__T2__SCV3FIX__VOICE-5105_CONTENT-6829-6829-68769-0028,5105,6829,,9.14,5,0.0,0.0,0.0,0.12486734426325923,0.08949798819725341,42.81730783858265,0,0.0,0.0,-1.0,HUBERT_BASE,6
2830-3980-0037_1089-134691-0023__T1__SCV3FIX__VOICE-2830_CONTENT-1089-1089-134691-0023,2830,1089,,8.73,11,0.36363636363636365,0.0,0.0,0.01120436173650231,-0.12859059422848673,19.226194792999248,1,2.0,2.0,3.5,HUBERT_BASE,6
6829-68769-0049_260-123286-0028__T1__SCV3FIX__VOICE-6829_CONTENT-260-260-123286-0028,6829,260,,-17.93,13,1.0,1.0,1.0,-0.10869517795845257,-0.1478075951578618,-37.92714907867463,1,6.5,6.5,0.0,HUBERT_BASE,6
8463-294828-0015_121-127105-0002__T2__SCV3FIX__VOICE-121_CONTENT-8463-8463-294828-0015,121,8463,,5.52,7,0.14285714285714285,0.0,0.0,0.07721714593482842,-0.05605155785651983,16.904386231733085,0,0.0,0.0,-1.0,HUBERT_BASE,6
7729-102255-0041_1320-122617-0019__T1__SCV3FIX__VOICE-7729_CONTENT-1320-1320-122617-0019,7729,1320,,-13.04,15,0.8666666666666667,1.0,0.8666666666666667,-0.103595055250394,-0.26749409304487537,-21.28812347379446,1,6.5,6.5,0.5,HUBERT_BASE,6
672-122797-0061_260-123286-0018__T1__SCV3FIX__VOICE-672_CONTENT-260-260-123286-0018,672,260,,-24.32,10,1.0,1.0,1.0,-0.09571395398444889,-0.12962895168898358,-33.28013628290957,1,5.0,5.0,0.0,HUBERT_BASE,6
61-70968-0025_1995-1837-0010__T1__SCV3FIX__VOICE-61_CONTENT-1995-1995-1837-0010,61,1995,,10.13,5,0.0,0.0,0.0,0.09865041313543647,0.06438737978906517,28.72449280367266,0,0.0,0.0,-1.0,HUBERT_BASE,6
8463-294825-0001_1188-133604-0001__T2__SCV3FIX__VOICE-1188_CONTENT-8463-8463-294825-0001,1188,8463,,11.72,12,0.0,0.0,0.0,0.12549732749624767,0.0471845855812717,41.79967873122049,0,0.0,0.0,-1.0,HUBERT_BASE,6
61-70970-0000_7729-102255-0018__T1__SCV3FIX__VOICE-61_CONTENT-7729-7729-102255-0018,61,7729,,7.87,11,0.0,0.0,0.0,0.09601982232979492,0.041723607252626915,26.55253496874435,0,0.0,0.0,-1.0,HUBERT_BASE,6
8230-279154-0006_237-126133-0005__T1__SCV3FIX__VOICE-8230_CONTENT-237-237-126133-0005,8230,237,,9.95,12,0.0,0.0,0.0,0.10833744553376716,0.05651516069379248,44.20275484942355,0,0.0,0.0,-1.0,HUBERT_BASE,6
5142-33396-0049_1089-134691-0022__T1__SCV3FIX__VOICE-5142_CONTENT-1089-1089-134691-0022,5142,1089,,-22.98,5,1.0,1.0,1.0,-0.09101947789776939,-0.10454369005350161,-37.003754519594594,1,2.5,2.5,0.0,HUBERT_BASE,6
6829-68769-0053_1580-141084-0002__T2__SCV3FIX__VOICE-1580_CONTENT-6829-6829-68769-0053,1580,6829,,3.75,10,0.2,0.4,0.2,0.012825365637377462,-0.09101933058851852,2.3290378794510964,1,1.0,1.0,2.0,HUBERT_BASE,6
5683-32866-0025_1995-1837-0019__T1__SCV3FIX__VOICE-5683_CONTENT-1995-1995-1837-0019,5683,1995,,16.15,5,0.0,0.0,0.0,0.1209334276147446,0.07307952975718779,40.56919846177259,0,0.0,0.0,-1.0,HUBERT_BASE,6
908-157963-0022_61-70970-0007__T2__SCV3FIX__VOICE-61_CONTENT-908-908-157963-0022,61,908,,-6.55,7,0.5714285714285714,1.0,0.5714285714285714,-0.017798997915987252,-0.11763296497564346,-8.90404630344811,1,2.0,2.0,0.0,HUBERT_BASE,6
3570-5695-0015_1580-141084-0000__T2__SCV3FIX__VOICE-1580_CONTENT-3570-3570-5695-0015,1580,3570,,-27.33,8,1.0,1.0,1.0,-0.06910339983209833,-0.14518821814484217,-48.800444071584806,1,4.0,4.0,0.0,HUBERT_BASE,6
3575-170457-0013_8555-284449-0017__T2__SCV3FIX__VOICE-8555_CONTENT-3575-3575-170457-0013,8555,3575,,0.59,17,0.058823529411764705,0.0,0.0,0.08840557453514282,-0.0025950131138283705,25.023084909507364,0,0.0,0.0,-1.0,HUBERT_BASE,6
6930-76324-0021_8455-210777-0030__T1__SCV3FIX__VOICE-6930_CONTENT-8455-8455-210777-0030,6930,8455,,12.75,13,0.15384615384615385,0.0,0.0,0.09676433738291199,-0.053596741584064245,28.43374408292286,1,1.0,1.0,3.5,HUBERT_BASE,6
8463-294828-0002_1995-1837-0027__T2__SCV3FIX__VOICE-1995_CONTENT-8463-8463-294828-0002,1995,8463,,-13.6,11,1.0,1.0,1.0,-0.07985573297615658,-0.12746710993249932,-31.365744941153693,1,5.5,5.5,0.0,HUBERT_BASE,6
61-70968-0046_121-121726-0000__T2__SCV3FIX__VOICE-121_CONTENT-61-61-70968-0046,121,61,,-28.36,6,1.0,1.0,1.0,-0.10444937477341261,-0.2155878328254046,-39.03841669142614,1,3.0,3.0,0.0,HUBERT_BASE,6
672-122797-0073_1580-141084-0004__T1__SCV3FIX__VOICE-672_CONTENT-1580-1580-141084-0004,672,1580,,17.1,13,0.15384615384615385,0.0,0.0,0.0868883859718938,-0.012140989060769103,35.14626515515625,1,1.0,1.0,3.5,HUBERT_BASE,6
672-122797-0039_5142-33396-0053__T1__SCV3FIX__VOICE-672_CONTENT-5142-5142-33396-0053,672,5142,,9.24,6,0.16666666666666666,0.0,0.0,0.0637978319888785,-0.0030481222315708045,29.872342316199724,0,0.0,0.0,-1.0,HUBERT_BASE,6
1995-1836-0012_7021-79730-0006__T1__SCV3FIX__VOICE-1995_CONTENT-7021-7021-79730-0006,1995,7021,,-25.8,6,1.0,1.0,1.0,-0.12131080433333663,-0.19768316336582314,-40.20578699488123,1,3.0,3.0,0.0,HUBERT_BASE,6
5683-32865-0017_672-122797-0073__T2__SCV3FIX__VOICE-672_CONTENT-5683-5683-32865-0017,672,5683,,11.03,9,0.3333333333333333,0.0,0.0,0.04677819879378575,-0.03441053560100438,25.26338929256832,1,1.0,1.0,3.5,HUBERT_BASE,6
121-127105-0000_5142-33396-0044__T2__SCV3FIX__VOICE-5142_CONTENT-121-121-127105-0000,5142,121,,11.27,8,0.0,0.0,0.0,0.08870636165478732,0.005332171810318198,30.171968504674496,0,0.0,0.0,-1.0,HUBERT_BASE,6
1580-141084-0003_3729-6852-0041__T1__SCV3FIX__VOICE-1580_CONTENT-3729-3729-6852-0041,1580,3729,,-24.42,7,1.0,1.0,1.0,-0.05993915182307804,-0.1095026100389015,-32.432660324480054,1,3.5,3.5,0.0,HUBERT_BASE,6
1580-141084-0023_2830-3979-0012__T1__SCV3FIX__VOICE-1580_CONTENT-2830-2830-3979-0012,1580,2830,,-35.58,6,0.6666666666666666,1.0,0.6666666666666666,-0.022613998245951505,-0.07728689344932671,-36.314063208718714,2,1.0,1.0,0.5,HUBERT_BASE,6
4446-2273-0034_1284-1180-0005__T1__SCV3FIX__VOICE-4446_CONTENT-1284-1284-1180-0005,4446,1284,,-11.75,6,0.6666666666666666,1.0,0.6666666666666666,-0.02810712677725909,-0.12404834686645438,-23.775651404881234,1,1.5,1.5,0.0,HUBERT_BASE,6
2830-3980-0012_6930-81414-0010__T1__SCV3FIX__VOICE-2830_CONTENT-6930-6930-81414-0010,2830,6930,,8.35,5,0.0,0.0,0.0,0.12315703599862522,0.03738117105070227,34.816461382800185,0,0.0,0.0,-1.0,HUBERT_BASE,6
4446-2271-0019_7176-88083-0010__T1__SCV3FIX__VOICE-4446_CONTENT-7176-7176-88083-0010,4446,7176,,11.57,6,0.16666666666666666,0.0,0.0,0.06164621024987179,-0.01450222788072153,29.758369158898464,0,0.0,0.0,-1.0,HUBERT_BASE,6
3570-5695-0007_5105-28233-0001__T1__SCV3FIX__VOICE-3570_CONTENT-5105-5105-28233-0001,3570,5105,,-32.5,7,1.0,1.0,1.0,-0.08891438668241666,-0.14660509089473694,-49.889492599624575,1,3.5,3.5,0.0,HUBERT_BASE,6
8555-284447-0002_6829-68769-0024__T2__SCV3FIX__VOICE-6829_CONTENT-8555-8555-284447-0002,6829,8555,,-6.16,8,0.25,0.5,0.25,0.04989166015343163,-0.06119709793005401,-0.4984053235784607,1,1.0,1.0,1.0,HUBERT_BASE,6
5105-28240-0005_8555-284449-0019__T2__SCV3FIX__VOICE-8555_CONTENT-5105-5105-28240-0005,8555,5105,,-31.09,12,1.0,1.0,1.0,-0.11529043677612323,-0.19303489579834676,-36.02995728721972,1,6.0,6.0,0.0,HUBERT_BASE,6
260-123440-0010_908-31957-0023__T1__SCV3FIX__VOICE-260_CONTENT-908-908-31957-0023,260,908,,-16.85,15,0.5333333333333333,1.0,0.5333333333333333,0.001589881137028759,-0.07373082490325211,-15.295126007251364,2,2.5,2.0,0.0,HUBERT_BASE,6
5683-32866-0028_1089-134691-0005__T2__SCV3FIX__VOICE-1089_CONTENT-5683-5683-32866-0028,1089,5683,,12.61,9,0.0,0.0,0.0,0.13566604244881073,0.053462273000264515,45.39331131089547,0,0.0,0.0,-1.0,HUBERT_BASE,6
5683-32866-0011_61-70968-0022__T1__SCV3FIX__VOICE-5683_CONTENT-61-61-70968-0022,5683,61,,15.25,8,0.0,0.0,0.0,0.13108805332788703,0.0826842172298301,31.013892408117943,0,0.0,0.0,-1.0,HUBERT_BASE,6
4507-16021-0037_1580-141084-0024__T2__SCV3FIX__VOICE-1580_CONTENT-4507-4507-16021-0037,1580,4507,,-21.78,9,1.0,1.0,1.0,-0.06768742950516829,-0.10795476016820782,-44.91600478995835,1,4.5,4.5,0.0,HUBERT_BASE,6
7127-75947-0001_260-123286-0008__T2__SCV3FIX__VOICE-260_CONTENT-7127-7127-75947-0001,260,7127,,-9.3,6,1.0,1.0,1.0,-0.05863779121937659,-0.09559452912320665,-13.573732295134215,1,3.0,3.0,0.0,HUBERT_BASE,6
8463-294825-0010_61-70968-0054__T2__SCV3FIX__VOICE-61_CONTENT-8463-8463-294825-0010,61,8463,,12.5,8,0.0,0.0,0.0,0.10215202231032935,0.06804483992862342,36.51496125654439,0,0.0,0.0,-1.0,HUBERT_BASE,6
4507-16021-0053_260-123286-0004__T1__SCV3FIX__VOICE-4507_CONTENT-260-260-123286-0004,4507,260,,-19.66,5,1.0,1.0,1.0,-0.09624314115680221,-0.14934396445086484,-38.689057936308174,1,2.5,2.5,0.0,HUBERT_BASE,6
7176-92135-0035_61-70968-0013__T1__SCV3FIX__VOICE-7176_CONTENT-61-61-70968-0013,7176,61,,-13.06,5,0.6,0.8,0.6,-0.051566267711879665,-0.11344290228949683,-12.241452810637972,1,1.5,1.5,1.0,HUBERT_BASE,6
4970-29093-0023_3575-170457-0009__T1__SCV3FIX__VOICE-4970_CONTENT-3575-3575-170457-0009,4970,3575,,14.21,12,0.16666666666666666,0.0,0.0,0.032842178773706494,-0.015714117392131577,28.34718382981444,0,0.0,0.0,-1.0,HUBERT_BASE,6
5683-32866-0021_672-122797-0050__T2__SCV3FIX__VOICE-672_CONTENT-5683-5683-32866-0021,672,5683,,14.44,8,0.0,0.0,0.0,0.11274411550642487,0.023289677238817585,35.04527572537668,0,0.0,0.0,-1.0,HUBERT_BASE,6
260-123286-0030_6829-68769-0020__T2__SCV3FIX__VOICE-6829_CONTENT-260-260-123286-0030,6829,260,,-24.62,9,1.0,1.0,1.0,-0.06930185850506296,-0.12633216033508854,-43.25076913252133,1,4.5,4.5,0.0,HUBERT_BASE,6
6829-68769-0022_672-122797-0012__T1__SCV3FIX__VOICE-6829_CONTENT-672-672-122797-0012,6829,672,,6.41,7,0.0,0.0,0.0,0.1008576113247976,0.04776395025755131,24.795794947261566,0,0.0,0.0,-1.0,HUBERT_BASE,6
1284-1180-0024_6930-81414-0006__T1__SCV3FIX__VOICE-1284_CONTENT-6930-6930-81414-0006,1284,6930,,-29.56,9,1.0,1.0,1.0,-0.08276290431954919,-0.11991595826596657,-40.62576187916098,1,4.5,4.5,0.0,HUBERT_BASE,6
6829-68769-0023_5105-28240-0012__T1__SCV3FIX__VOICE-6829_CONTENT-5105-5105-28240-0012,6829,5105,,-22.65,8,1.0,1.0,1.0,-0.08018274103967891,-0.12795150445606118,-32.881654716992145,1,4.0,4.0,0.0,HUBERT_BASE,6
121-127105-0019_7176-88083-0026__T1__SCV3FIX__VOICE-121_CONTENT-7176-7176-88083-0026,121,7176,,-16.02,6,1.0,1.0,1.0,-0.06583998718524868,-0.17174893274132141,-31.242133276181562,1,3.0,3.0,0.0,HUBERT_BASE,6
1580-141083-0045_7176-92135-0008__T2__SCV3FIX__VOICE-7176_CONTENT-1580-1580-141083-0045,7176,1580,,12.28,7,0.0,0.0,0.0,0.09384057954014693,0.059142591911413134,49.413932880003145,0,0.0,0.0,-1.0,HUBERT_BASE,6
6829-68771-0003_1089-134686-0028__T1__SCV3FIX__VOICE-6829_CONTENT-1089-1089-134686-0028,6829,1089,,-20.72,7,1.0,1.0,1.0,-0.1284409275891947,-0.1933805307812847,-39.66939021337565,1,3.5,3.5,0.0,HUBERT_BASE,6
2094-142345-0056_1320-122612-0015__T2__SCV3FIX__VOICE-1320_CONTENT-2094-2094-142345-0056,1320,2094,,13.08,6,0.0,0.0,0.0,0.14922065567362755,0.1230385948272762,44.07425629197312,0,0.0,0.0,-1.0,HUBERT_BASE,6
7729-102255-0024_61-70970-0002__T2__SCV3FIX__VOICE-61_CONTENT-7729-7729-102255-0024,61,7729,,-11.43,7,0.5714285714285714,1.0,0.5714285714285714,-0.04435379112621886,-0.1534005968885005,-14.934389205447872,1,1.5,1.5,1.5,HUBERT_BASE,6
5639-40744-0023_672-122797-0016__T1__SCV3FIX__VOICE-5639_CONTENT-672-672-122797-0016,5639,672,,8.82,17,0.0,0.0,0.0,0.13139167399216484,0.020386337826221013,34.34530154377431,0,0.0,0.0,-1.0,HUBERT_BASE,6
5142-33396-0059_6930-76324-0016__T2__SCV3FIX__VOICE-6930_CONTENT-5142-5142-33396-0059,6930,5142,,8.21,9,0.0,0.0,0.0,0.12219752975505213,0.03126240273101821,35.048013093855566,0,0.0,0.0,-1.0,HUBERT_BASE,6
1089-134686-0007_1995-1836-0000__T1__SCV3FIX__VOICE-1089_CONTENT-1995-1995-1836-0000,1089,1995,,13.48,7,0.0,0.0,0.0,0.1026597084843182,0.05986685194924113,38.32811336721737,0,0.0,0.0,-1.0,HUBERT_BASE,6
1580-141084-0023_2830-3979-0012__T2__SCV3FIX__VOICE-2830_CONTENT-1580-1580-141084-0023,2830,1580,,18.16,6,0.3333333333333333,0.0,0.0,0.017562238140662417,-0.04112976707214944,35.685790795097155,0,0.0,0.0,-1.0,HUBERT_BASE,6
5639-40744-0021_7176-92135-0034__T1__SCV3FIX__VOICE-5639_CONTENT-7176-7176-92135-0034,5639,7176,,-1.22,7,0.42857142857142855,0.7142857142857143,0.2857142857142857,-0.009605756767975784,-0.1182621865140151,-1.3253921984343735,1,1.0,1.0,2.5,HUBERT_BASE,6
6930-75918-0000_5105-28241-0000__T1__SCV3FIX__VOICE-6930_CONTENT-5105-5105-28241-0000,6930,5105,,-16.01,6,1.0,1.0,1.0,-0.09213621516873198,-0.14049006064828762,-27.458594379709254,1,3.0,3.0,0.0,HUBERT_BASE,6
1580-141084-0008_8463-287645-0000__T2__SCV3FIX__VOICE-8463_CONTENT-1580-1580-141084-0008,8463,1580,,6.52,8,0.0,0.0,0.0,0.07844294125218954,0.05199784352124737,36.31865977808979,0,0.0,0.0,-1.0,HUBERT_BASE,6
908-31957-0005_8555-292519-0008__T1__SCV3FIX__VOICE-908_CONTENT-8555-8555-292519-0008,908,8555,,18.75,7,0.0,0.0,0.0,0.1370232125003929,0.08398383687852029,34.2125558322095,0,0.0,0.0,-1.0,HUBERT_BASE,6
4446-2271-0021_4970-29093-0013__T1__SCV3FIX__VOICE-4446_CONTENT-4970-4970-29093-0013,4446,4970,,9.71,6,0.0,0.0,0.0,0.0732893854434456,0.020519618018870367,36.92500446870291,0,0.0,0.0,-1.0,HUBERT_BASE,6
1089-134691-0020_7021-85628-0000__T1__SCV3FIX__VOICE-1089_CONTENT-7021-7021-85628-0000,1089,7021,,-30.1,5,1.0,1.0,1.0,-0.11311523115855841,-0.24602694293701655,-46.26209442027541,1,2.5,2.5,0.0,HUBERT_BASE,6
3575-170457-0051_1284-1181-0006__T1__SCV3FIX__VOICE-3575_CONTENT-1284-1284-1181-0006,3575,1284,,-7.5,8,0.5,0.75,0.5,0.0028956913028714143,-0.06832439402519774,-14.812462766206,1,1.0,1.0,1.0,HUBERT_BASE,6
5142-33396-0028_5105-28233-0009__T2__SCV3FIX__VOICE-5105_CONTENT-5142-5142-33396-0028,5105,5142,,11.44,6,0.0,0.0,0.0,0.09768911358242986,0.05232852592715387,34.287489636714234,0,0.0,0.0,-1.0,HUBERT_BASE,6
2830-3980-0051_7176-92135-0032__T2__SCV3FIX__VOICE-7176_CONTENT-2830-2830-3980-0051,7176,2830,,5.47,5,0.0,0.0,0.0,0.043033802572667666,0.0023339989116691884,13.632435953768981,0,0.0,0.0,-1.0,HUBERT_BASE,6
4970-29095-0018_6930-81414-0010__T2__SCV3FIX__VOICE-6930_CONTENT-4970-4970-29095-0018,6930,4970,,10.31,6,0.0,0.0,0.0,0.11761096210407325,0.05130315409196573,28.054565986311534,0,0.0,0.0,-1.0,HUBERT_BASE,6
260-123440-0010_4970-29095-0006__T1__SCV3FIX__VOICE-260_CONTENT-4970-4970-29095-0006,260,4970,,6.72,7,0.0,0.0,0.0,0.10027816595057397,0.056961598268059355,33.292873417063255,0,0.0,0.0,-1.0,HUBERT_BASE,6
5142-36377-0024_6930-81414-0026__T2__SCV3FIX__VOICE-6930_CONTENT-5142-5142-36377-0024,6930,5142,,5.19,5,0.0,0.0,0.0,0.0834168341231272,0.0457809629784387,23.743998299529046,0,0.0,0.0,-1.0,HUBERT_BASE,6
1320-122612-0012_4507-16021-0014__T1__SCV3FIX__VOICE-1320_CONTENT-4507-4507-16021-0014,1320,4507,,16.68,11,0.0,0.0,0.0,0.16754190896493065,0.07963013964359156,45.34079285945955,0,0.0,0.0,-1.0,HUBERT_BASE,6
61-70970-0004_237-134500-0008__T1__SCV3FIX__VOICE-61_CONTENT-237-237-134500-0008,61,237,,12.56,6,0.0,0.0,0.0,0.15078502068451247,0.05466914067602646,35.6106793100705,0,0.0,0.0,-1.0,HUBERT_BASE,6
4970-29093-0014_4992-41797-0019__T1__SCV3FIX__VOICE-4970_CONTENT-4992-4992-41797-0019,4970,4992,,3.94,7,0.42857142857142855,0.2857142857142857,0.14285714285714285,-0.010202761618207101,-0.09617584751419661,6.316864407869365,1,1.0,1.0,1.5,HUBERT_BASE,6
8230-279154-0039_4446-2273-0007__T2__SCV3FIX__VOICE-4446_CONTENT-8230-8230-279154-0039,4446,8230,,-24.35,5,1.0,1.0,1.0,-0.08364057016138107,-0.16114695655657818,-39.55823158614586,1,2.5,2.5,0.0,HUBERT_BASE,6
4507-16021-0003_1320-122617-0032__T2__SCV3FIX__VOICE-1320_CONTENT-4507-4507-16021-0003,1320,4507,,10.55,8,0.0,0.0,0.0,0.13747762441660416,0.07616926038449334,52.71956627082654,0,0.0,0.0,-1.0,HUBERT_BASE,6
672-122797-0071_4446-2271-0012__T1__SCV3FIX__VOICE-672_CONTENT-4446-4446-2271-0012,672,4446,,-17.52,6,1.0,1.0,1.0,-0.10043066238198106,-0.1335787826035727,-30.507920651343657,1,3.0,3.0,0.0,HUBERT_BASE,6
121-121726-0008_4446-2273-0000__T2__SCV3FIX__VOICE-4446_CONTENT-121-121-121726-0008,4446,121,,-26.92,7,1.0,1.0,1.0,-0.12344829719094941,-0.19071114593441008,-40.80515719797278,1,3.5,3.5,0.0,HUBERT_BASE,6
4446-2273-0003_4992-41797-0006__T1__SCV3FIX__VOICE-4446_CONTENT-4992-4992-41797-0006,4446,4992,,-13.32,8,0.75,1.0,0.75,-0.03329725620952223,-0.10015159645048977,-17.629333187067413,1,2.5,2.5,1.0,HUBERT_BASE,6
5683-32865-0007_7176-88083-0011__T1__SCV3FIX__VOICE-5683_CONTENT-7176-7176-88083-0011,5683,7176,,-2.99,11,0.8181818181818182,0.7272727272727273,0.6363636363636364,-0.017602624552432514,-0.14870101802380298,-4.992266428681488,1,3.5,3.5,2.0,HUBERT_BASE,6
6829-68769-0001_7729-102255-0022__T2__SCV3FIX__VOICE-7729_CONTENT-6829-6829-68769-0001,7729,6829,,12.91,17,0.0,0.0,0.0,0.09268138816589472,0.023161414624862875,36.534530043334485,0,0.0,0.0,-1.0,HUBERT_BASE,6
8463-294828-0038_4077-13754-0016__T1__SCV3FIX__VOICE-8463_CONTENT-4077-4077-13754-0016,8463,4077,,-19.6,22,1.0,1.0,1.0,-0.10476257269511247,-0.22299265415525926,-32.70728515111223,1,11.0,11.0,0.0,HUBERT_BASE,6
5683-32879-0005_260-123288-0001__T1__SCV3FIX__VOICE-5683_CONTENT-260-260-123288-0001,5683,260,,-26.46,7,1.0,1.0,1.0,-0.07623292255240054,-0.13573353532997512,-44.85983950587344,1,3.5,3.5,0.0,HUBERT_BASE,6
7729-102255-0028_7176-92135-0039__T1__SCV3FIX__VOICE-7729_CONTENT-7176-7176-92135-0039,7729,7176,,12.08,5,0.0,0.0,0.0,0.06559860783105073,0.0015855973553213776,33.21164440517303,0,0.0,0.0,-1.0,HUBERT_BASE,6
7176-92135-0036_1320-122617-0026__T2__SCV3FIX__VOICE-1320_CONTENT-7176-7176-92135-0036,1320,7176,,2.54,9,0.6666666666666666,0.2222222222222222,0.2222222222222222,-0.010069919920385036,-0.09119857120866848,7.8273707997607325,2,2.0,1.5,0.0,HUBERT_BASE,6
7021-79740-0006_672-122797-0027__T1__SCV3FIX__VOICE-7021_CONTENT-672-672-122797-0027,7021,672,,0.32,8,0.375,0.125,0.125,0.0701333519541938,-0.03035622540862226,13.274063098769753,1,1.0,1.0,0.0,HUBERT_BASE,6
4970-29093-0022_3729-6852-0038__T1__SCV3FIX__VOICE-4970_CONTENT-3729-3729-6852-0038,4970,3729,,2.38,10,0.6,0.0,0.0,0.014505029125752866,-0.0649871937251345,12.97455230340616,2,1.5,1.25,1.0,HUBERT_BASE,6
2830-3979-0002_260-123288-0017__T2__SCV3FIX__VOICE-260_CONTENT-2830-2830-3979-0002,260,2830,,-12.0,7,0.42857142857142855,1.0,0.42857142857142855,0.02010606863617879,-0.05421930443090317,-9.83365744849611,1,1.0,1.0,2.5,HUBERT_BASE,6
5639-40744-0013_6829-68769-0039__T1__SCV3FIX__VOICE-5639_CONTENT-6829-6829-68769-0039,5639,6829,,10.63,7,0.0,0.0,0.0,0.0871461529548374,0.05020784227881969,37.356191286124066,0,0.0,0.0,-1.0,HUBERT_BASE,6
5683-32866-0021_8463-294828-0037__T1__SCV3FIX__VOICE-5683_CONTENT-8463-8463-294828-0037,5683,8463,,9.65,9,0.0,0.0,0.0,0.11348898251483673,0.04164195225651457,41.51957957717131,0,0.0,0.0,-1.0,HUBERT_BASE,6
7729-102255-0039_6829-68769-0017__T1__SCV3FIX__VOICE-7729_CONTENT-6829-6829-68769-0017,7729,6829,,11.9,6,0.0,0.0,0.0,0.07556317455426213,0.0363792156786501,37.503303265957356,0,0.0,0.0,-1.0,HUBERT_BASE,6
61-70968-0023_7176-88083-0011__T2__SCV3FIX__VOICE-7176_CONTENT-61-61-70968-0023,7176,61,,-1.07,9,0.8888888888888888,0.4444444444444444,0.4444444444444444,-0.03638800267498949,-0.11637246063341344,2.1015455335744573,2,3.0,2.0,0.0,HUBERT_BASE,6
260-123288-0002_1580-141084-0019__T2__SCV3FIX__VOICE-1580_CONTENT-260-260-123288-0002,1580,260,,-23.02,5,1.0,1.0,1.0,-0.08230027012353607,-0.10249418426172996,-39.661425382410435,1,2.5,2.5,0.0,HUBERT_BASE,6
61-70970-0032_7176-88083-0017__T2__SCV3FIX__VOICE-7176_CONTENT-61-61-70970-0032,7176,61,,-3.55,5,0.6,0.8,0.6,0.0021936310947115343,-0.017236879826481366,-7.781919493429683,1,1.0,1.0,1.5,HUBERT_BASE,6
3570-5694-0019_5105-28240-0024__T2__SCV3FIX__VOICE-5105_CONTENT-3570-3570-5694-0019,5105,3570,,15.17,6,0.0,0.0,0.0,0.09436177606546838,0.06587017329980072,40.47355425078226,0,0.0,0.0,-1.0,HUBERT_BASE,6
8230-279154-0004_7127-75947-0023__T2__SCV3FIX__VOICE-7127_CONTENT-8230-8230-279154-0004,7127,8230,,11.85,9,0.0,0.0,0.0,0.09393088589303429,0.04934674402725581,33.78392841647811,0,0.0,0.0,-1.0,HUBERT_BASE,6
7176-88083-0021_1320-122612-0014__T1__SCV3FIX__VOICE-7176_CONTENT-1320-1320-122612-0014,7176,1320,,-11.44,6,0.8333333333333334,1.0,0.8333333333333334,-0.02722921020144094,-0.09835701748912118,-16.52007738224406,1,2.5,2.5,0.0,HUBERT_BASE,6
3570-5696-0002_237-134500-0016__T1__SCV3FIX__VOICE-3570_CONTENT-237-237-134500-0016,3570,237,,-32.33,5,1.0,1.0,1.0,-0.09228592942611517,-0.12663299346816614,-49.15528659252003,1,2.5,2.5,0.0,HUBERT_BASE,6
5142-36377-0000_2094-142345-0044__T1__SCV3FIX__VOICE-5142_CONTENT-2094-2094-142345-0044,5142,2094,,2.63,5,0.4,0.4,0.4,0.023919450905117757,-0.0589567508565112,0.34815890825607065,1,1.0,1.0,1.5,HUBERT_BASE,6
2094-142345-0035_6930-81414-0007__T2__SCV3FIX__VOICE-6930_CONTENT-2094-2094-142345-0035,6930,2094,,11.03,6,0.0,0.0,0.0,0.10184145305871876,0.0685414699043494,31.569176997483982,0,0.0,0.0,-1.0,HUBERT_BASE,6
1320-122617-0012_672-122797-0036__T2__SCV3FIX__VOICE-672_CONTENT-1320-1320-122617-0012,672,1320,,-17.04,9,1.0,1.0,1.0,-0.18477525461537192,-0.31837355453798555,-38.26456619131087,1,4.5,4.5,0.0,HUBERT_BASE,6
1320-122617-0037_1221-135767-0018__T1__SCV3FIX__VOICE-1320_CONTENT-1221-1221-135767-0018,1320,1221,,11.28,13,0.0,0.0,0.0,0.10973298522744433,0.03484612412941768,34.831201996590195,0,0.0,0.0,-1.0,HUBERT_BASE,6
61-70970-0031_1320-122617-0000__T1__SCV3FIX__VOICE-61_CONTENT-1320-1320-122617-0000,61,1320,,8.63,9,0.0,0.0,0.0,0.09095392833167186,0.01660697748125528,26.553672607955484,0,0.0,0.0,-1.0,HUBERT_BASE,6
1580-141083-0004_4446-2273-0007__T1__SCV3FIX__VOICE-1580_CONTENT-4446-4446-2273-0007,1580,4446,,6.81,5,0.0,0.0,0.0,0.05738801977646557,0.007335906775096546,23.916653761395555,0,0.0,0.0,-1.0,HUBERT_BASE,6
1320-122617-0031_6829-68769-0010__T2__SCV3FIX__VOICE-6829_CONTENT-1320-1320-122617-0031,6829,1320,,-25.9,5,1.0,1.0,1.0,-0.10888964066170477,-0.15893340740228934,-34.02412286049948,1,2.5,2.5,0.0,HUBERT_BASE,6
4970-29095-0029_1995-1826-0002__T2__SCV3FIX__VOICE-1995_CONTENT-4970-4970-29095-0029,1995,4970,,14.25,6,0.0,0.0,0.0,0.057078956748909816,0.02410715913880701,42.127101809132974,0,0.0,0.0,-1.0,HUBERT_BASE,6
5683-32865-0008_2300-131720-0032__T2__SCV3FIX__VOICE-2300_CONTENT-5683-5683-32865-0008,2300,5683,,12.79,11,0.0,0.0,0.0,0.1721592466987171,0.03950894270902172,37.22970182661052,0,0.0,0.0,-1.0,HUBERT_BASE,6
8555-292519-0013_5105-28241-0013__T1__SCV3FIX__VOICE-8555_CONTENT-5105-5105-28241-0013,8555,5105,,-30.18,7,1.0,1.0,1.0,-0.06467486656968284,-0.1265198117844233,-31.045016762585217,1,3.5,3.5,0.0,HUBERT_BASE,6
4446-2271-0008_1580-141083-0012__T1__SCV3FIX__VOICE-4446_CONTENT-1580-1580-141083-0012,4446,1580,,9.34,9,0.0,0.0,0.0,0.059241793552727885,0.04006911464644225,43.41766867071542,0,0.0,0.0,-1.0,HUBERT_BASE,6
7021-85628-0016_8555-284449-0002__T1__SCV3FIX__VOICE-7021_CONTENT-8555-8555-284449-0002,7021,8555,,16.46,7,0.0,0.0,0.0,0.10552531142672035,0.0782240645110246,46.33055551830666,0,0.0,0.0,-1.0,HUBERT_BASE,6
237-126133-0025_1995-1826-0016__T2__SCV3FIX__VOICE-1995_CONTENT-237-237-126133-0025,1995,237,,14.54,6,0.16666666666666666,0.0,0.0,0.04152640890521688,-0.001986499794631724,36.33315912995625,0,0.0,0.0,-1.0,HUBERT_BASE,6
260-123286-0023_2830-3980-0030__T1__SCV3FIX__VOICE-260_CONTENT-2830-2830-3980-0030,260,2830,,-24.88,9,1.0,1.0,1.0,-0.09902137808148606,-0.24022083896295376,-32.77161595785053,1,4.5,4.5,0.0,HUBERT_BASE,6
8455-210777-0045_260-123286-0011__T2__SCV3FIX__VOICE-260_CONTENT-8455-8455-210777-0045,260,8455,,2.06,7,0.5714285714285714,0.2857142857142857,0.14285714285714285,-0.03635718291828589,-0.18603564344181167,4.582551047331019,1,2.0,2.0,1.0,HUBERT_BASE,6
8230-279154-0003_3570-5695-0002__T1__SCV3FIX__VOICE-8230_CONTENT-3570-3570-5695-0002,8230,3570,,12.48,5,0.2,0.0,0.0,0.041873293512957946,-0.004581511202109478,36.30803452544349,0,0.0,0.0,-1.0,HUBERT_BASE,6
1320-122617-0009_4992-23283-0019__T2__SCV3FIX__VOICE-4992_CONTENT-1320-1320-122617-0009,4992,1320,,-21.9,12,1.0,1.0,1.0,-0.1315547933358415,-0.2839592807697272,-38.3936653491445,1,6.0,6.0,0.0,HUBERT_BASE,6
7176-88083-0020_5683-32879-0003__T2__SCV3FIX__VOICE-5683_CONTENT-7176-7176-88083-0020,5683,7176,,11.54,9,0.0,0.0,0.0,0.08846526318952602,0.03144550822884795,35.04609500081984,0,0.0,0.0,-1.0,HUBERT_BASE,6
1580-141083-0032_61-70968-0033__T1__SCV3FIX__VOICE-1580_CONTENT-61-61-70968-0033,1580,61,,-19.45,7,1.0,1.0,1.0,-0.09246679306138132,-0.15614528861716592,-37.25247698041819,1,3.5,3.5,0.0,HUBERT_BASE,6
8463-294828-0015_2830-3980-0044__T1__SCV3FIX__VOICE-8463_CONTENT-2830-2830-3980-0044,8463,2830,,-28.51,5,1.0,1.0,1.0,-0.15124500523568105,-0.2689017759962865,-42.07557407580106,1,2.5,2.5,0.0,HUBERT_BASE,6
5639-40744-0007_4970-29095-0023__T2__SCV3FIX__VOICE-4970_CONTENT-5639-5639-40744-0007,4970,5639,,-25.15,6,1.0,1.0,1.0,-0.08180398006995748,-0.12218344695481576,-34.99976961697772,1,3.0,3.0,0.0,HUBERT_BASE,6
672-122797-0031_908-31957-0013__T2__SCV3FIX__VOICE-908_CONTENT-672-672-122797-0031,908,672,,3.39,6,0.5,0.16666666666666666,0.16666666666666666,0.05837107818598127,-0.017460227704140352,24.548063998349956,1,1.0,1.0,1.0,HUBERT_BASE,6
8230-279154-0008_7021-85628-0021__T1__SCV3FIX__VOICE-8230_CONTENT-7021-7021-85628-0021,8230,7021,,-5.51,6,0.6666666666666666,1.0,0.6666666666666666,-0.05168989507112461,-0.14521551707323044,-17.640824199098606,1,2.0,2.0,1.0,HUBERT_BASE,6
2300-131720-0038_8224-274381-0015__T1__SCV3FIX__VOICE-2300_CONTENT-8224-8224-274381-0015,2300,8224,,2.59,10,0.5,0.1,0.1,0.01479927592518423,-0.11763006213485605,11.513100086159806,1,2.5,2.5,1.0,HUBERT_BASE,6
1221-135767-0020_61-70968-0009__T1__SCV3FIX__VOICE-1221_CONTENT-61-61-70968-0009,1221,61,,7.68,5,0.0,0.0,0.0,0.09036239292407189,0.02550631862567776,17.262551042384732,0,0.0,0.0,-1.0,HUBERT_BASE,6
260-123440-0012_61-70968-0015__T1__SCV3FIX__VOICE-260_CONTENT-61-61-70968-0015,260,61,,-6.19,9,0.6666666666666666,1.0,0.6666666666666666,-0.03305701723629755,-0.12090825792729387,-12.46231056100856,1,3.0,3.0,0.5,HUBERT_BASE,6
1089-134686-0006_1580-141083-0022__T1__SCV3FIX__VOICE-1089_CONTENT-1580-1580-141083-0022,1089,1580,,12.46,5,0.0,0.0,0.0,0.10559012994266379,0.07393675894683238,46.588899366038284,0,0.0,0.0,-1.0,HUBERT_BASE,6
3570-5695-0003_3575-170457-0032__T2__SCV3FIX__VOICE-3575_CONTENT-3570-3570-5695-0003,3575,3570,,12.8,5,0.0,0.0,0.0,0.08057570523033744,0.04287230882730719,35.14639420682441,0,0.0,0.0,-1.0,HUBERT_BASE,6
1284-1180-0002_7021-79759-0003__T2__SCV3FIX__VOICE-7021_CONTENT-1284-1284-1180-0002,7021,1284,,12.33,8,0.0,0.0,0.0,0.09226415012268688,0.025436120673718254,41.08584899817413,0,0.0,0.0,-1.0,HUBERT_BASE,6
237-126133-0013_8224-274381-0011__T2__SCV3FIX__VOICE-8224_CONTENT-237-237-126133-0013,8224,237,,17.45,11,0.0,0.0,0.0,0.0680144695952634,0.020904249586628065,39.694649854712154,0,0.0,0.0,-1.0,HUBERT_BASE,6
1580-141084-0018_4446-2273-0019__T2__SCV3FIX__VOICE-4446_CONTENT-1580-1580-141084-0018,4446,1580,,-3.16,5,0.6,0.6,0.4,-0.0036175035403664068,-0.0942005027911278,-5.9974878922552906,1,1.0,1.0,1.5,HUBERT_BASE,6
8463-294825-0004_4970-29095-0036__T1__SCV3FIX__VOICE-8463_CONTENT-4970-4970-29095-0036,8463,4970,,15.18,6,0.0,0.0,0.0,0.07214659987827521,0.036190389863045236,29.19184072093894,0,0.0,0.0,-1.0,HUBERT_BASE,6
7176-92135-0045_3729-6852-0039__T2__SCV3FIX__VOICE-3729_CONTENT-7176-7176-92135-0045,3729,7176,,-19.76,9,1.0,1.0,1.0,-0.11509174809047806,-0.17588823681960708,-41.18515252244171,1,4.5,4.5,0.0,HUBERT_BASE,6
61-70968-0045_2830-3980-0001__T2__SCV3FIX__VOICE-2830_CONTENT-61-61-70968-0045,2830,61,,-5.15,5,0.4,0.4,0.4,0.042288303455004936,-0.07184356735568442,11.43605053486879,1,1.0,1.0,0.0,HUBERT_BASE,6
4077-13751-0008_1089-134691-0016__T1__SCV3FIX__VOICE-4077_CONTENT-1089-1089-134691-0016,4077,1089,,-15.25,17,1.0,1.0,1.0,-0.10389607892638465,-0.3044999609038638,-31.344165069849296,1,8.5,8.5,0.0,HUBERT_BASE,6
4992-23283-0015_8455-210777-0013__T2__SCV3FIX__VOICE-8455_CONTENT-4992-4992-23283-0015,8455,4992,,7.6,6,0.0,0.0,0.0,0.1512751018467981,0.06733995541360738,34.78398262549215,0,0.0,0.0,-1.0,HUBERT_BASE,6
1995-1826-0015_1320-122617-0037__T1__SCV3FIX__VOICE-1995_CONTENT-1320-1320-122617-0037,1995,1320,,-20.22,6,1.0,1.0,1.0,-0.11960610249954967,-0.16266179728994112,-46.33927425337233,1,3.0,3.0,0.0,HUBERT_BASE,6
260-123440-0011_3570-5694-0012__T2__SCV3FIX__VOICE-3570_CONTENT-260-260-123440-0011,3570,260,,-12.75,5,1.0,1.0,1.0,-0.03397479155769236,-0.06640034781216031,-22.223509326858117,1,2.5,2.5,0.0,HUBERT_BASE,6
2830-3980-0061_5639-40744-0019__T2__SCV3FIX__VOICE-5639_CONTENT-2830-2830-3980-0061,5639,2830,,-7.5,13,0.5384615384615384,0.8461538461538461,0.46153846153846156,-0.0027337388291218934,-0.1244284698348348,-9.960931221381095,2,2.0,1.5,1.0,HUBERT_BASE,6
4992-23283-0016_61-70968-0004__T2__SCV3FIX__VOICE-61_CONTENT-4992-4992-23283-0016,61,4992,,10.48,6,0.0,0.0,0.0,0.10177593415718471,0.07878298012914642,36.92739828400038,0,0.0,0.0,-1.0,HUBERT_BASE,6
8230-279154-0015_1221-135767-0002__T2__SCV3FIX__VOICE-1221_CONTENT-8230-8230-279154-0015,1221,8230,,-18.67,15,0.8666666666666667,1.0,0.8666666666666667,-0.0754402415855337,-0.18821536721100496,-29.992437825038216,1,6.5,6.5,0.0,HUBERT_BASE,6
2830-3980-0052_4507-16021-0008__T2__SCV3FIX__VOICE-4507_CONTENT-2830-2830-3980-0052,4507,2830,,-19.82,6,1.0,1.0,1.0,-0.11857038035515076,-0.22018600382231734,-36.59232332036968,1,3.0,3.0,0.0,HUBERT_BASE,6
908-31957-0005_5105-28233-0004__T1__SCV3FIX__VOICE-908_CONTENT-5105-5105-28233-0004,908,5105,,9.59,7,0.0,0.0,0.0,0.12229186445626072,0.06576138603294734,39.47998804730689,0,0.0,0.0,-1.0,HUBERT_BASE,6
6829-68771-0013_6930-76324-0005__T2__SCV3FIX__VOICE-6930_CONTENT-6829-6829-68771-0013,6930,6829,,10.86,9,0.1111111111111111,0.0,0.0,0.05200155085063047,-0.010466095182646185,27.29388821528765,0,0.0,0.0,-1.0,HUBERT_BASE,6
8455-210777-0018_5142-36377-0015__T2__SCV3FIX__VOICE-5142_CONTENT-8455-8455-210777-0018,5142,8455,,-24.33,6,1.0,1.0,1.0,-0.1240851985394711,-0.16926294015839394,-39.06301547879641,1,3.0,3.0,0.0,HUBERT_BASE,6
5142-33396-0053_260-123286-0002__T1__SCV3FIX__VOICE-5142_CONTENT-260-260-123286-0002,5142,260,,-33.42,6,1.0,1.0,1.0,-0.0746501983190092,-0.1402237387268973,-40.99378546584801,1,3.0,3.0,0.0,HUBERT_BASE,6
5683-32866-0028_6829-68769-0001__T2__SCV3FIX__VOICE-6829_CONTENT-5683-5683-32866-0028,6829,5683,,-19.05,10,0.9,1.0,0.9,-0.09052375044001952,-0.17952168918517275,-35.658487610342,2,3.5,2.25,0.0,HUBERT_BASE,6
5683-32866-0004_237-134500-0021__T1__SCV3FIX__VOICE-5683_CONTENT-237-237-134500-0021,5683,237,,1.4,9,0.3333333333333333,0.2222222222222222,0.2222222222222222,0.019151199645620065,-0.052779187648294146,5.853117736577346,1,1.0,1.0,0.0,HUBERT_BASE,6
2961-961-0004_7729-102255-0040__T1__SCV3FIX__VOICE-2961_CONTENT-7729-7729-102255-0040,2961,7729,,-1.83,21,0.5238095238095238,0.5238095238095238,0.38095238095238093,-0.021227966148521175,-0.19509846883408488,-3.32814604610532,3,1.5,1.3333333333333333,1.5,HUBERT_BASE,6
8555-292519-0003_4446-2271-0010__T2__SCV3FIX__VOICE-4446_CONTENT-8555-8555-292519-0003,4446,8555,,11.57,5,0.0,0.0,0.0,0.12153809020076409,0.04073918523687736,32.40338979365907,0,0.0,0.0,-1.0,HUBERT_BASE,6
2830-3979-0008_672-122797-0026__T2__SCV3FIX__VOICE-672_CONTENT-2830-2830-3979-0008,672,2830,,11.34,17,0.17647058823529413,0.0,0.0,0.05024373140115296,-0.10892653247417938,22.453905405087635,1,1.0,1.0,2.0,HUBERT_BASE,6
5142-33396-0057_6930-81414-0011__T2__SCV3FIX__VOICE-6930_CONTENT-5142-5142-33396-0057,6930,5142,,0.82,5,0.4,0.4,0.2,0.01823225974835472,-0.020913486678053927,1.098702126417242,0,0.0,0.0,-1.0,HUBERT_BASE,6
1089-134691-0019_672-122797-0023__T2__SCV3FIX__VOICE-672_CONTENT-1089-1089-134691-0019,672,1089,,11.15,5,0.4,0.0,0.0,0.02988350331343912,-0.06639433170056885,21.53560890693047,0,0.0,0.0,-1.0,HUBERT_BASE,6
908-31957-0022_1221-135766-0007__T1__SCV3FIX__VOICE-908_CONTENT-1221-1221-135766-0007,908,1221,,11.58,16,0.0,0.0,0.0,0.12432396023222844,0.06414354101541886,40.03304978766677,0,0.0,0.0,-1.0,HUBERT_BASE,6
7729-102255-0045_61-70968-0016__T1__SCV3FIX__VOICE-7729_CONTENT-61-61-70968-0016,7729,61,,-0.06,6,0.6666666666666666,0.16666666666666666,0.16666666666666666,-0.0358850583290912,-0.10159917026083032,4.559886857339687,1,2.0,2.0,0.0,HUBERT_BASE,6
8230-279154-0032_2830-3980-0028__T1__SCV3FIX__VOICE-8230_CONTENT-2830-2830-3980-0028,8230,2830,,-6.81,6,0.8333333333333334,0.5,0.5,-0.10352174277623082,-0.20477070455740487,-7.179846164840398,1,2.5,2.5,0.0,HUBERT_BASE,6
7729-102255-0039_121-127105-0006__T2__SCV3FIX__VOICE-121_CONTENT-7729-7729-102255-0039,121,7729,,14.3,8,0.0,0.0,0.0,0.08053042839581298,0.015743195695725687,23.828511428760788,0,0.0,0.0,-1.0,HUBERT_BASE,6
260-123286-0013_3729-6852-0026__T1__SCV3FIX__VOICE-260_CONTENT-3729-3729-6852-0026,260,3729,,11.36,8,0.0,0.0,0.0,0.07081956378431797,0.0178243535559085,26.656441969690924,0,0.0,0.0,-1.0,HUBERT_BASE,6
8555-284447-0023_6829-68771-0006__T1__SCV3FIX__VOICE-8555_CONTENT-6829-6829-68771-0006,8555,6829,,6.72,10,0.3,0.0,0.0,0.04105946629538486,-0.0399080506926226,22.036295063204467,1,1.5,1.5,3.5,HUBERT_BASE,6
6829-68769-0040_237-126133-0007__T1__SCV3FIX__VOICE-6829_CONTENT-237-237-126133-0007,6829,237,,3.77,8,0.125,0.125,0.0,0.044088653121723,-0.09606391571940276,8.469712691337879,0,0.0,0.0,-1.0,HUBERT_BASE,6
4970-29093-0008_1995-1837-0003__T1__SCV3FIX__VOICE-4970_CONTENT-1995-1995-1837-0003,4970,1995,,16.58,6,0.0,0.0,0.0,0.0594164043464499,0.035383641012145306,42.33084200348514,0,0.0,0.0,-1.0,HUBERT_BASE,6
5142-36377-0005_6930-81414-0019__T1__SCV3FIX__VOICE-5142_CONTENT-6930-6930-81414-0019,5142,6930,,-2.36,5,0.2,0.0,0.0,0.04944045213010166,-0.043960161280444,13.059076362902346,0,0.0,0.0,-1.0,HUBERT_BASE,6
4446-2273-0008_61-70968-0004__T2__SCV3FIX__VOICE-61_CONTENT-4446-4446-2273-0008,61,4446,,6.63,6,0.0,0.0,0.0,0.1028966932209664,0.0653189475168231,32.974027170809656,0,0.0,0.0,-1.0,HUBERT_BASE,6
1995-1837-0001_6930-76324-0014__T2__SCV3FIX__VOICE-6930_CONTENT-1995-1995-1837-0001,6930,1995,,16.26,8,0.125,0.0,0.0,0.08754258922433658,-0.003391563824533206,39.45959555511838,0,0.0,0.0,-1.0,HUBERT_BASE,6
1580-141083-0008_4507-16021-0029__T1__SCV3FIX__VOICE-1580_CONTENT-4507-4507-16021-0029,1580,4507,,-25.73,6,1.0,1.0,1.0,-0.10791395007730559,-0.2328719450152601,-50.8443249119777,1,3.0,3.0,0.0,HUBERT_BASE,6
5142-36377-0013_8455-210777-0009__T2__SCV3FIX__VOICE-8455_CONTENT-5142-5142-36377-0013,8455,5142,,12.42,8,0.0,0.0,0.0,0.13149463092432467,0.0909574810032282,47.59092931415172,0,0.0,0.0,-1.0,HUBERT_BASE,6
5683-32866-0011_3575-170457-0034__T1__SCV3FIX__VOICE-5683_CONTENT-3575-3575-170457-0034,5683,3575,,7.73,5,0.4,0.0,0.0,0.005860113381382481,-0.010228515076422418,7.468561327521361,0,0.0,0.0,-1.0,HUBERT_BASE,6
5142-33396-0059_237-134500-0027__T1__SCV3FIX__VOICE-5142_CONTENT-237-237-134500-0027,5142,237,,-2.18,5,1.0,1.0,1.0,-0.040184964851097016,-0.06702751047126809,-9.342388645349608,1,2.5,2.5,0.0,HUBERT_BASE,6
2830-3980-0071_5142-33396-0024__T1__SCV3FIX__VOICE-2830_CONTENT-5142-5142-33396-0024,2830,5142,,15.73,6,0.0,0.0,0.0,0.07330496898920975,0.04729932100216849,46.220679767973365,0,0.0,0.0,-1.0,HUBERT_BASE,6
8230-279154-0031_237-126133-0016__T1__SCV3FIX__VOICE-8230_CONTENT-237-237-126133-0016,8230,237,,10.4,7,0.0,0.0,0.0,0.16129787887125507,0.09653944331193487,41.778488111958325,0,0.0,0.0,-1.0,HUBERT_BASE,6
8230-279154-0032_8555-284447-0020__T1__SCV3FIX__VOICE-8230_CONTENT-8555-8555-284447-0020,8230,8555,,13.55,6,0.0,0.0,0.0,0.13179133495336712,0.0926931481896246,39.98837294822651,0,0.0,0.0,-1.0,HUBERT_BASE,6
3575-170457-0025_2830-3980-0045__T2__SCV3FIX__VOICE-2830_CONTENT-3575-3575-170457-0025,2830,3575,,9.61,6,0.0,0.0,0.0,0.11001674201333417,0.0693053630620446,40.135189329357125,0,0.0,0.0,-1.0,HUBERT_BASE,6
4970-29093-0002_6930-76324-0014__T2__SCV3FIX__VOICE-6930_CONTENT-4970-4970-29093-0002,6930,4970,,11.08,8,0.0,0.0,0.0,0.09512562266640275,0.046528524830876106,34.31441555774258,0,0.0,0.0,-1.0,HUBERT_BASE,6
2300-131720-0038_8224-274381-0015__T2__SCV3FIX__VOICE-8224_CONTENT-2300-2300-131720-0038,8224,2300,,-7.53,10,0.6,1.0,0.6,-0.023592935058126187,-0.12595474468091739,-14.355326802982535,2,1.5,1.25,0.0,HUBERT_BASE,6
6829-68771-0014_4446-2273-0027__T2__SCV3FIX__VOICE-4446_CONTENT-6829-6829-68771-0014,4446,6829,,-10.73,6,1.0,1.0,1.0,-0.09796354345266063,-0.13536154953123336,-35.46627672892936,1,3.0,3.0,0.0,HUBERT_BASE,6
260-123286-0008_4970-29095-0017__T2__SCV3FIX__VOICE-4970_CONTENT-260-260-123286-0008,4970,260,,-31.29,6,1.0,1.0,1.0,-0.08103353874451337,-0.1195013499201536,-47.831982408328486,1,3.0,3.0,0.0,HUBERT_BASE,6
4507-16021-0049_5142-33396-0043__T2__SCV3FIX__VOICE-5142_CONTENT-4507-4507-16021-0049,5142,4507,,17.09,6,0.0,0.0,0.0,0.06215039939488626,0.001932978591406398,38.11704476282606,0,0.0,0.0,-1.0,HUBERT_BASE,6
672-122797-0002_7729-102255-0012__T1__SCV3FIX__VOICE-672_CONTENT-7729-7729-102255-0012,672,7729,,12.9,7,0.14285714285714285,0.0,0.0,0.06751104198217096,-0.044341324873061194,32.55383638781647,0,0.0,0.0,-1.0,HUBERT_BASE,6
5142-36377-0006_1995-1837-0022__T1__SCV3FIX__VOICE-5142_CONTENT-1995-1995-1837-0022,5142,1995,,10.78,5,0.0,0.0,0.0,0.0819641848417425,0.052913672019165525,32.821775412607266,0,0.0,0.0,-1.0,HUBERT_BASE,6
7176-92135-0042_5105-28241-0012__T1__SCV3FIX__VOICE-7176_CONTENT-5105-5105-28241-0012,7176,5105,,5.09,12,0.16666666666666666,0.16666666666666666,0.16666666666666666,0.07605647290708807,-0.06434083239743904,20.2143821711466,1,1.0,1.0,2.0,HUBERT_BASE,6
4992-41806-0007_7176-88083-0013__T2__SCV3FIX__VOICE-7176_CONTENT-4992-4992-41806-0007,7176,4992,,14.21,21,0.0,0.0,0.0,0.09804429699207591,0.021317481568279284,38.47365715899652,0,0.0,0.0,-1.0,HUBERT_BASE,6
260-123286-0004_5142-33396-0011__T1__SCV3FIX__VOICE-260_CONTENT-5142-5142-33396-0011,260,5142,,-10.68,5,0.6,1.0,0.6,-0.013842083304015063,-0.14308917236252083,-14.1741985851037,1,1.5,1.5,0.0,HUBERT_BASE,6
260-123286-0007_5142-33396-0019__T1__SCV3FIX__VOICE-260_CONTENT-5142-5142-33396-0019,260,5142,,-17.96,8,1.0,1.0,1.0,-0.1081473738494963,-0.1889582701996012,-27.231525274234397,1,4.0,4.0,0.0,HUBERT_BASE,6
8463-294825-0003_6930-81414-0013__T2__SCV3FIX__VOICE-6930_CONTENT-8463-8463-294825-0003,6930,8463,,11.05,13,0.0,0.0,0.0,0.08297303709453317,0.029264931914086523,32.71609315875117,0,0.0,0.0,-1.0,HUBERT_BASE,6
8224-274384-0013_5639-40744-0012__T1__SCV3FIX__VOICE-8224_CONTENT-5639-5639-40744-0012,8224,5639,,1.83,9,0.1111111111111111,0.2222222222222222,0.1111111111111111,0.08994564387360968,-0.012589466730863696,20.94524704467621,0,0.0,0.0,-1.0,HUBERT_BASE,6
7176-92135-0028_8455-210777-0024__T1__SCV3FIX__VOICE-7176_CONTENT-8455-8455-210777-0024,7176,8455,,-8.52,5,0.8,1.0,0.8,-0.05953343387176413,-0.14332797437497313,-22.775927586431457,1,2.0,2.0,0.5,HUBERT_BASE,6
6829-68771-0015_8230-279154-0012__T1__SCV3FIX__VOICE-6829_CONTENT-8230-8230-279154-0012,6829,8230,,-28.37,6,1.0,1.0,1.0,-0.05000498032236802,-0.0945669420352866,-38.32002885378278,1,3.0,3.0,0.0,HUBERT_BASE,6
3575-170457-0019_61-70970-0010__T1__SCV3FIX__VOICE-3575_CONTENT-61-61-70970-0010,3575,61,,-17.37,5,1.0,1.0,1.0,-0.10585590757776556,-0.1587234703744198,-30.49344639642488,1,2.5,2.5,0.0,HUBERT_BASE,6
1320-122617-0023_6930-81414-0002__T1__SCV3FIX__VOICE-1320_CONTENT-6930-6930-81414-0002,1320,6930,,14.07,5,0.0,0.0,0.0,0.11531660940316465,0.046305062220553195,40.938657137605695,0,0.0,0.0,-1.0,HUBERT_BASE,6
7176-92135-0020_2830-3980-0029__T1__SCV3FIX__VOICE-7176_CONTENT-2830-2830-3980-0029,7176,2830,,-7.48,13,0.46153846153846156,0.8461538461538461,0.38461538461538464,-0.013223500757207959,-0.35085399520515326,-12.62373303848098,3,1.0,1.0,0.5,HUBERT_BASE,6
2830-3980-0053_1284-1180-0009__T2__SCV3FIX__VOICE-1284_CONTENT-2830-2830-3980-0053,1284,2830,,-13.95,9,0.8888888888888888,0.7777777777777778,0.7777777777777778,-0.09113425284403802,-0.21921217003134497,-25.117627200203433,1,4.0,4.0,0.5,HUBERT_BASE,6
1580-141083-0032_672-122797-0032__T1__SCV3FIX__VOICE-1580_CONTENT-672-672-122797-0032,1580,672,,-24.56,7,1.0,1.0,1.0,-0.12872640098425664,-0.2562605831854945,-37.31625504343062,1,3.5,3.5,0.0,HUBERT_BASE,6
7127-75947-0013_1320-122617-0039__T2__SCV3FIX__VOICE-1320_CONTENT-7127-7127-75947-0013,1320,7127,,11.73,8,0.0,0.0,0.0,0.09433047988013975,0.007811666309962995,35.496987482856994,0,0.0,0.0,-1.0,HUBERT_BASE,6
7176-92135-0038_260-123288-0027__T2__SCV3FIX__VOICE-260_CONTENT-7176-7176-92135-0038,260,7176,,-5.76,11,0.7272727272727273,0.7272727272727273,0.6363636363636364,-0.01609175191702222,-0.12572527075643136,-8.37436504048034,2,3.0,2.0,0.0,HUBERT_BASE,6
1580-141083-0024_1995-1837-0009__T2__SCV3FIX__VOICE-1995_CONTENT-1580-1580-141083-0024,1995,1580,,16.33,6,0.0,0.0,0.0,0.11487904165904463,0.06178456789571696,45.427063297700705,0,0.0,0.0,-1.0,HUBERT_BASE,6
237-126133-0002_2961-960-0019__T2__SCV3FIX__VOICE-2961_CONTENT-237-237-126133-0002,2961,237,,7.46,16,0.0,0.0625,0.0,0.05624851065649069,0.020643832347437274,22.441204054247706,0,0.0,0.0,-1.0,HUBERT_BASE,6
6829-68771-0009_2830-3980-0025__T1__SCV3FIX__VOICE-6829_CONTENT-2830-2830-3980-0025,6829,2830,,-24.74,16,1.0,1.0,1.0,-0.08231444275186715,-0.17144864454694875,-41.93928047653575,1,8.0,8.0,0.0,HUBERT_BASE,6
7176-92135-0005_3570-5694-0004__T2__SCV3FIX__VOICE-3570_CONTENT-7176-7176-92135-0005,3570,7176,,-21.67,9,1.0,1.0,1.0,-0.07596262407124026,-0.1075423402462673,-32.336382643250865,1,4.5,4.5,0.0,HUBERT_BASE,6
5683-32866-0024_6930-76324-0021__T1__SCV3FIX__VOICE-5683_CONTENT-6930-6930-76324-0021,5683,6930,,12.39,13,0.0,0.0,0.0,0.08645035991663151,0.03525537392053801,34.260328234067615,0,0.0,0.0,-1.0,HUBERT_BASE,6
237-134493-0017_1089-134686-0025__T2__SCV3FIX__VOICE-1089_CONTENT-237-237-134493-0017,1089,237,,9.44,12,0.0,0.0,0.0,0.13333023243048836,0.08908688843890433,39.1392906757433,0,0.0,0.0,-1.0,HUBERT_BASE,6
5683-32866-0009_6829-68769-0020__T2__SCV3FIX__VOICE-6829_CONTENT-5683-5683-32866-0009,6829,5683,,14.1,9,0.1111111111111111,0.0,0.0,0.04080427322052524,-0.002254234175871339,37.68906613147069,0,0.0,0.0,-1.0,HUBERT_BASE,6
2830-3980-0042_2961-960-0001__T1__SCV3FIX__VOICE-2830_CONTENT-2961-2961-960-0001,2830,2961,,8.96,5,0.0,0.0,0.0,0.07427660187179733,0.05697190647622341,34.880433122687414,0,0.0,0.0,-1.0,HUBERT_BASE,6
7127-75946-0009_121-127105-0001__T1__SCV3FIX__VOICE-7127_CONTENT-121-121-127105-0001,7127,121,,8.22,8,0.0,0.0,0.0,0.0973351324918245,0.04893267415464109,30.388384947903276,0,0.0,0.0,-1.0,HUBERT_BASE,6
3729-6852-0018_61-70970-0013__T2__SCV3FIX__VOICE-61_CONTENT-3729-3729-6852-0018,61,3729,,7.95,7,0.0,0.0,0.0,0.16953327611356275,0.06363630546829135,33.76521206929956,0,0.0,0.0,-1.0,HUBERT_BASE,6
5639-40744-0017_908-31957-0013__T2__SCV3FIX__VOICE-908_CONTENT-5639-5639-40744-0017,908,5639,,8.8,10,0.0,0.0,0.0,0.12147900069159472,0.06479996276860123,30.380160909484538,0,0.0,0.0,-1.0,HUBERT_BASE,6
61-70968-0034_672-122797-0070__T2__SCV3FIX__VOICE-672_CONTENT-61-61-70968-0034,672,61,,11.66,7,0.0,0.0,0.0,0.10885100246765403,0.03102099261890967,32.94055692800554,0,0.0,0.0,-1.0,HUBERT_BASE,6
6829-68769-0004_5105-28240-0009__T2__SCV3FIX__VOICE-5105_CONTENT-6829-6829-68769-0004,5105,6829,,12.05,13,0.0,0.0,0.0,0.08358848962934838,0.04258847659150555,37.83362831695438,0,0.0,0.0,-1.0,HUBERT_BASE,6
7021-79730-0005_1320-122617-0008__T2__SCV3FIX__VOICE-1320_CONTENT-7021-7021-79730-0005,1320,7021,,-7.37,7,0.0,1.0,0.0,0.0664133514638987,0.005329480274661735,-6.915039124611752,0,0.0,0.0,-1.0,HUBERT_BASE,6
260-123286-0016_3575-170457-0009__T1__SCV3FIX__VOICE-260_CONTENT-3575-3575-170457-0009,260,3575,,10.18,12,0.0,0.0,0.0,0.10495565356457508,0.025900967407920583,37.59446700247705,0,0.0,0.0,-1.0,HUBERT_BASE,6
4446-2275-0032_5142-36377-0015__T1__SCV3FIX__VOICE-4446_CONTENT-5142-5142-36377-0015,4446,5142,,-0.91,5,0.6,0.0,0.0,0.0004268653724991189,-0.029069535666613855,13.054683852587766,1,1.0,1.0,0.5,HUBERT_BASE,6
8555-284449-0013_4992-23283-0013__T2__SCV3FIX__VOICE-4992_CONTENT-8555-8555-284449-0013,4992,8555,,-1.12,10,0.7,0.9,0.7,-0.027814716376821813,-0.16316955955322876,-6.844983852105488,1,2.5,2.5,2.5,HUBERT_BASE,6
1320-122617-0020_6930-76324-0028__T2__SCV3FIX__VOICE-6930_CONTENT-1320-1320-122617-0020,6930,1320,,-18.18,16,1.0,1.0,1.0,-0.10081360896515065,-0.17887223475293368,-35.75916541054586,1,8.0,8.0,0.0,HUBERT_BASE,6
1320-122612-0010_3570-5695-0003__T1__SCV3FIX__VOICE-1320_CONTENT-3570-3570-5695-0003,1320,3570,,14.08,9,0.0,0.0,0.0,0.07931075693559692,0.04030346448356559,35.59826360522941,0,0.0,0.0,-1.0,HUBERT_BASE,6
3575-170457-0010_1995-1837-0004__T1__SCV3FIX__VOICE-3575_CONTENT-1995-1995-1837-0004,3575,1995,,-4.43,8,0.625,0.75,0.625,-0.042007962045679886,-0.1543689546283129,-15.092525884991035,1,2.5,2.5,1.5,HUBERT_BASE,6
121-121726-0000_3570-5694-0022__T2__SCV3FIX__VOICE-3570_CONTENT-121-121-121726-0000,3570,121,,16.17,7,0.0,0.0,0.0,0.09418004311139917,0.035648166420367944,42.34836995792981,0,0.0,0.0,-1.0,HUBERT_BASE,6
3570-5694-0010_908-31957-0012__T1__SCV3FIX__VOICE-3570_CONTENT-908-908-31957-0012,3570,908,,-23.7,14,1.0,1.0,1.0,-0.12880534642350175,-0.20732104363647708,-44.56945672754923,1,7.0,7.0,0.0,HUBERT_BASE,6
1284-1180-0012_5683-32866-0008__T1__SCV3FIX__VOICE-1284_CONTENT-5683-5683-32866-0008,1284,5683,,-25.22,5,1.0,1.0,1.0,-0.06714963065959727,-0.0871999350273861,-32.9716734349618,1,2.5,2.5,0.0,HUBERT_BASE,6
61-70970-0039_5105-28233-0001__T1__SCV3FIX__VOICE-61_CONTENT-5105-5105-28233-0001,61,5105,,10.74,7,0.42857142857142855,0.0,0.0,0.035446763769608536,-0.017865359425865424,27.15897825106349,1,1.0,1.0,2.5,HUBERT_BASE,6
6930-75918-0009_260-123288-0017__T2__SCV3FIX__VOICE-260_CONTENT-6930-6930-75918-0009,260,6930,,11.84,9,0.0,0.0,0.0,0.07164658686454908,0.042377843453042296,40.28041664209954,0,0.0,0.0,-1.0,HUBERT_BASE,6
61-70970-0015_4446-2275-0019__T2__SCV3FIX__VOICE-4446_CONTENT-61-61-70970-0015,4446,61,,-18.54,8,1.0,1.0,1.0,-0.08288844865894579,-0.1158805022919851,-32.631411626137506,1,4.0,4.0,0.0,HUBERT_BASE,6
6930-75918-0016_7021-85628-0013__T2__SCV3FIX__VOICE-7021_CONTENT-6930-6930-75918-0016,7021,6930,,11.12,19,0.0,0.0,0.0,0.06403385337763294,0.0062981846442737854,26.881031241644184,0,0.0,0.0,-1.0,HUBERT_BASE,6
5142-36377-0010_5105-28241-0003__T1__SCV3FIX__VOICE-5142_CONTENT-5105-5105-28241-0003,5142,5105,,-11.01,6,1.0,1.0,1.0,-0.0858415622095272,-0.12670085837169842,-24.26837743852843,1,3.0,3.0,0.0,HUBERT_BASE,6
1580-141084-0001_237-134500-0022__T1__SCV3FIX__VOICE-1580_CONTENT-237-237-134500-0022,1580,237,,-16.13,5,1.0,1.0,1.0,-0.08275716499359194,-0.12722974671074272,-41.29275880917525,1,2.5,2.5,0.0,HUBERT_BASE,6
6829-68771-0006_3729-6852-0027__T2__SCV3FIX__VOICE-3729_CONTENT-6829-6829-68771-0006,3729,6829,,3.67,5,0.2,0.2,0.2,0.04011549069752267,-0.020673143476643507,15.950717620717153,0,0.0,0.0,-1.0,HUBERT_BASE,6
6829-68771-0015_908-157963-0029__T1__SCV3FIX__VOICE-6829_CONTENT-908-908-157963-0029,6829,908,,-22.58,6,1.0,1.0,1.0,-0.06895768843838851,-0.09912532960560261,-41.58496129043723,1,3.0,3.0,0.0,HUBERT_BASE,6
7176-92135-0028_4446-2275-0043__T2__SCV3FIX__VOICE-4446_CONTENT-7176-7176-92135-0028,4446,7176,,-16.54,5,1.0,1.0,1.0,-0.07899820704874841,-0.1670705037460587,-40.91720771612662,1,2.5,2.5,0.0,HUBERT_BASE,6
1320-122617-0012_4446-2273-0029__T1__SCV3FIX__VOICE-1320_CONTENT-4446-4446-2273-0029,1320,4446,,-6.97,5,0.6,0.4,0.4,0.023009493288265116,-0.010322740393887031,0.2036861440733711,1,1.5,1.5,0.0,HUBERT_BASE,6
260-123286-0008_4970-29095-0017__T1__SCV3FIX__VOICE-260_CONTENT-4970-4970-29095-0017,260,4970,,13.7,6,0.0,0.0,0.0,0.08385062281273876,0.043456736405518614,48.706603908025215,0,0.0,0.0,-1.0,HUBERT_BASE,6
672-122797-0046_2961-961-0003__T1__SCV3FIX__VOICE-672_CONTENT-2961-2961-961-0003,672,2961,,-6.31,7,0.7142857142857143,0.5714285714285714,0.5714285714285714,0.020428383408275082,-0.05483795055034235,-3.7304400677597824,1,2.0,2.0,0.0,HUBERT_BASE,6
908-31957-0003_260-123288-0022__T2__SCV3FIX__VOICE-260_CONTENT-908-908-31957-0003,260,908,,-17.56,6,1.0,1.0,1.0,-0.09968429834674165,-0.1679331030637623,-27.38282108816352,1,3.0,3.0,0.0,HUBERT_BASE,6
5142-33396-0068_121-121726-0007__T1__SCV3FIX__VOICE-5142_CONTENT-121-121-121726-0007,5142,121,,16.28,6,0.0,0.0,0.0,0.12983879523374373,0.028939009858887754,41.43727317414247,0,0.0,0.0,-1.0,HUBERT_BASE,6
7127-75946-0025_2961-960-0016__T1__SCV3FIX__VOICE-7127_CONTENT-2961-2961-960-0016,7127,2961,,11.11,6,0.16666666666666666,0.0,0.0,0.035129498469789355,-0.0014858196085764108,25.46001180035687,0,0.0,0.0,-1.0,HUBERT_BASE,6
3570-5694-0015_6829-68771-0010__T1__SCV3FIX__VOICE-3570_CONTENT-6829-6829-68771-0010,3570,6829,,-18.26,15,0.9333333333333333,1.0,0.9333333333333333,-0.06061446882082732,-0.12956846273496758,-24.111911940611414,1,7.0,7.0,0.5,HUBERT_BASE,6
5683-32865-0011_7176-92135-0009__T1__SCV3FIX__VOICE-5683_CONTENT-7176-7176-92135-0009,5683,7176,,-29.7,7,1.0,1.0,1.0,-0.06612280623349671,-0.18275427452789794,-36.94998246989444,1,3.5,3.5,0.0,HUBERT_BASE,6
2961-960-0013_1089-134686-0035__T1__SCV3FIX__VOICE-2961_CONTENT-1089-1089-134686-0035,2961,1089,,-22.41,5,1.0,1.0,1.0,-0.1059295069312202,-0.15608393619879835,-38.60101764464646,1,2.5,2.5,0.0,HUBERT_BASE,6
8463-294825-0016_3575-170457-0032__T2__SCV3FIX__VOICE-3575_CONTENT-8463-8463-294825-0016,3575,8463,,-10.3,4,1.0,1.0,1.0,-0.06918524566661916,-0.11749476659715563,-32.92977105220109,1,2.0,2.0,0.0,HUBERT_BASE,6
1580-141083-0004_260-123286-0019__T1__SCV3FIX__VOICE-1580_CONTENT-260-260-123286-0019,1580,260,,-13.79,8,0.875,1.0,0.875,-0.06894459754586763,-0.11530423820299229,-40.687092903599236,1,3.5,3.5,0.5,HUBERT_BASE,6
1284-1180-0003_237-134493-0014__T1__SCV3FIX__VOICE-1284_CONTENT-237-237-134493-0014,1284,237,,5.72,6,0.16666666666666666,0.0,0.0,0.03622930742010468,-0.0777967643557762,27.51781269820958,0,0.0,0.0,-1.0,HUBERT_BASE,6
6930-76324-0003_3575-170457-0040__T2__SCV3FIX__VOICE-3575_CONTENT-6930-6930-76324-0003,3575,6930,,9.19,5,0.0,0.0,0.0,0.08736916858943589,0.03650814439404282,37.6772248371477,0,0.0,0.0,-1.0,HUBERT_BASE,6
908-157963-0009_237-134493-0001__T1__SCV3FIX__VOICE-908_CONTENT-237-237-134493-0001,908,237,,10.71,7,0.0,0.0,0.0,0.12450156313738996,0.06457369097772636,37.9596810685461,0,0.0,0.0,-1.0,HUBERT_BASE,6
3575-170457-0029_8463-287645-0004__T2__SCV3FIX__VOICE-8463_CONTENT-3575-3575-170457-0029,8463,3575,,12.03,11,0.0,0.0,0.0,0.10980363460985497,0.08729791757403127,43.93145931538023,0,0.0,0.0,-1.0,HUBERT_BASE,6
8463-287645-0010_7021-85628-0011__T2__SCV3FIX__VOICE-7021_CONTENT-8463-8463-287645-0010,7021,8463,,11.55,7,0.0,0.0,0.0,0.08840910243080216,0.017074231088617386,37.37407267839104,0,0.0,0.0,-1.0,HUBERT_BASE,6
5683-32866-0027_7021-85628-0027__T1__SCV3FIX__VOICE-5683_CONTENT-7021-7021-85628-0027,5683,7021,,14.8,8,0.0,0.0,0.0,0.1592521872057907,0.0570905265226751,45.579699906343876,0,0.0,0.0,-1.0,HUBERT_BASE,6
3575-170457-0032_7729-102255-0029__T2__SCV3FIX__VOICE-7729_CONTENT-3575-3575-170457-0032,7729,3575,,13.78,5,0.0,0.0,0.0,0.14306389550456355,0.07651635261850809,40.9030887715375,0,0.0,0.0,-1.0,HUBERT_BASE,6
6930-76324-0017_1089-134691-0001__T2__SCV3FIX__VOICE-1089_CONTENT-6930-6930-76324-0017,1089,6930,,10.18,9,0.0,0.0,0.0,0.10210964085833242,0.030693828445724214,28.88879387481483,0,0.0,0.0,-1.0,HUBERT_BASE,6
8555-284447-0001_4077-13751-0003__T2__SCV3FIX__VOICE-4077_CONTENT-8555-8555-284447-0001,4077,8555,,12.91,16,0.0,0.0,0.0,0.12562953147534822,0.041424211542375966,40.336104153057846,0,0.0,0.0,-1.0,HUBERT_BASE,6
2094-142345-0018_1284-1181-0000__T2__SCV3FIX__VOICE-1284_CONTENT-2094-2094-142345-0018,1284,2094,,-9.61,5,1.0,1.0,1.0,-0.06740402993071473,-0.11913776869545989,-22.721967202303066,1,2.5,2.5,0.0,HUBERT_BASE,6
7127-75946-0006_3570-5696-0008__T2__SCV3FIX__VOICE-3570_CONTENT-7127-7127-75946-0006,3570,7127,,-30.38,13,0.9230769230769231,1.0,0.9230769230769231,-0.06132357320294493,-0.16987569077055398,-36.63047645112221,1,6.0,6.0,0.5,HUBERT_BASE,6
260-123288-0004_672-122797-0056__T1__SCV3FIX__VOICE-260_CONTENT-672-672-122797-0056,260,672,,-2.55,7,0.7142857142857143,1.0,0.7142857142857143,-0.08005431049030412,-0.27057577696863755,-3.573946445183508,1,2.5,2.5,1.0,HUBERT_BASE,6
3570-5695-0015_8463-294828-0037__T1__SCV3FIX__VOICE-3570_CONTENT-8463-8463-294828-0037,3570,8463,,9.62,9,0.0,0.0,0.0,0.07370268784925291,0.01810014643525737,46.24498405490934,0,0.0,0.0,-1.0,HUBERT_BASE,6
8455-210777-0020_6930-81414-0013__T1__SCV3FIX__VOICE-8455_CONTENT-6930-6930-81414-0013,8455,6930,,12.46,5,0.0,0.0,0.0,0.10879721724470433,0.06522380931697325,41.817548388299656,0,0.0,0.0,-1.0,HUBERT_BASE,6
3570-5696-0007_5639-40744-0024__T1__SCV3FIX__VOICE-3570_CONTENT-5639-5639-40744-0024,3570,5639,,-26.77,16,0.9375,1.0,0.9375,-0.07050745172756587,-0.11948056515750516,-33.45101500472823,2,5.5,3.75,0.0,HUBERT_BASE,6
1995-1826-0025_2830-3980-0047__T2__SCV3FIX__VOICE-2830_CONTENT-1995-1995-1826-0025,2830,1995,,0.66,5,0.0,0.0,0.0,0.1279766202162228,0.08297860456448802,14.767586385139868,0,0.0,0.0,-1.0,HUBERT_BASE,6
4446-2275-0000_6930-76324-0028__T2__SCV3FIX__VOICE-6930_CONTENT-4446-4446-2275-0000,6930,4446,,7.44,11,0.0,0.0,0.0,0.05632229254437113,0.033829095642802565,24.46066812193917,0,0.0,0.0,-1.0,HUBERT_BASE,6
61-70968-0057_8463-287645-0012__T1__SCV3FIX__VOICE-61_CONTENT-8463-8463-287645-0012,61,8463,,10.41,9,0.0,0.0,0.0,0.08218628324458495,0.053540884377638154,25.840209927176346,0,0.0,0.0,-1.0,HUBERT_BASE,6
121-121726-0010_2300-131720-0001__T1__SCV3FIX__VOICE-121_CONTENT-2300-2300-131720-0001,121,2300,,-25.23,17,1.0,1.0,1.0,-0.13921258807272952,-0.271822829941901,-44.24684014652612,1,8.5,8.5,0.0,HUBERT_BASE,6
4446-2275-0019_6930-81414-0024__T2__SCV3FIX__VOICE-6930_CONTENT-4446-4446-2275-0019,6930,4446,,13.66,8,0.125,0.0,0.0,0.05103320867707367,-0.0002766176465319736,25.66170636435352,0,0.0,0.0,-1.0,HUBERT_BASE,6
5683-32866-0025_2830-3980-0063__T2__SCV3FIX__VOICE-2830_CONTENT-5683-5683-32866-0025,2830,5683,,-5.87,5,0.8,0.6,0.6,-0.030812215883826634,-0.11141626429212925,-0.503554489634511,1,1.5,1.5,1.0,HUBERT_BASE,6
1089-134691-0015_672-122797-0050__T2__SCV3FIX__VOICE-672_CONTENT-1089-1089-134691-0015,672,1089,,-28.87,4,1.0,1.0,1.0,-0.17343868010216365,-0.23188264058366592,-47.63032332090006,1,2.0,2.0,0.0,HUBERT_BASE,6
7729-102255-0033_61-70968-0010__T2__SCV3FIX__VOICE-61_CONTENT-7729-7729-102255-0033,61,7729,,-7.27,12,0.75,0.75,0.5833333333333334,-0.03196978524877566,-0.18426788839021468,-6.93774386228587,3,1.5,1.5,0.5,HUBERT_BASE,6
2300-131720-0009_908-157963-0010__T1__SCV3FIX__VOICE-2300_CONTENT-908-908-157963-0010,2300,908,,2.75,11,0.09090909090909091,0.09090909090909091,0.09090909090909091,0.12292804923050776,-0.08664257193879588,19.632999392577766,0,0.0,0.0,-1.0,HUBERT_BASE,6
8455-210777-0050_4992-23283-0015__T1__SCV3FIX__VOICE-8455_CONTENT-4992-4992-23283-0015,8455,4992,,7.97,6,0.0,0.0,0.0,0.11759272624713085,0.08206350257237272,32.258024633211555,0,0.0,0.0,-1.0,HUBERT_BASE,6
4992-23283-0020_2300-131720-0014__T1__SCV3FIX__VOICE-4992_CONTENT-2300-2300-131720-0014,4992,2300,,-19.92,6,1.0,1.0,1.0,-0.0638144409530468,-0.0902914982857228,-35.74120643428602,1,3.0,3.0,0.0,HUBERT_BASE,6
260-123440-0010_4970-29095-0006__T2__SCV3FIX__VOICE-4970_CONTENT-260-260-123440-0010,4970,260,,-31.46,7,1.0,1.0,1.0,-0.10316992957018142,-0.17983700749442144,-40.27412081309054,1,3.5,3.5,0.0,HUBERT_BASE,6
5105-28241-0018_1320-122617-0009__T1__SCV3FIX__VOICE-5105_CONTENT-1320-1320-122617-0009,5105,1320,,14.0,13,0.0,0.0,0.0,0.11796318389249535,0.03318352147015957,37.46485500026244,0,0.0,0.0,-1.0,HUBERT_BASE,6
2830-3980-0062_1995-1836-0013__T2__SCV3FIX__VOICE-1995_CONTENT-2830-2830-3980-0062,1995,2830,,-23.61,9,1.0,1.0,1.0,-0.09775377774674475,-0.17548479706164655,-30.557456022138574,1,4.5,4.5,0.0,HUBERT_BASE,6
61-70970-0014_2830-3980-0029__T1__SCV3FIX__VOICE-61_CONTENT-2830-2830-3980-0029,61,2830,,3.06,5,0.6,0.4,0.2,-0.004535105721665022,-0.036632309462600876,2.1305790099878292,1,1.0,1.0,1.5,HUBERT_BASE,6
5683-32866-0011_61-70968-0022__T2__SCV3FIX__VOICE-61_CONTENT-5683-5683-32866-0011,61,5683,,8.76,8,0.0,0.0,0.0,0.11778871837072313,0.0976048150571629,40.26119792077937,0,0.0,0.0,-1.0,HUBERT_BASE,6
4446-2271-0024_672-122797-0018__T1__SCV3FIX__VOICE-4446_CONTENT-672-672-122797-0018,4446,672,,6.55,5,0.0,0.2,0.0,0.1371935279823328,0.08679408907060793,13.454866959538498,0,0.0,0.0,-1.0,HUBERT_BASE,6
4970-29093-0000_4446-2273-0002__T1__SCV3FIX__VOICE-4970_CONTENT-4446-4446-2273-0002,4970,4446,,1.11,5,0.4,0.2,0.2,0.0190655232116143,-0.034260331899174434,13.589767991037968,1,1.0,1.0,0.5,HUBERT_BASE,6
1580-141084-0001_260-123286-0029__T2__SCV3FIX__VOICE-260_CONTENT-1580-1580-141084-0001,260,1580,,6.95,5,0.0,0.0,0.0,0.061271906429846056,0.03771686148090114,36.47515407911108,0,0.0,0.0,-1.0,HUBERT_BASE,6
8455-210777-0055_4970-29095-0002__T2__SCV3FIX__VOICE-4970_CONTENT-8455-8455-210777-0055,4970,8455,,-22.43,9,1.0,1.0,1.0,-0.10006607392193155,-0.18381906283733973,-36.54597883039018,1,4.5,4.5,0.0,HUBERT_BASE,6
1188-133604-0005_6829-68769-0036__T1__SCV3FIX__VOICE-1188_CONTENT-6829-6829-68769-0036,1188,6829,,14.74,9,0.0,0.0,0.0,0.06165332579481248,0.014962375756611523,30.899713532640217,0,0.0,0.0,-1.0,HUBERT_BASE,6
4970-29093-0007_3570-5694-0011__T1__SCV3FIX__VOICE-4970_CONTENT-3570-3570-5694-0011,4970,3570,,-23.68,12,1.0,1.0,1.0,-0.09290385219423047,-0.24976147292976014,-45.114470917564994,1,6.0,6.0,0.0,HUBERT_BASE,6
61-70970-0018_2300-131720-0010__T2__SCV3FIX__VOICE-2300_CONTENT-61-61-70970-0018,2300,61,,9.12,8,0.125,0.0,0.0,0.04157488230658268,-0.06052697706873211,16.998308359407723,0,0.0,0.0,-1.0,HUBERT_BASE,6
3575-170457-0004_8463-294825-0008__T2__SCV3FIX__VOICE-8463_CONTENT-3575-3575-170457-0004,8463,3575,,6.37,5,0.0,0.0,0.0,0.09886835728798977,0.045895041852904606,33.53341472710298,0,0.0,0.0,-1.0,HUBERT_BASE,6
8463-294828-0023_1580-141083-0036__T1__SCV3FIX__VOICE-8463_CONTENT-1580-1580-141083-0036,8463,1580,,-12.77,6,1.0,1.0,1.0,-0.05953889154162836,-0.0959944763054893,-11.110766523043303,1,3.0,3.0,0.0,HUBERT_BASE,6
7176-92135-0035_7729-102255-0029__T2__SCV3FIX__VOICE-7729_CONTENT-7176-7176-92135-0035,7729,7176,,8.96,5,0.4,0.0,0.0,-0.008360005620204513,-0.09026551604136435,12.28614019594963,1,1.0,1.0,0.0,HUBERT_BASE,6
4992-41806-0003_5683-32879-0016__T2__SCV3FIX__VOICE-5683_CONTENT-4992-4992-41806-0003,5683,4992,,-21.03,17,1.0,1.0,1.0,-0.08158969950474644,-0.21525193113239827,-39.49861172283381,1,8.5,8.5,0.0,HUBERT_BASE,6
1580-141083-0041_5142-36377-0024__T1__SCV3FIX__VOICE-1580_CONTENT-5142-5142-36377-0024,1580,5142,,0.41,6,0.3333333333333333,0.16666666666666666,0.16666666666666666,0.02809654736782291,-0.08479869986136324,14.795123239381454,1,1.0,1.0,0.0,HUBERT_BASE,6
672-122797-0003_61-70968-0048__T1__SCV3FIX__VOICE-672_CONTENT-61-61-70968-0048,672,61,,4.77,5,0.8,0.0,0.0,-0.015735204903719956,-0.15978409857173126,9.904512924776517,1,2.0,2.0,0.0,HUBERT_BASE,6
1320-122612-0010_61-70968-0008__T1__SCV3FIX__VOICE-1320_CONTENT-61-61-70968-0008,1320,61,,-1.98,6,0.6666666666666666,0.5,0.5,-0.06216060323775591,-0.21589386031377567,-4.464379486876052,1,2.0,2.0,0.0,HUBERT_BASE,6
2830-3980-0054_3575-170457-0020__T1__SCV3FIX__VOICE-2830_CONTENT-3575-3575-170457-0020,2830,3575,,11.39,16,0.0,0.0,0.0,0.10962850306754615,0.007571399511746124,40.7126439467538,0,0.0,0.0,-1.0,HUBERT_BASE,6
7729-102255-0028_7127-75946-0020__T2__SCV3FIX__VOICE-7127_CONTENT-7729-7729-102255-0028,7127,7729,,-14.03,12,0.9166666666666666,1.0,0.9166666666666666,-0.06514619309640836,-0.1393122021158204,-23.917034005686087,2,3.0,2.75,0.0,HUBERT_BASE,6
1284-1180-0006_121-127105-0022__T2__SCV3FIX__VOICE-121_CONTENT-1284-1284-1180-0006,121,1284,,16.26,9,0.2222222222222222,0.0,0.0,0.01229205494662221,-0.09836489351744138,24.226223031631683,0,0.0,0.0,-1.0,HUBERT_BASE,6
672-122797-0031_1089-134686-0016__T2__SCV3FIX__VOICE-1089_CONTENT-672-672-122797-0031,1089,672,,-27.66,6,0.6666666666666666,1.0,0.6666666666666666,-0.008811165426364584,-0.07180458163657066,-21.98910215358245,1,1.5,1.5,0.5,HUBERT_BASE,6
1284-1180-0018_1320-122617-0019__T1__SCV3FIX__VOICE-1284_CONTENT-1320-1320-122617-0019,1284,1320,,-28.66,15,1.0,1.0,1.0,-0.09215428212878643,-0.16264980125875061,-37.81073418826562,1,7.5,7.5,0.0,HUBERT_BASE,6
1221-135766-0013_121-127105-0028__T2__SCV3FIX__VOICE-121_CONTENT-1221-1221-135766-0013,121,1221,,9.64,6,0.16666666666666666,0.0,0.0,0.03285426934274083,-0.023853653104057182,17.688895251967995,0,0.0,0.0,-1.0,HUBERT_BASE,6
5142-33396-0052_908-31957-0002__T1__SCV3FIX__VOICE-5142_CONTENT-908-908-31957-0002,5142,908,,-28.95,8,1.0,1.0,1.0,-0.12358728083042969,-0.16444165687791634,-40.14210756084236,1,4.0,4.0,0.0,HUBERT_BASE,6
7176-88083-0017_2094-142345-0025__T1__SCV3FIX__VOICE-7176_CONTENT-2094-2094-142345-0025,7176,2094,,1.66,6,0.0,0.16666666666666666,0.0,0.14867021787511633,0.04027849595327826,19.187962907816253,0,0.0,0.0,-1.0,HUBERT_BASE,6
2830-3980-0006_7127-75946-0014__T1__SCV3FIX__VOICE-2830_CONTENT-7127-7127-75946-0014,2830,7127,,5.47,11,0.0,0.0,0.0,0.0586711935238801,0.024234295851148113,30.446557827125584,0,0.0,0.0,-1.0,HUBERT_BASE,6
1320-122617-0030_8455-210777-0014__T2__SCV3FIX__VOICE-8455_CONTENT-1320-1320-122617-0030,8455,1320,,-13.56,6,1.0,1.0,1.0,-0.10828985902021993,-0.16610049869215016,-32.772574090308716,1,3.0,3.0,0.0,HUBERT_BASE,6
6930-81414-0006_1284-134647-0000__T2__SCV3FIX__VOICE-1284_CONTENT-6930-6930-81414-0006,1284,6930,,-26.05,12,0.9166666666666666,1.0,0.9166666666666666,-0.08985477174129691,-0.1561567845201054,-26.759349679713978,2,3.0,2.75,0.0,HUBERT_BASE,6
4446-2273-0003_6829-68771-0005__T1__SCV3FIX__VOICE-4446_CONTENT-6829-6829-68771-0005,4446,6829,,-3.24,11,0.5454545454545454,0.6363636363636364,0.45454545454545453,0.0034088267605093437,-0.05551016219698668,-6.442864400903587,2,1.5,1.25,1.5,HUBERT_BASE,6
4992-41797-0022_1089-134686-0031__T2__SCV3FIX__VOICE-1089_CONTENT-4992-4992-41797-0022,1089,4992,,11.66,11,0.0,0.0,0.0,0.09742985997399885,0.031129403868029426,34.63230630964734,0,0.0,0.0,-1.0,HUBERT_BASE,6
3570-5695-0011_6829-68771-0009__T1__SCV3FIX__VOICE-3570_CONTENT-6829-6829-68771-0009,3570,6829,,-25.36,15,0.9333333333333333,1.0,0.9333333333333333,-0.059885590442052994,-0.105139737889833,-32.64482732774245,1,7.0,7.0,0.5,HUBERT_BASE,6
4970-29095-0025_3575-170457-0000__T1__SCV3FIX__VOICE-4970_CONTENT-3575-3575-170457-0000,4970,3575,,3.74,6,0.8333333333333334,0.5,0.5,-0.07195928098290844,-0.2616639836945607,5.763095802381874,2,1.5,1.25,0.0,HUBERT_BASE,6
8463-287645-0010_8555-284447-0009__T1__SCV3FIX__VOICE-8463_CONTENT-8555-8555-284447-0009,8463,8555,,10.36,5,0.2,0.0,0.0,0.0066758035761410595,-0.05771476890191385,15.093758080566142,0,0.0,0.0,-1.0,HUBERT_BASE,6
4077-13754-0001_5142-33396-0065__T2__SCV3FIX__VOICE-5142_CONTENT-4077-4077-13754-0001,5142,4077,,-22.82,6,1.0,1.0,1.0,-0.09022629770003515,-0.2015664777456796,-36.682011748712256,1,3.0,3.0,0.0,HUBERT_BASE,6
2830-3980-0048_6829-68771-0010__T1__SCV3FIX__VOICE-2830_CONTENT-6829-6829-68771-0010,2830,6829,,12.38,18,0.0,0.0,0.0,0.051933500415578815,0.001410727349574037,33.39394758446627,0,0.0,0.0,-1.0,HUBERT_BASE,6
3570-5694-0011_672-122797-0074__T1__SCV3FIX__VOICE-3570_CONTENT-672-672-122797-0074,3570,672,,-35.21,15,1.0,1.0,1.0,-0.14474367673521407,-0.25727505896880365,-50.20494294005684,1,7.5,7.5,0.0,HUBERT_BASE,6
6829-68769-0003_8463-294825-0006__T1__SCV3FIX__VOICE-6829_CONTENT-8463-8463-294825-0006,6829,8463,,12.23,7,0.0,0.0,0.0,0.07994308032568295,0.027949811135018487,43.09329417857868,0,0.0,0.0,-1.0,HUBERT_BASE,6
121-127105-0034_2830-3980-0000__T2__SCV3FIX__VOICE-2830_CONTENT-121-121-127105-0034,2830,121,,11.34,6,0.0,0.0,0.0,0.08496850529211492,0.0015845895441107816,23.21928847377565,0,0.0,0.0,-1.0,HUBERT_BASE,6
260-123288-0012_4446-2273-0009__T1__SCV3FIX__VOICE-260_CONTENT-4446-4446-2273-0009,260,4446,,12.82,6,0.0,0.0,0.0,0.11391406434661273,0.030234752512417806,48.78853331470785,0,0.0,0.0,-1.0,HUBERT_BASE,6
1089-134686-0008_672-122797-0007__T1__SCV3FIX__VOICE-1089_CONTENT-672-672-122797-0007,1089,672,,0.93,11,0.36363636363636365,0.09090909090909091,0.09090909090909091,0.05419123477482934,-0.09666836644600896,8.06336473963617,0,0.0,0.0,-1.0,HUBERT_BASE,6
1320-122617-0025_2961-961-0001__T2__SCV3FIX__VOICE-2961_CONTENT-1320-1320-122617-0025,2961,1320,,-27.65,11,1.0,1.0,1.0,-0.1568067630056173,-0.276993047240353,-42.9388711028925,1,5.5,5.5,0.0,HUBERT_BASE,6
2300-131720-0031_7176-88083-0020__T2__SCV3FIX__VOICE-7176_CONTENT-2300-2300-131720-0031,7176,2300,,-15.55,9,0.7777777777777778,1.0,0.7777777777777778,-0.02433110460726394,-0.08276868194318543,-21.717458028012636,2,2.0,1.75,0.5,HUBERT_BASE,6
1580-141084-0023_672-122797-0061__T2__SCV3FIX__VOICE-672_CONTENT-1580-1580-141084-0023,672,1580,,6.92,14,0.35714285714285715,0.0,0.0,0.017838546703761775,-0.05719566230823525,18.587285322659064,1,1.5,1.5,0.0,HUBERT_BASE,6
4970-29093-0001_237-134500-0003__T1__SCV3FIX__VOICE-4970_CONTENT-237-237-134500-0003,4970,237,,-4.69,5,0.8,1.0,0.8,-0.05513005359629173,-0.12143432851156011,-23.901705235938962,1,2.0,2.0,0.0,HUBERT_BASE,6
5683-32865-0009_6829-68769-0016__T1__SCV3FIX__VOICE-5683_CONTENT-6829-6829-68769-0016,5683,6829,,-10.67,7,0.14285714285714285,0.5714285714285714,0.0,0.03259386199823157,-0.03874158781769754,-5.160356462798213,0,0.0,0.0,-1.0,HUBERT_BASE,6
61-70968-0053_3729-6852-0020__T2__SCV3FIX__VOICE-3729_CONTENT-61-61-70968-0053,3729,61,,-17.57,7,1.0,1.0,1.0,-0.1102424768011521,-0.18532881280299363,-34.525061745447935,1,3.5,3.5,0.0,HUBERT_BASE,6
8463-294828-0032_5142-33396-0002__T2__SCV3FIX__VOICE-5142_CONTENT-8463-8463-294828-0032,5142,8463,,9.88,6,0.0,0.0,0.0,0.049010757328216546,0.017423276540608046,23.736207105901993,0,0.0,0.0,-1.0,HUBERT_BASE,6
7127-75947-0002_4446-2271-0019__T1__SCV3FIX__VOICE-7127_CONTENT-4446-4446-2271-0019,7127,4446,,7.2,5,0.0,0.0,0.0,0.09878094876907502,0.04791247177709923,24.41703625788029,0,0.0,0.0,-1.0,HUBERT_BASE,6
5142-36377-0009_4446-2273-0018__T1__SCV3FIX__VOICE-5142_CONTENT-4446-4446-2273-0018,5142,4446,,6.41,5,0.0,0.0,0.0,0.06697867327379184,0.023159086241072435,17.77175700262496,0,0.0,0.0,-1.0,HUBERT_BASE,6
1580-141083-0015_7176-92135-0006__T2__SCV3FIX__VOICE-7176_CONTENT-1580-1580-141083-0015,7176,1580,,4.22,8,0.0,0.0,0.0,0.09947475399707176,0.036431735938840526,44.346356983222464,0,0.0,0.0,-1.0,HUBERT_BASE,6
237-134500-0032_2830-3980-0055__T2__SCV3FIX__VOICE-2830_CONTENT-237-237-134500-0032,2830,237,,12.89,9,0.0,0.0,0.0,0.10111503222002133,0.03845089597094187,34.15962023386046,0,0.0,0.0,-1.0,HUBERT_BASE,6
5105-28240-0004_4992-23283-0014__T1__SCV3FIX__VOICE-5105_CONTENT-4992-4992-23283-0014,5105,4992,,10.52,8,0.0,0.0,0.0,0.1065176516991362,0.05776733044484261,36.28096476940824,0,0.0,0.0,-1.0,HUBERT_BASE,6
8455-210777-0006_1995-1826-0022__T2__SCV3FIX__VOICE-1995_CONTENT-8455-8455-210777-0006,1995,8455,,-23.39,8,1.0,1.0,1.0,-0.13154503617964686,-0.19922187097281463,-32.85979035636173,1,4.0,4.0,0.0,HUBERT_BASE,6
3575-170457-0017_237-126133-0011__T1__SCV3FIX__VOICE-3575_CONTENT-237-237-126133-0011,3575,237,,-5.33,12,0.5833333333333334,0.5833333333333334,0.5,-0.022813847710238404,-0.10481936154650573,-4.783569069094775,2,2.5,1.75,1.0,HUBERT_BASE,6
3575-170457-0032_7729-102255-0029__T1__SCV3FIX__VOICE-3575_CONTENT-7729-7729-102255-0029,3575,7729,,15.87,5,0.0,0.0,0.0,0.153133420887388,0.1180582075605523,32.23220857485991,0,0.0,0.0,-1.0,HUBERT_BASE,6
6829-68769-0009_1188-133604-0033__T1__SCV3FIX__VOICE-6829_CONTENT-1188-1188-133604-0033,6829,1188,,12.2,7,0.0,0.0,0.0,0.1244410203965476,0.03541856933328513,26.220137067247993,0,0.0,0.0,-1.0,HUBERT_BASE,6
8463-294825-0016_1580-141084-0001__T2__SCV3FIX__VOICE-1580_CONTENT-8463-8463-294825-0016,1580,8463,,-5.46,5,0.6,0.8,0.6,-0.0011161577670471656,-0.05086302655537134,-8.438971521366156,1,1.5,1.5,0.0,HUBERT_BASE,6
7176-88083-0019_5142-36377-0000__T2__SCV3FIX__VOICE-5142_CONTENT-7176-7176-88083-0019,5142,7176,,12.87,5,0.0,0.0,0.0,0.10494300855484766,0.07513511642306703,29.60999908996997,0,0.0,0.0,-1.0,HUBERT_BASE,6
6930-76324-0001_61-70970-0040__T2__SCV3FIX__VOICE-61_CONTENT-6930-6930-76324-0001,61,6930,,7.23,5,0.0,0.0,0.0,0.07016160049156836,0.0353173589064244,30.798070712325597,0,0.0,0.0,-1.0,HUBERT_BASE,6
6829-68769-0049_1284-1181-0001__T2__SCV3FIX__VOICE-1284_CONTENT-6829-6829-68769-0049,1284,6829,,5.49,13,0.07692307692307693,0.0,0.0,0.06158836999927483,-0.003965440640910756,27.025553349448874,0,0.0,0.0,-1.0,HUBERT_BASE,6
6930-76324-0012_2300-131720-0027__T1__SCV3FIX__VOICE-6930_CONTENT-2300-2300-131720-0027,6930,2300,,-9.77,8,1.0,1.0,1.0,-0.05886134855964752,-0.10719740988047444,-26.019058639918867,1,4.0,4.0,0.0,HUBERT_BASE,6
4970-29095-0023_908-157963-0021__T2__SCV3FIX__VOICE-908_CONTENT-4970-4970-29095-0023,908,4970,,17.54,5,0.0,0.0,0.0,0.12105729355542891,0.05341661000527165,41.364801660462305,0,0.0,0.0,-1.0,HUBERT_BASE,6
1580-141083-0033_121-121726-0014__T2__SCV3FIX__VOICE-121_CONTENT-1580-1580-141083-0033,121,1580,,13.14,5,0.0,0.0,0.0,0.09172497014382075,0.012724399312162404,42.10883026233519,0,0.0,0.0,-1.0,HUBERT_BASE,6
1320-122612-0002_4507-16021-0038__T1__SCV3FIX__VOICE-1320_CONTENT-4507-4507-16021-0038,1320,4507,,14.27,6,0.0,0.0,0.0,0.1259246489396356,0.06635170822015313,53.86732577447245,0,0.0,0.0,-1.0,HUBERT_BASE,6
6930-81414-0022_1320-122617-0003__T2__SCV3FIX__VOICE-1320_CONTENT-6930-6930-81414-0022,1320,6930,,8.88,7,0.0,0.0,0.0,0.08387544223093378,0.040250005634987596,40.98838414122436,0,0.0,0.0,-1.0,HUBERT_BASE,6
8463-294828-0029_5142-36377-0015__T1__SCV3FIX__VOICE-8463_CONTENT-5142-5142-36377-0015,8463,5142,,5.37,7,0.14285714285714285,0.0,0.0,0.018277260792672907,-0.010231733727367742,15.082829278491714,0,0.0,0.0,-1.0,HUBERT_BASE,6
1320-122612-0013_908-157963-0025__T1__SCV3FIX__VOICE-1320_CONTENT-908-908-157963-0025,1320,908,,-7.25,12,0.5833333333333334,0.5,0.4166666666666667,0.02218554395259865,-0.10575682050924884,-4.9150362614836665,2,2.0,1.5,0.5,HUBERT_BASE,6
7021-79740-0004_1089-134691-0004__T2__SCV3FIX__VOICE-1089_CONTENT-7021-7021-79740-0004,1089,7021,,14.92,9,0.0,0.0,0.0,0.1368268230955247,0.03968411604668021,31.446584155754977,0,0.0,0.0,-1.0,HUBERT_BASE,6
260-123286-0001_1995-1836-0007__T1__SCV3FIX__VOICE-260_CONTENT-1995-1995-1836-0007,260,1995,,13.38,5,0.0,0.0,0.0,0.07203984659841714,0.050316749996930366,37.05727102390399,0,0.0,0.0,-1.0,HUBERT_BASE,6
1284-1181-0011_4446-2273-0036__T1__SCV3FIX__VOICE-1284_CONTENT-4446-4446-2273-0036,1284,4446,,13.63,5,0.0,0.0,0.0,0.07990427160879762,0.0608183133359409,42.39549966376763,0,0.0,0.0,-1.0,HUBERT_BASE,6
3575-170457-0051_4507-16021-0001__T1__SCV3FIX__VOICE-3575_CONTENT-4507-4507-16021-0001,3575,4507,,-19.18,7,0.8571428571428571,1.0,0.8571428571428571,-0.08160797692419618,-0.15540992902833706,-35.898495913096006,1,3.0,3.0,0.5,HUBERT_BASE,6
3575-170457-0030_672-122797-0036__T2__SCV3FIX__VOICE-672_CONTENT-3575-3575-170457-0030,672,3575,,10.13,9,0.2222222222222222,0.1111111111111111,0.1111111111111111,0.04008368735814813,-0.0453889387940728,27.155170829105288,1,1.0,1.0,0.0,HUBERT_BASE,6
2961-960-0009_6829-68769-0027__T1__SCV3FIX__VOICE-2961_CONTENT-6829-6829-68769-0027,2961,6829,,15.29,5,0.0,0.0,0.0,0.08101173913056806,0.0449230661944342,40.98494833553482,0,0.0,0.0,-1.0,HUBERT_BASE,6
1580-141084-0029_61-70968-0039__T2__SCV3FIX__VOICE-61_CONTENT-1580-1580-141084-0029,61,1580,,13.27,6,0.0,0.0,0.0,0.08377385808397943,0.03619629825389592,36.363778036384765,0,0.0,0.0,-1.0,HUBERT_BASE,6
61-70970-0007_1995-1836-0011__T1__SCV3FIX__VOICE-61_CONTENT-1995-1995-1836-0011,61,1995,,13.43,7,0.0,0.0,0.0,0.11740936552484574,0.051976625526627296,36.019696934147866,0,0.0,0.0,-1.0,HUBERT_BASE,6
8463-294828-0003_4992-41797-0006__T2__SCV3FIX__VOICE-4992_CONTENT-8463-8463-294828-0003,4992,8463,,8.4,8,0.0,0.0,0.0,0.11569826625329813,0.042541741473994255,27.753864764747455,0,0.0,0.0,-1.0,HUBERT_BASE,6
5639-40744-0014_1995-1837-0018__T2__SCV3FIX__VOICE-1995_CONTENT-5639-5639-40744-0014,1995,5639,,5.71,14,0.2857142857142857,0.0,0.0,0.0782141559731412,-0.13106740255530447,23.38828893869187,1,1.0,1.0,6.0,HUBERT_BASE,6
121-121726-0008_5105-28240-0008__T2__SCV3FIX__VOICE-5105_CONTENT-121-121-121726-0008,5105,121,,12.46,7,0.0,0.0,0.0,0.1974077133881266,0.09859014653665199,44.347257981831724,0,0.0,0.0,-1.0,HUBERT_BASE,6
8230-279154-0014_121-123859-0003__T1__SCV3FIX__VOICE-8230_CONTENT-121-121-123859-0003,8230,121,,13.17,13,0.0,0.0,0.0,0.15068300906732854,0.038620473483895856,42.570515427806875,0,0.0,0.0,-1.0,HUBERT_BASE,6
1995-1836-0007_2830-3980-0070__T1__SCV3FIX__VOICE-1995_CONTENT-2830-2830-3980-0070,1995,2830,,-24.62,5,1.0,1.0,1.0,-0.0947946832665163,-0.15226233608553263,-39.37463009335718,1,2.5,2.5,0.0,HUBERT_BASE,6
6829-68769-0027_1089-134686-0010__T2__SCV3FIX__VOICE-1089_CONTENT-6829-6829-68769-0027,1089,6829,,8.88,5,0.2,0.0,0.0,0.04435727454347149,-0.0015706421502985624,30.949152499820947,0,0.0,0.0,-1.0,HUBERT_BASE,6
3729-6852-0016_61-70968-0010__T1__SCV3FIX__VOICE-3729_CONTENT-61-61-70968-0010,3729,61,,-19.79,7,1.0,1.0,1.0,-0.08530685905124732,-0.11683863063571831,-34.86963662146544,1,3.5,3.5,0.0,HUBERT_BASE,6
1089-134686-0013_3570-5695-0000__T2__SCV3FIX__VOICE-3570_CONTENT-1089-1089-134686-0013,3570,1089,,-26.46,8,1.0,1.0,1.0,-0.07336372969153264,-0.15252447732363683,-37.83954771042154,1,4.0,4.0,0.0,HUBERT_BASE,6
3575-170457-0053_8230-279154-0021__T2__SCV3FIX__VOICE-8230_CONTENT-3575-3575-170457-0053,8230,3575,,16.08,12,0.0,0.0,0.0,0.07168505048886022,0.012065946814497797,38.509542717335925,0,0.0,0.0,-1.0,HUBERT_BASE,6
3729-6852-0025_5105-28240-0004__T1__SCV3FIX__VOICE-3729_CONTENT-5105-5105-28240-0004,3729,5105,,-11.74,5,1.0,1.0,1.0,-0.14020353800225155,-0.19061846295938023,-33.092242519970256,1,2.5,2.5,0.0,HUBERT_BASE,6
4507-16021-0013_5142-33396-0012__T1__SCV3FIX__VOICE-4507_CONTENT-5142-5142-33396-0012,4507,5142,,15.99,8,0.0,0.0,0.0,0.07576142169108799,0.03410821834442335,41.22428334434299,0,0.0,0.0,-1.0,HUBERT_BASE,6
1580-141083-0023_8455-210777-0048__T1__SCV3FIX__VOICE-1580_CONTENT-8455-8455-210777-0048,1580,8455,,-21.73,5,1.0,1.0,1.0,-0.0645904887839092,-0.09883832966490569,-35.49644282658954,1,2.5,2.5,0.0,HUBERT_BASE,6
7729-102255-0010_8555-284449-0003__T1__SCV3FIX__VOICE-7729_CONTENT-8555-8555-284449-0003,7729,8555,,14.56,16,0.0,0.0,0.0,0.10059850956246795,0.05215227499607811,38.64975604520649,0,0.0,0.0,-1.0,HUBERT_BASE,6
6829-68769-0015_3575-170457-0050__T1__SCV3FIX__VOICE-6829_CONTENT-3575-3575-170457-0050,6829,3575,,11.48,11,0.0,0.0,0.0,0.07721748181941367,0.03201503243118253,34.755173953865494,0,0.0,0.0,-1.0,HUBERT_BASE,6
2830-3980-0007_5142-33396-0026__T1__SCV3FIX__VOICE-2830_CONTENT-5142-5142-33396-0026,2830,5142,,7.63,5,0.0,0.0,0.0,0.10534865101917452,0.04556733278692604,27.68326793602887,0,0.0,0.0,-1.0,HUBERT_BASE,6
672-122797-0074_4507-16021-0057__T1__SCV3FIX__VOICE-672_CONTENT-4507-4507-16021-0057,672,4507,,11.12,7,0.0,0.0,0.0,0.12425736802142477,0.07768612944679631,38.15862341121403,0,0.0,0.0,-1.0,HUBERT_BASE,6
6829-68769-0021_6930-81414-0024__T2__SCV3FIX__VOICE-6930_CONTENT-6829-6829-68769-0021,6930,6829,,12.3,9,0.0,0.0,0.0,0.06367242104396423,0.032769440949225515,36.08993616499152,0,0.0,0.0,-1.0,HUBERT_BASE,6
121-127105-0006_8455-210777-0045__T1__SCV3FIX__VOICE-121_CONTENT-8455-8455-210777-0045,121,8455,,-21.64,8,1.0,1.0,1.0,-0.09539743685383828,-0.1655788984561528,-33.91198192899237,1,4.0,4.0,0.0,HUBERT_BASE,6
1320-122612-0006_4446-2271-0018__T1__SCV3FIX__VOICE-1320_CONTENT-4446-4446-2271-0018,1320,4446,,14.58,8,0.0,0.0,0.0,0.16517808400578302,0.09857707189369846,38.796003040019755,0,0.0,0.0,-1.0,HUBERT_BASE,6
1320-122617-0037_3570-5695-0009__T2__SCV3FIX__VOICE-3570_CONTENT-1320-1320-122617-0037,3570,1320,,-24.52,9,1.0,1.0,1.0,-0.11118293501097296,-0.16039392900338567,-48.22513554034963,1,4.5,4.5,0.0,HUBERT_BASE,6
61-70970-0022_1580-141083-0053__T2__SCV3FIX__VOICE-1580_CONTENT-61-61-70970-0022,1580,61,,13.62,5,0.0,0.0,0.0,0.09109108711488627,0.05303067750806256,25.60913560802559,0,0.0,0.0,-1.0,HUBERT_BASE,6
2830-3979-0000_5142-36377-0004__T1__SCV3FIX__VOICE-2830_CONTENT-5142-5142-36377-0004,2830,5142,,12.25,9,0.0,0.0,0.0,0.11361469139099348,0.07142031475637167,43.33663971070189,0,0.0,0.0,-1.0,HUBERT_BASE,6
61-70970-0010_1188-133604-0005__T1__SCV3FIX__VOICE-61_CONTENT-1188-1188-133604-0005,61,1188,,-2.47,5,0.2,0.4,0.2,0.054026732701346794,-0.07210212801733851,4.423544675922502,0,0.0,0.0,-1.0,HUBERT_BASE,6
1221-135767-0008_3570-5695-0015__T1__SCV3FIX__VOICE-1221_CONTENT-3570-3570-5695-0015,1221,3570,,-21.85,5,1.0,1.0,1.0,-0.09061872129268064,-0.1451058445225003,-50.197381748829415,1,2.5,2.5,0.0,HUBERT_BASE,6
237-134493-0017_4446-2275-0000__T2__SCV3FIX__VOICE-4446_CONTENT-237-237-134493-0017,4446,237,,-23.61,11,1.0,1.0,1.0,-0.05316018001381597,-0.11545795890176025,-26.287834618695896,1,5.5,5.5,0.0,HUBERT_BASE,6
4446-2273-0028_5142-33396-0025__T1__SCV3FIX__VOICE-4446_CONTENT-5142-5142-33396-0025,4446,5142,,-2.16,5,0.4,0.4,0.2,0.010580456909508484,-0.015379126244201569,3.929462142155829,1,1.0,1.0,1.5,HUBERT_BASE,6
5105-28240-0014_7127-75947-0021__T2__SCV3FIX__VOICE-7127_CONTENT-5105-5105-28240-0014,7127,5105,,13.21,5,0.0,0.0,0.0,0.10568424808205554,0.08726560894957314,29.719730630902614,0,0.0,0.0,-1.0,HUBERT_BASE,6
3570-5695-0009_4970-29095-0008__T2__SCV3FIX__VOICE-4970_CONTENT-3570-3570-5695-0009,4970,3570,,-12.74,5,1.0,1.0,1.0,-0.06972471551022408,-0.17824787423090727,-22.194586533515153,1,2.5,2.5,0.0,HUBERT_BASE,6
4970-29093-0023_1320-122612-0000__T2__SCV3FIX__VOICE-1320_CONTENT-4970-4970-29093-0023,1320,4970,,12.93,15,0.0,0.0,0.0,0.12623628570014,0.04165184662793919,50.740630480747974,0,0.0,0.0,-1.0,HUBERT_BASE,6
260-123440-0013_8230-279154-0016__T1__SCV3FIX__VOICE-260_CONTENT-8230-8230-279154-0016,260,8230,,4.7,5,0.0,0.0,0.0,0.11792291440979885,0.05893320653328238,32.15240979765987,0,0.0,0.0,-1.0,HUBERT_BASE,6
61-70968-0034_2961-961-0020__T2__SCV3FIX__VOICE-2961_CONTENT-61-61-70968-0034,2961,61,,-15.82,7,1.0,1.0,1.0,-0.05032514687728917,-0.09886972719939757,-25.270619633098132,1,3.5,3.5,0.0,HUBERT_BASE,6
1188-133604-0040_4970-29093-0002__T2__SCV3FIX__VOICE-4970_CONTENT-1188-1188-133604-0040,4970,1188,,6.79,5,0.2,0.0,0.0,0.06859699434932545,-0.03728514835173957,16.768299020837393,0,0.0,0.0,-1.0,HUBERT_BASE,6
2830-3980-0035_3575-170457-0019__T2__SCV3FIX__VOICE-3575_CONTENT-2830-2830-3980-0035,3575,2830,,-28.51,5,1.0,1.0,1.0,-0.08701685930392145,-0.12121607075683904,-44.41725667301648,1,2.5,2.5,0.0,HUBERT_BASE,6
61-70968-0046_8230-279154-0017__T1__SCV3FIX__VOICE-61_CONTENT-8230-8230-279154-0017,61,8230,,1.56,6,0.3333333333333333,0.0,0.0,0.033097525038471576,-0.03003280438997169,8.421254407321562,0,0.0,0.0,-1.0,HUBERT_BASE,6
4970-29093-0007_1995-1826-0002__T2__SCV3FIX__VOICE-1995_CONTENT-4970-4970-29093-0007,1995,4970,,15.02,8,0.0,0.0,0.0,0.09776860708303997,0.03865533674209776,53.030021496918025,0,0.0,0.0,-1.0,HUBERT_BASE,6
5683-32879-0004_3575-170457-0010__T1__SCV3FIX__VOICE-5683_CONTENT-3575-3575-170457-0010,5683,3575,,-5.05,8,0.625,0.375,0.375,-0.018944140544518068,-0.1079364397396172,6.490828464028728,2,1.5,1.25,0.5,HUBERT_BASE,6
3575-170457-0006_5639-40744-0025__T1__SCV3FIX__VOICE-3575_CONTENT-5639-5639-40744-0025,3575,5639,,-26.17,15,1.0,1.0,1.0,-0.10636934969313974,-0.23031617209963307,-41.371689453812564,1,7.5,7.5,0.0,HUBERT_BASE,6
4446-2275-0035_8463-287645-0003__T1__SCV3FIX__VOICE-4446_CONTENT-8463-8463-287645-0003,4446,8463,,-24.89,7,1.0,1.0,1.0,-0.0572460907658729,-0.0994384268900157,-40.394274587377176,1,3.5,3.5,0.0,HUBERT_BASE,6
4446-2275-0005_7176-92135-0016__T1__SCV3FIX__VOICE-4446_CONTENT-7176-7176-92135-0016,4446,7176,,-24.17,7,1.0,1.0,1.0,-0.07333497500116058,-0.1226026987350799,-41.83400704839562,1,3.5,3.5,0.0,HUBERT_BASE,6
1284-134647-0006_8455-210777-0067__T2__SCV3FIX__VOICE-8455_CONTENT-1284-1284-134647-0006,8455,1284,,3.07,6,0.0,0.16666666666666666,0.0,0.08745338725449266,0.01107602847652056,22.957123668244538,0,0.0,0.0,-1.0,HUBERT_BASE,6
2830-3980-0053_1995-1837-0007__T2__SCV3FIX__VOICE-1995_CONTENT-2830-2830-3980-0053,1995,2830,,-22.73,9,1.0,1.0,1.0,-0.13661239979295867,-0.2023953368814656,-39.4969109245662,1,4.5,4.5,0.0,HUBERT_BASE,6
1089-134686-0024_5683-32865-0016__T1__SCV3FIX__VOICE-1089_CONTENT-5683-5683-32865-0016,1089,5683,,11.23,5,0.0,0.0,0.0,0.11529249242053093,0.07441234883330516,42.68792284895452,0,0.0,0.0,-1.0,HUBERT_BASE,6
2961-960-0005_6829-68771-0003__T2__SCV3FIX__VOICE-6829_CONTENT-2961-2961-960-0005,6829,2961,,-26.79,7,1.0,1.0,1.0,-0.049346672793701404,-0.11078817941499075,-35.69530441658084,1,3.5,3.5,0.0,HUBERT_BASE,6
3729-6852-0040_908-31957-0013__T1__SCV3FIX__VOICE-3729_CONTENT-908-908-31957-0013,3729,908,,-35.5,11,1.0,1.0,1.0,-0.10926092751097306,-0.16798597238262059,-51.25569571553012,1,5.5,5.5,0.0,HUBERT_BASE,6
908-157963-0018_5105-28240-0002__T1__SCV3FIX__VOICE-908_CONTENT-5105-5105-28240-0002,908,5105,,7.77,7,0.0,0.0,0.0,0.11952703426505491,0.06740189267322205,36.243202959703765,0,0.0,0.0,-1.0,HUBERT_BASE,6
1580-141083-0016_61-70968-0024__T1__SCV3FIX__VOICE-1580_CONTENT-61-61-70968-0024,1580,61,,-23.13,7,1.0,1.0,1.0,-0.06965111929571113,-0.11985231092736304,-26.134809755073928,1,3.5,3.5,0.0,HUBERT_BASE,6
8455-210777-0017_672-122797-0038__T1__SCV3FIX__VOICE-8455_CONTENT-672-672-122797-0038,8455,672,,-10.76,9,0.8888888888888888,1.0,0.8888888888888888,-0.06273660459460251,-0.11853086711333038,-16.416409756112113,2,2.5,2.0,0.0,HUBERT_BASE,6
260-123286-0025_1284-1181-0019__T2__SCV3FIX__VOICE-1284_CONTENT-260-260-123286-0025,1284,260,,-21.31,5,1.0,1.0,1.0,-0.08900951240392045,-0.10669428100252665,-34.11416665533968,1,2.5,2.5,0.0,HUBERT_BASE,6
3729-6852-0013_4992-41797-0014__T2__SCV3FIX__VOICE-4992_CONTENT-3729-3729-6852-0013,4992,3729,,6.97,5,0.0,0.0,0.0,0.03247195665945903,8.636964500408073e-05,18.370854701807417,0,0.0,0.0,-1.0,HUBERT_BASE,6
4507-16021-0015_1580-141084-0049__T2__SCV3FIX__VOICE-1580_CONTENT-4507-4507-16021-0015,1580,4507,,16.26,6,0.16666666666666666,0.0,0.0,0.07353220306372839,-0.0027947396743454034,30.26602735136051,0,0.0,0.0,-1.0,HUBERT_BASE,6
260-123288-0012_3729-6852-0024__T2__SCV3FIX__VOICE-3729_CONTENT-260-260-123288-0012,3729,260,,-31.61,6,1.0,1.0,1.0,-0.06107827126024188,-0.10783058674687007,-35.11305745169014,1,3.0,3.0,0.0,HUBERT_BASE,6
908-157963-0024_1188-133604-0033__T2__SCV3FIX__VOICE-1188_CONTENT-908-908-157963-0024,1188,908,,3.75,5,0.6,0.2,0.2,-0.010444308724410134,-0.17638915424428114,7.5680030209586935,1,1.0,1.0,1.5,HUBERT_BASE,6
4077-13751-0014_1320-122612-0009__T1__SCV3FIX__VOICE-4077_CONTENT-1320-1320-122612-0009,4077,1320,,-14.39,6,1.0,1.0,1.0,-0.055457810665281916,-0.15457738058029535,-21.472114684222998,1,3.0,3.0,0.0,HUBERT_BASE,6
4446-2271-0000_2830-3980-0029__T2__SCV3FIX__VOICE-2830_CONTENT-4446-4446-2271-0000,2830,4446,,9.2,5,0.0,0.0,0.0,0.07730419636369894,0.047777651784925546,32.34106824786045,0,0.0,0.0,-1.0,HUBERT_BASE,6
1188-133604-0013_2830-3980-0004__T1__SCV3FIX__VOICE-1188_CONTENT-2830-2830-3980-0004,1188,2830,,-2.1,5,0.6,0.6,0.6,-0.012877332635407402,-0.12228799350589226,-4.760561551572865,1,1.0,1.0,0.0,HUBERT_BASE,6
8230-279154-0020_2961-960-0013__T1__SCV3FIX__VOICE-8230_CONTENT-2961-2961-960-0013,8230,2961,,14.32,14,0.0,0.0,0.0,0.08868298753835988,0.044413932885929874,33.970865776034586,0,0.0,0.0,-1.0,HUBERT_BASE,6
7127-75946-0009_1089-134686-0019__T2__SCV3FIX__VOICE-1089_CONTENT-7127-7127-75946-0009,1089,7127,,11.21,8,0.0,0.0,0.0,0.11058648804039434,0.055406157623076435,43.810952984839446,0,0.0,0.0,-1.0,HUBERT_BASE,6
121-127105-0035_1995-1826-0013__T2__SCV3FIX__VOICE-1995_CONTENT-121-121-127105-0035,1995,121,,13.09,16,0.125,0.0,0.0,0.11615864072824056,-0.1584221092964626,29.241237347281718,1,1.0,1.0,2.5,HUBERT_BASE,6
7021-85628-0020_5142-33396-0046__T1__SCV3FIX__VOICE-7021_CONTENT-5142-5142-33396-0046,7021,5142,,15.56,6,0.0,0.0,0.0,0.08924970166026563,0.07426852281976593,48.7878208556835,0,0.0,0.0,-1.0,HUBERT_BASE,6
4992-41797-0005_1580-141083-0049__T2__SCV3FIX__VOICE-1580_CONTENT-4992-4992-41797-0005,1580,4992,,-21.26,6,1.0,1.0,1.0,-0.13000748917660807,-0.26371931502285495,-39.10576018444721,1,3.0,3.0,0.0,HUBERT_BASE,6
61-70968-0017_8230-279154-0024__T2__SCV3FIX__VOICE-8230_CONTENT-61-61-70968-0017,8230,61,,-5.4,9,0.7777777777777778,1.0,0.7777777777777778,-0.0886299235683339,-0.2070312581993995,-14.113716973308692,2,2.5,1.75,0.0,HUBERT_BASE,6
1995-1837-0009_5683-32879-0016__T1__SCV3FIX__VOICE-1995_CONTENT-5683-5683-32879-0016,1995,5683,,17.56,6,0.16666666666666666,0.0,0.0,0.09417825985361412,-0.007439677658651167,44.77186074696079,0,0.0,0.0,-1.0,HUBERT_BASE,6
121-121726-0006_61-70970-0003__T1__SCV3FIX__VOICE-121_CONTENT-61-61-70970-0003,121,61,,-12.43,6,1.0,1.0,1.0,-0.1131673221456632,-0.2543326887482792,-12.208204673550789,1,3.0,3.0,0.0,HUBERT_BASE,6
7729-102255-0024_3575-170457-0047__T1__SCV3FIX__VOICE-7729_CONTENT-3575-3575-170457-0047,7729,3575,,10.43,12,0.0,0.0,0.0,0.12072826889553616,0.061624466140404954,38.291087408524795,0,0.0,0.0,-1.0,HUBERT_BASE,6
908-157963-0003_1221-135766-0005__T2__SCV3FIX__VOICE-1221_CONTENT-908-908-157963-0003,1221,908,,-25.15,5,1.0,1.0,1.0,-0.1147184964852409,-0.13677590669915973,-41.66339636823419,1,2.5,2.5,0.0,HUBERT_BASE,6
3575-170457-0005_6829-68769-0006__T2__SCV3FIX__VOICE-6829_CONTENT-3575-3575-170457-0005,6829,3575,,7.12,13,0.0,0.0,0.0,0.06408661850769615,0.01662642326253616,27.188051966732207,0,0.0,0.0,-1.0,HUBERT_BASE,6
2830-3980-0075_4507-16021-0002__T1__SCV3FIX__VOICE-2830_CONTENT-4507-4507-16021-0002,2830,4507,,14.46,5,0.0,0.0,0.0,0.17070376208460042,0.09392869923856673,51.267753371005746,0,0.0,0.0,-1.0,HUBERT_BASE,6
1580-141083-0052_1320-122617-0022__T2__SCV3FIX__VOICE-1320_CONTENT-1580-1580-141083-0052,1320,1580,,9.09,5,0.0,0.0,0.0,0.1254644791242104,0.0874561827245095,35.81034491938304,0,0.0,0.0,-1.0,HUBERT_BASE,6
6829-68769-0003_1188-133604-0040__T2__SCV3FIX__VOICE-1188_CONTENT-6829-6829-68769-0003,1188,6829,,13.42,5,0.0,0.0,0.0,0.12785824363125778,0.09328197698468654,39.449152814067084,0,0.0,0.0,-1.0,HUBERT_BASE,6
4446-2271-0005_6829-68769-0040__T1__SCV3FIX__VOICE-4446_CONTENT-6829-6829-68769-0040,4446,6829,,11.53,5,0.0,0.0,0.0,0.06270743475160441,0.018478391615398326,36.71987109362326,0,0.0,0.0,-1.0,HUBERT_BASE,6
672-122797-0020_5105-28233-0006__T1__SCV3FIX__VOICE-672_CONTENT-5105-5105-28233-0006,672,5105,,-24.15,10,1.0,1.0,1.0,-0.15697709973053442,-0.3539051556142908,-37.16897844759853,1,5.0,5.0,0.0,HUBERT_BASE,6
61-70968-0016_2961-961-0015__T1__SCV3FIX__VOICE-61_CONTENT-2961-2961-961-0015,61,2961,,11.02,6,0.0,0.0,0.0,0.12293607701660052,0.0792165978800845,45.01634750880058,0,0.0,0.0,-1.0,HUBERT_BASE,6
6829-68769-0053_908-157963-0005__T2__SCV3FIX__VOICE-908_CONTENT-6829-6829-68769-0053,908,6829,,14.4,11,0.0,0.0,0.0,0.05489029868555822,0.00552267232582937,33.26674446944543,0,0.0,0.0,-1.0,HUBERT_BASE,6
1995-1826-0015_1320-122617-0037__T2__SCV3FIX__VOICE-1320_CONTENT-1995-1995-1826-0015,1320,1995,,10.4,6,0.0,0.0,0.0,0.11912251686339026,0.09301859397737544,45.874760817847026,0,0.0,0.0,-1.0,HUBERT_BASE,6
260-123440-0012_8455-210777-0010__T2__SCV3FIX__VOICE-8455_CONTENT-260-260-123440-0012,8455,260,,15.93,5,0.0,0.0,0.0,0.055428074612357506,0.029648720625134684,34.89432963009981,0,0.0,0.0,-1.0,HUBERT_BASE,6
672-122797-0052_2961-960-0004__T2__SCV3FIX__VOICE-2961_CONTENT-672-672-122797-0052,2961,672,,2.17,7,0.2857142857142857,0.7142857142857143,0.2857142857142857,0.019577511155597867,-0.023989438530831353,2.0968809294145445,0,0.0,0.0,-1.0,HUBERT_BASE,6
260-123286-0017_5142-33396-0049__T1__SCV3FIX__VOICE-260_CONTENT-5142-5142-33396-0049,260,5142,,-21.24,5,1.0,1.0,1.0,-0.07346545224233433,-0.17009718200561752,-17.77103426930615,1,2.5,2.5,0.0,HUBERT_BASE,6
1580-141083-0022_4446-2273-0003__T1__SCV3FIX__VOICE-1580_CONTENT-4446-4446-2273-0003,1580,4446,,-18.04,5,1.0,1.0,1.0,-0.07515955109958954,-0.11516255646338458,-38.08299838143167,1,2.5,2.5,0.0,HUBERT_BASE,6
2094-142345-0009_8455-210777-0035__T2__SCV3FIX__VOICE-8455_CONTENT-2094-2094-142345-0009,8455,2094,,13.28,8,0.0,0.0,0.0,0.08574768621000133,0.047024909224637645,31.169705022684816,0,0.0,0.0,-1.0,HUBERT_BASE,6
4970-29095-0005_4446-2271-0018__T1__SCV3FIX__VOICE-4970_CONTENT-4446-4446-2271-0018,4970,4446,,-34.46,8,1.0,1.0,1.0,-0.06792560267170808,-0.1046203975052944,-54.42763026141297,1,4.0,4.0,0.0,HUBERT_BASE,6
2300-131720-0029_2830-3980-0067__T1__SCV3FIX__VOICE-2300_CONTENT-2830-2830-3980-0067,2300,2830,,9.98,11,0.0,0.0,0.0,0.1278433495522283,0.05605578310434822,33.08010975449094,0,0.0,0.0,-1.0,HUBERT_BASE,6
4507-16021-0037_1284-1181-0009__T1__SCV3FIX__VOICE-4507_CONTENT-1284-1284-1181-0009,4507,1284,,-31.68,9,1.0,1.0,1.0,-0.078334325034557,-0.12333088866573705,-39.62733161600384,1,4.5,4.5,0.0,HUBERT_BASE,6
5683-32866-0016_4507-16021-0030__T2__SCV3FIX__VOICE-4507_CONTENT-5683-5683-32866-0016,4507,5683,,-19.3,8,0.875,1.0,0.875,-0.0721080411593905,-0.12710880858693863,-29.200517189169624,2,2.0,1.75,0.0,HUBERT_BASE,6
7176-92135-0028_4446-2275-0043__T1__SCV3FIX__VOICE-7176_CONTENT-4446-4446-2275-0043,7176,4446,,4.29,5,0.2,0.0,0.0,0.061740064315166696,-0.020438551493999868,33.420066652314645,0,0.0,0.0,-1.0,HUBERT_BASE,6
7176-88083-0026_121-127105-0003__T2__SCV3FIX__VOICE-121_CONTENT-7176-7176-88083-0026,121,7176,,-17.66,10,1.0,1.0,1.0,-0.1233284022178669,-0.24226140491429338,-36.01754779520204,1,5.0,5.0,0.0,HUBERT_BASE,6
260-123440-0020_5683-32879-0002__T2__SCV3FIX__VOICE-5683_CONTENT-260-260-123440-0020,5683,260,,-28.21,8,0.875,1.0,0.875,-0.04675843035351927,-0.10041731395158415,-39.09041969937849,1,3.0,3.0,1.0,HUBERT_BASE,6
8455-210777-0003_908-157963-0011__T2__SCV3FIX__VOICE-908_CONTENT-8455-8455-210777-0003,908,8455,,10.29,19,0.0,0.0,0.0,0.10077032556821011,0.03072869959805047,30.855649753234683,0,0.0,0.0,-1.0,HUBERT_BASE,6
8555-284449-0004_8463-294828-0015__T1__SCV3FIX__VOICE-8555_CONTENT-8463-8463-294828-0015,8555,8463,,2.33,7,0.0,0.2857142857142857,0.0,0.0494409803966351,0.008956187716246844,24.711718997083818,0,0.0,0.0,-1.0,HUBERT_BASE,6
4970-29095-0011_6930-75918-0006__T2__SCV3FIX__VOICE-6930_CONTENT-4970-4970-29095-0011,6930,4970,,1.99,5,0.8,0.6,0.4,-0.018167830187172808,-0.0545362851760951,-1.7608609770096468,1,1.5,1.5,0.0,HUBERT_BASE,6
3570-5694-0018_8555-284447-0010__T1__SCV3FIX__VOICE-3570_CONTENT-8555-8555-284447-0010,3570,8555,,-21.76,14,1.0,1.0,1.0,-0.049999986222476665,-0.0935487728482629,-30.823920921977727,1,7.0,7.0,0.0,HUBERT_BASE,6
3570-5694-0019_6930-75918-0006__T1__SCV3FIX__VOICE-3570_CONTENT-6930-6930-75918-0006,3570,6930,,6.58,6,0.0,0.0,0.0,0.05826578673389674,0.02798670148486193,21.641417040062336,0,0.0,0.0,-1.0,HUBERT_BASE,6
7021-79730-0001_5142-33396-0064__T1__SCV3FIX__VOICE-7021_CONTENT-5142-5142-33396-0064,7021,5142,,11.48,5,0.0,0.0,0.0,0.10225087508593436,0.07533800451283212,33.14249801684685,0,0.0,0.0,-1.0,HUBERT_BASE,6
8455-210777-0042_5639-40744-0037__T2__SCV3FIX__VOICE-5639_CONTENT-8455-8455-210777-0042,5639,8455,,-11.85,8,1.0,1.0,1.0,-0.06260115757375345,-0.13880514820961476,-22.160627207826906,1,4.0,4.0,0.0,HUBERT_BASE,6
237-126133-0004_8230-279154-0035__T2__SCV3FIX__VOICE-8230_CONTENT-237-237-126133-0004,8230,237,,11.16,5,0.0,0.0,0.0,0.0989418748380347,0.07378776039868151,36.829872223107586,0,0.0,0.0,-1.0,HUBERT_BASE,6
4992-23283-0011_2830-3980-0005__T2__SCV3FIX__VOICE-2830_CONTENT-4992-4992-23283-0011,2830,4992,,9.55,7,0.0,0.0,0.0,0.10752503827982769,0.09036231937432748,36.33277709227858,0,0.0,0.0,-1.0,HUBERT_BASE,6
237-126133-0003_7176-92135-0024__T2__SCV3FIX__VOICE-7176_CONTENT-237-237-126133-0003,7176,237,,13.96,7,0.0,0.0,0.0,0.07181046629732689,0.04475432811601565,40.19005674457936,0,0.0,0.0,-1.0,HUBERT_BASE,6
8463-294828-0019_6930-76324-0026__T2__SCV3FIX__VOICE-6930_CONTENT-8463-8463-294828-0019,6930,8463,,4.32,5,0.2,0.0,0.0,0.03363868107938819,-0.020150416437703655,15.709911329794863,0,0.0,0.0,-1.0,HUBERT_BASE,6
8463-294828-0012_8555-284447-0009__T2__SCV3FIX__VOICE-8555_CONTENT-8463-8463-294828-0012,8555,8463,,5.88,5,0.0,0.0,0.0,0.07150781005059528,0.03916132261375482,28.381160010880897,0,0.0,0.0,-1.0,HUBERT_BASE,6
672-122797-0073_1580-141084-0004__T2__SCV3FIX__VOICE-1580_CONTENT-672-672-122797-0073,1580,672,,-32.59,13,0.8461538461538461,1.0,0.8461538461538461,-0.07765472867230276,-0.1843055420998594,-35.075731084709744,2,3.5,2.75,0.0,HUBERT_BASE,6
2961-961-0011_5142-36377-0015__T2__SCV3FIX__VOICE-5142_CONTENT-2961-2961-961-0011,5142,2961,,-15.51,7,0.5714285714285714,1.0,0.5714285714285714,-0.018289676065386833,-0.10063463084423363,-13.908977450836586,2,1.0,1.0,0.5,HUBERT_BASE,6
3729-6852-0019_5639-40744-0037__T2__SCV3FIX__VOICE-5639_CONTENT-3729-3729-6852-0019,5639,3729,,15.2,5,0.0,0.0,0.0,0.033931437971073564,0.015018350071470232,31.429094047739625,0,0.0,0.0,-1.0,HUBERT_BASE,6
237-134500-0008_2830-3980-0013__T2__SCV3FIX__VOICE-2830_CONTENT-237-237-134500-0008,2830,237,,10.65,6,0.0,0.0,0.0,0.11926645270364479,0.05459177384865532,39.965610364634834,0,0.0,0.0,-1.0,HUBERT_BASE,6
672-122797-0051_1580-141083-0016__T1__SCV3FIX__VOICE-672_CONTENT-1580-1580-141083-0016,672,1580,,8.37,7,0.0,0.0,0.0,0.14530745429695946,0.059084477380455525,37.256403037281814,0,0.0,0.0,-1.0,HUBERT_BASE,6
2094-142345-0037_5105-28240-0016__T2__SCV3FIX__VOICE-5105_CONTENT-2094-2094-142345-0037,5105,2094,,9.68,7,0.0,0.0,0.0,0.11990030991430309,0.09250545316698078,31.752216721816804,0,0.0,0.0,-1.0,HUBERT_BASE,6
237-134500-0040_1284-134647-0007__T2__SCV3FIX__VOICE-1284_CONTENT-237-237-134500-0040,1284,237,,9.38,7,0.0,0.0,0.0,0.08424729666550958,0.05532455951601545,31.18064140907227,0,0.0,0.0,-1.0,HUBERT_BASE,6
1995-1826-0017_5639-40744-0001__T1__SCV3FIX__VOICE-1995_CONTENT-5639-5639-40744-0001,1995,5639,,-3.69,11,0.6363636363636364,0.9090909090909091,0.6363636363636364,-0.02727899293162889,-0.14469123459702216,-10.648970767447993,2,2.0,1.5,0.0,HUBERT_BASE,6
5142-33396-0057_6930-81414-0011__T1__SCV3FIX__VOICE-5142_CONTENT-6930-6930-81414-0011,5142,6930,,-10.78,5,1.0,1.0,1.0,-0.04945025215107437,-0.08041906195973392,-13.509465405010044,1,2.5,2.5,0.0,HUBERT_BASE,6
908-157963-0022_4970-29093-0014__T2__SCV3FIX__VOICE-4970_CONTENT-908-908-157963-0022,4970,908,,-20.33,7,1.0,1.0,1.0,-0.11736621654352451,-0.16574055956866474,-36.21035969382547,1,3.5,3.5,0.0,HUBERT_BASE,6
1580-141083-0032_672-122797-0065__T2__SCV3FIX__VOICE-672_CONTENT-1580-1580-141083-0032,672,1580,,9.37,5,0.0,0.0,0.0,0.0862208872239997,0.039431283132502104,35.42180552007223,0,0.0,0.0,-1.0,HUBERT_BASE,6
7127-75946-0029_6829-68771-0011__T2__SCV3FIX__VOICE-6829_CONTENT-7127-7127-75946-0029,6829,7127,,-22.37,10,1.0,1.0,1.0,-0.10406863005670644,-0.19650239530605884,-43.949777493556766,1,5.0,5.0,0.0,HUBERT_BASE,6
260-123286-0017_5142-33396-0049__T2__SCV3FIX__VOICE-5142_CONTENT-260-260-123286-0017,5142,260,,-17.14,5,1.0,1.0,1.0,-0.09462355890835068,-0.10527592403466446,-35.589570120115425,1,2.5,2.5,0.0,HUBERT_BASE,6
5639-40744-0006_672-122797-0026__T2__SCV3FIX__VOICE-672_CONTENT-5639-5639-40744-0006,672,5639,,5.11,15,0.4,0.0,0.0,0.010287126422647907,-0.09883422990671886,14.704416099733903,2,1.0,1.0,1.0,HUBERT_BASE,6
4992-41806-0017_8555-284447-0024__T2__SCV3FIX__VOICE-8555_CONTENT-4992-4992-41806-0017,8555,4992,,-0.69,8,0.625,0.625,0.625,-0.07851652829534046,-0.21696025640980654,-10.706189280061903,1,2.5,2.5,1.5,HUBERT_BASE,6
8230-279154-0029_4446-2275-0022__T1__SCV3FIX__VOICE-8230_CONTENT-4446-4446-2275-0022,8230,4446,,12.58,5,0.0,0.0,0.0,0.08249790157036811,0.017471015103918353,34.46217677566634,0,0.0,0.0,-1.0,HUBERT_BASE,6
2094-142345-0035_4970-29095-0006__T2__SCV3FIX__VOICE-4970_CONTENT-2094-2094-142345-0035,4970,2094,,-41.15,6,1.0,1.0,1.0,-0.0838680059080476,-0.11190198294210174,-45.39924925838947,1,3.0,3.0,0.0,HUBERT_BASE,6
121-127105-0019_4446-2275-0029__T1__SCV3FIX__VOICE-121_CONTENT-4446-4446-2275-0029,121,4446,,1.62,6,0.16666666666666666,0.0,0.0,0.03054749074221254,-0.01831812403933053,9.651894276462974,0,0.0,0.0,-1.0,HUBERT_BASE,6
672-122797-0070_3570-5695-0006__T2__SCV3FIX__VOICE-3570_CONTENT-672-672-122797-0070,3570,672,,-34.15,11,1.0,1.0,1.0,-0.1060715907243146,-0.13952707511657492,-48.147188465379216,1,5.5,5.5,0.0,HUBERT_BASE,6
8555-284449-0000_3575-170457-0024__T1__SCV3FIX__VOICE-8555_CONTENT-3575-3575-170457-0024,8555,3575,,3.11,23,0.21739130434782608,0.043478260869565216,0.043478260869565216,0.05352867635459501,-0.10133254929369617,24.184699633639106,1,1.0,1.0,4.0,HUBERT_BASE,6
260-123288-0008_2830-3980-0056__T1__SCV3FIX__VOICE-260_CONTENT-2830-2830-3980-0056,260,2830,,-8.53,9,0.6666666666666666,1.0,0.6666666666666666,-0.036711410930041745,-0.1679507064549035,-18.19991928692956,2,2.0,1.5,0.0,HUBERT_BASE,6
3729-6852-0001_8463-294825-0001__T1__SCV3FIX__VOICE-3729_CONTENT-8463-8463-294825-0001,3729,8463,,-17.7,14,0.7142857142857143,1.0,0.7142857142857143,-0.04536054905538883,-0.1087110663829981,-25.410164798886154,1,5.0,5.0,0.5,HUBERT_BASE,6
5639-40744-0015_5683-32866-0017__T1__SCV3FIX__VOICE-5639_CONTENT-5683-5683-32866-0017,5639,5683,,13.64,8,0.0,0.0,0.0,0.09902029024568314,0.008714319139992988,41.43868644274913,0,0.0,0.0,-1.0,HUBERT_BASE,6
4507-16021-0028_1188-133604-0014__T1__SCV3FIX__VOICE-4507_CONTENT-1188-1188-133604-0014,4507,1188,,12.77,5,0.0,0.0,0.0,0.11260986815502654,0.06786406308964865,38.30083915098682,0,0.0,0.0,-1.0,HUBERT_BASE,6
260-123286-0005_3729-6852-0014__T2__SCV3FIX__VOICE-3729_CONTENT-260-260-123286-0005,3729,260,,-24.21,8,1.0,1.0,1.0,-0.12097653519516464,-0.20449268408916244,-46.42122932323909,1,4.0,4.0,0.0,HUBERT_BASE,6
4970-29093-0023_3575-170457-0040__T2__SCV3FIX__VOICE-3575_CONTENT-4970-4970-29093-0023,3575,4970,,8.55,12,0.08333333333333333,0.0,0.0,0.0590601014604939,-0.00978381865911715,24.022140983535664,0,0.0,0.0,-1.0,HUBERT_BASE,6
8455-210777-0015_61-70970-0011__T1__SCV3FIX__VOICE-8455_CONTENT-61-61-70970-0011,8455,61,,1.21,11,0.36363636363636365,0.2727272727272727,0.18181818181818182,0.025016099607490485,-0.07332468323236718,8.607625973041287,1,1.0,1.0,3.0,HUBERT_BASE,6
7729-102255-0007_1320-122612-0009__T2__SCV3FIX__VOICE-1320_CONTENT-7729-7729-102255-0007,1320,7729,,10.79,6,0.16666666666666666,0.0,0.0,0.08470863900347426,-0.04022312083860402,22.788866368238192,0,0.0,0.0,-1.0,HUBERT_BASE,6
260-123286-0007_5142-33396-0019__T2__SCV3FIX__VOICE-5142_CONTENT-260-260-123286-0007,5142,260,,-25.23,8,1.0,1.0,1.0,-0.09244738071546578,-0.126665487596477,-39.343831146203755,1,4.0,4.0,0.0,HUBERT_BASE,6
4077-13754-0000_2300-131720-0008__T1__SCV3FIX__VOICE-4077_CONTENT-2300-2300-131720-0008,4077,2300,,0.34,8,0.75,0.375,0.375,-0.03291853967253584,-0.09426410187797107,-0.980111416887139,1,2.5,2.5,0.0,HUBERT_BASE,6
1580-141083-0046_121-127105-0007__T2__SCV3FIX__VOICE-121_CONTENT-1580-1580-141083-0046,121,1580,,10.8,6,0.16666666666666666,0.0,0.0,0.08548955907353763,-0.019999862509311628,29.611879538869562,0,0.0,0.0,-1.0,HUBERT_BASE,6
5142-36377-0013_908-157963-0003__T1__SCV3FIX__VOICE-5142_CONTENT-908-908-157963-0003,5142,908,,-22.28,5,1.0,1.0,1.0,-0.10726862863714759,-0.13491159407682307,-36.40396351559669,1,2.5,2.5,0.0,HUBERT_BASE,6
6829-68769-0031_260-123440-0014__T2__SCV3FIX__VOICE-260_CONTENT-6829-6829-68769-0031,260,6829,,10.57,6,0.0,0.0,0.0,0.0783955680346458,0.04721420997769743,35.89243212148317,0,0.0,0.0,-1.0,HUBERT_BASE,6
1320-122612-0007_8463-287645-0013__T1__SCV3FIX__VOICE-1320_CONTENT-8463-8463-287645-0013,1320,8463,,12.55,10,0.1,0.0,0.0,0.09005906368460176,-0.024433493125526895,40.35036142707295,0,0.0,0.0,-1.0,HUBERT_BASE,6
260-123440-0011_1320-122617-0016__T1__SCV3FIX__VOICE-260_CONTENT-1320-1320-122617-0016,260,1320,,-14.65,8,1.0,1.0,1.0,-0.09240880941039112,-0.13525028572916808,-28.7428124494701,1,4.0,4.0,0.0,HUBERT_BASE,6
7127-75947-0035_1580-141084-0021__T2__SCV3FIX__VOICE-1580_CONTENT-7127-7127-75947-0035,1580,7127,,-27.43,7,1.0,1.0,1.0,-0.08150724938025723,-0.10914617558578377,-29.181228356029518,1,3.5,3.5,0.0,HUBERT_BASE,6
4077-13751-0000_8224-274384-0006__T1__SCV3FIX__VOICE-4077_CONTENT-8224-8224-274384-0006,4077,8224,,-7.36,12,0.5,0.75,0.5,0.007984466880117003,-0.11892022852212047,-6.925487287043141,3,1.0,1.0,0.0,HUBERT_BASE,6
2830-3980-0011_2300-131720-0027__T2__SCV3FIX__VOICE-2300_CONTENT-2830-2830-3980-0011,2300,2830,,9.22,10,0.2,0.0,0.0,0.07347896950375579,-0.05577451995228644,28.06062140872993,1,1.0,1.0,2.5,HUBERT_BASE,6
7127-75946-0010_260-123286-0030__T1__SCV3FIX__VOICE-7127_CONTENT-260-260-123286-0030,7127,260,,-11.45,6,0.8333333333333334,1.0,0.8333333333333334,-0.02977796542749615,-0.1287680328363826,-24.26478023941648,2,1.5,1.25,0.0,HUBERT_BASE,6
7127-75946-0021_5639-40744-0024__T1__SCV3FIX__VOICE-7127_CONTENT-5639-5639-40744-0024,7127,5639,,-16.54,5,0.8,1.0,0.8,-0.13287808563168463,-0.37872468667752046,-20.847939178751098,1,1.5,1.5,0.0,HUBERT_BASE,6
8555-284447-0013_5683-32879-0021__T2__SCV3FIX__VOICE-5683_CONTENT-8555-8555-284447-0013,5683,8555,,0.16,7,0.42857142857142855,0.5714285714285714,0.2857142857142857,-0.001527626684386377,-0.07249915454824685,-1.085507002945507,0,0.0,0.0,-1.0,HUBERT_BASE,6
4446-2275-0016_7176-92135-0003__T2__SCV3FIX__VOICE-7176_CONTENT-4446-4446-2275-0016,7176,4446,,7.52,6,0.16666666666666666,0.0,0.0,0.035399330098360195,-0.020681508052013964,31.151948882345554,0,0.0,0.0,-1.0,HUBERT_BASE,6
61-70968-0053_8463-287645-0001__T2__SCV3FIX__VOICE-8463_CONTENT-61-61-70968-0053,8463,61,,11.11,6,0.0,0.0,0.0,0.07213697356007998,0.02421694945538877,27.766562321219855,0,0.0,0.0,-1.0,HUBERT_BASE,6
260-123286-0003_7127-75947-0014__T2__SCV3FIX__VOICE-7127_CONTENT-260-260-123286-0003,7127,260,,7.25,13,0.0,0.0,0.0,0.1244357728468368,0.06174915905478129,29.97319950435361,0,0.0,0.0,-1.0,HUBERT_BASE,6
1995-1826-0002_7176-92135-0045__T2__SCV3FIX__VOICE-7176_CONTENT-1995-1995-1826-0002,7176,1995,,10.51,8,0.0,0.0,0.0,0.056332692968406706,0.03727603106309596,27.92838337974511,0,0.0,0.0,-1.0,HUBERT_BASE,6
1089-134686-0032_4507-16021-0049__T2__SCV3FIX__VOICE-4507_CONTENT-1089-1089-134686-0032,4507,1089,,-26.73,7,0.8571428571428571,1.0,0.8571428571428571,-0.10424819166055774,-0.16138702851103792,-34.134560998691505,1,3.0,3.0,0.0,HUBERT_BASE,6
4507-16021-0033_4992-23283-0005__T1__SCV3FIX__VOICE-4507_CONTENT-4992-4992-23283-0005,4507,4992,,-1.77,10,0.7,0.5,0.3,-0.03115974931453568,-0.14856559738080366,1.2774737185255824,1,3.0,3.0,0.0,HUBERT_BASE,6
1580-141083-0004_4446-2273-0007__T2__SCV3FIX__VOICE-4446_CONTENT-1580-1580-141083-0004,4446,1580,,-7.64,5,0.8,1.0,0.8,-0.017268859454353212,-0.03659742997407567,-17.00352642737073,1,2.0,2.0,0.0,HUBERT_BASE,6
6829-68769-0015_1580-141084-0011__T1__SCV3FIX__VOICE-6829_CONTENT-1580-1580-141084-0011,6829,1580,,11.85,8,0.0,0.0,0.0,0.07654152134824148,0.039513589516581904,44.24811800134418,0,0.0,0.0,-1.0,HUBERT_BASE,6
4970-29093-0019_5683-32865-0015__T1__SCV3FIX__VOICE-4970_CONTENT-5683-5683-32865-0015,4970,5683,,2.27,6,0.8333333333333334,0.5,0.5,-0.039991751070024895,-0.1744000488687244,-0.5024005771646305,1,2.0,2.0,0.0,HUBERT_BASE,6
5683-32879-0009_2961-960-0018__T2__SCV3FIX__VOICE-2961_CONTENT-5683-5683-32879-0009,2961,5683,,-2.27,9,0.2222222222222222,0.2222222222222222,0.1111111111111111,0.03327661554549748,-0.062101129408454026,6.1565718874497115,1,1.0,1.0,3.0,HUBERT_BASE,6
4992-41806-0012_4446-2273-0015__T2__SCV3FIX__VOICE-4446_CONTENT-4992-4992-41806-0012,4446,4992,,-20.17,8,1.0,1.0,1.0,-0.08077150168210226,-0.127484840288967,-31.15726861175262,1,4.0,4.0,0.0,HUBERT_BASE,6
4077-13754-0011_2300-131720-0008__T1__SCV3FIX__VOICE-4077_CONTENT-2300-2300-131720-0008,4077,2300,,-19.27,17,1.0,1.0,1.0,-0.10618359228815906,-0.28997712747453586,-33.25910851621423,1,8.5,8.5,0.0,HUBERT_BASE,6
8230-279154-0029_61-70968-0025__T2__SCV3FIX__VOICE-61_CONTENT-8230-8230-279154-0029,61,8230,,4.44,7,0.14285714285714285,0.0,0.0,0.05941193479464045,-0.014042198377145487,18.551452025717214,0,0.0,0.0,-1.0,HUBERT_BASE,6
8555-284447-0022_3575-170457-0047__T1__SCV3FIX__VOICE-8555_CONTENT-3575-3575-170457-0047,8555,3575,,-0.2,6,0.16666666666666666,0.5,0.16666666666666666,0.03092088425488539,-0.009304639705718931,3.132217992256418,0,0.0,0.0,-1.0,HUBERT_BASE,6
7176-88083-0003_4507-16021-0057__T2__SCV3FIX__VOICE-4507_CONTENT-7176-7176-88083-0003,4507,7176,,13.37,8,0.0,0.0,0.0,0.10101231969108775,0.06974876449151668,40.22994748252926,0,0.0,0.0,-1.0,HUBERT_BASE,6
5683-32879-0007_5142-33396-0019__T1__SCV3FIX__VOICE-5683_CONTENT-5142-5142-33396-0019,5683,5142,,7.47,8,0.0,0.0,0.0,0.06898869456276566,0.01632564895539257,26.95595528594017,0,0.0,0.0,-1.0,HUBERT_BASE,6
1995-1836-0012_4446-2275-0034__T1__SCV3FIX__VOICE-1995_CONTENT-4446-4446-2275-0034,1995,4446,,7.78,5,0.6,0.0,0.0,-0.05021740268943671,-0.17967098591997754,21.721286019028366,1,1.0,1.0,1.5,HUBERT_BASE,6
6829-68771-0003_1089-134686-0028__T2__SCV3FIX__VOICE-1089_CONTENT-6829-6829-68771-0003,1089,6829,,9.96,7,0.0,0.0,0.0,0.12367245667766703,0.06294655673972605,38.80506662130947,0,0.0,0.0,-1.0,HUBERT_BASE,6
1221-135766-0004_237-126133-0022__T1__SCV3FIX__VOICE-1221_CONTENT-237-237-126133-0022,1221,237,,-25.18,9,1.0,1.0,1.0,-0.04410041233943708,-0.0750803355507198,-29.512472267257962,1,4.5,4.5,0.0,HUBERT_BASE,6
2830-3979-0011_1580-141084-0010__T1__SCV3FIX__VOICE-2830_CONTENT-1580-1580-141084-0010,2830,1580,,18.5,7,0.0,0.0,0.0,0.08392361298220405,0.04023885646451009,44.82536225618713,0,0.0,0.0,-1.0,HUBERT_BASE,6
7021-79730-0006_8455-210777-0037__T2__SCV3FIX__VOICE-8455_CONTENT-7021-7021-79730-0006,8455,7021,,-15.6,8,0.625,1.0,0.625,-0.04609402561739957,-0.1847877089721527,-27.346689520916645,1,1.5,1.5,1.5,HUBERT_BASE,6
1580-141083-0038_4077-13754-0009__T1__SCV3FIX__VOICE-1580_CONTENT-4077-4077-13754-0009,1580,4077,,-18.64,14,1.0,1.0,1.0,-0.11235369938536158,-0.18917721131579046,-33.81313396187583,1,7.0,7.0,0.0,HUBERT_BASE,6
1580-141083-0024_1995-1837-0009__T1__SCV3FIX__VOICE-1580_CONTENT-1995-1995-1837-0009,1580,1995,,-22.33,6,1.0,1.0,1.0,-0.10932662218148236,-0.16743123196479093,-35.83006921838475,1,3.0,3.0,0.0,HUBERT_BASE,6
2830-3980-0004_61-70968-0008__T2__SCV3FIX__VOICE-61_CONTENT-2830-2830-3980-0004,61,2830,,0.04,6,0.5,0.6666666666666666,0.5,-0.003556906057468593,-0.12987183979650485,-3.5804326082489726,1,1.0,1.0,2.0,HUBERT_BASE,6
3729-6852-0016_5683-32879-0022__T2__SCV3FIX__VOICE-5683_CONTENT-3729-3729-6852-0016,5683,3729,,13.12,7,0.0,0.0,0.0,0.06562881884983408,0.003004256606671918,42.487028032162655,0,0.0,0.0,-1.0,HUBERT_BASE,6
61-70968-0039_908-31957-0007__T1__SCV3FIX__VOICE-61_CONTENT-908-908-31957-0007,61,908,,-7.41,6,0.3333333333333333,0.6666666666666666,0.3333333333333333,0.014898598970045937,-0.021789964242546866,-1.2454784431252064,1,1.0,1.0,1.5,HUBERT_BASE,6
8230-279154-0012_260-123286-0005__T2__SCV3FIX__VOICE-260_CONTENT-8230-8230-279154-0012,260,8230,,-4.35,6,0.5,0.6666666666666666,0.5,-0.0012954637598526035,-0.07317840289086741,-11.520266875546831,1,1.0,1.0,2.0,HUBERT_BASE,6
1580-141084-0029_61-70968-0039__T1__SCV3FIX__VOICE-1580_CONTENT-61-61-70968-0039,1580,61,,-26.09,6,1.0,1.0,1.0,-0.08323990009645688,-0.1232820275543609,-36.36457179245057,1,3.0,3.0,0.0,HUBERT_BASE,6
5683-32866-0004_5105-28240-0002__T1__SCV3FIX__VOICE-5683_CONTENT-5105-5105-28240-0002,5683,5105,,-22.0,7,0.8571428571428571,1.0,0.8571428571428571,-0.06969940109513979,-0.13050448633491762,-24.581130329341402,2,2.0,1.5,0.0,HUBERT_BASE,6
8455-210777-0009_2830-3980-0068__T1__SCV3FIX__VOICE-8455_CONTENT-2830-2830-3980-0068,8455,2830,,4.56,8,0.125,0.125,0.0,0.050377119593391584,-0.020366253489179975,19.393749730739593,0,0.0,0.0,-1.0,HUBERT_BASE,6
1320-122617-0004_7127-75946-0003__T1__SCV3FIX__VOICE-1320_CONTENT-7127-7127-75946-0003,1320,7127,,8.13,8,0.0,0.0,0.0,0.12288274655806786,0.013116653316002203,31.320243751763336,0,0.0,0.0,-1.0,HUBERT_BASE,6
1995-1826-0024_5683-32879-0013__T2__SCV3FIX__VOICE-5683_CONTENT-1995-1995-1826-0024,5683,1995,,10.14,9,0.1111111111111111,0.1111111111111111,0.1111111111111111,0.12488344307256442,-0.005941980699696536,39.67639633239268,0,0.0,0.0,-1.0,HUBERT_BASE,6
1580-141084-0019_3729-6852-0016__T2__SCV3FIX__VOICE-3729_CONTENT-1580-1580-141084-0019,3729,1580,,9.43,5,0.0,0.0,0.0,0.06883487543116733,0.03830658714438673,29.548375430985516,0,0.0,0.0,-1.0,HUBERT_BASE,6
5683-32866-0016_8555-284449-0019__T2__SCV3FIX__VOICE-8555_CONTENT-5683-5683-32866-0016,8555,5683,,4.98,8,0.375,0.0,0.0,0.0296456590276451,-0.08286083566654856,23.7933271649691,1,1.0,1.0,0.0,HUBERT_BASE,6
4077-13754-0004_3575-170457-0025__T2__SCV3FIX__VOICE-3575_CONTENT-4077-4077-13754-0004,3575,4077,,-10.81,8,0.625,0.875,0.625,-0.013032562043225254,-0.1633302038029244,-11.801946844424968,1,2.0,2.0,0.0,HUBERT_BASE,6
5639-40744-0028_4992-41797-0007__T1__SCV3FIX__VOICE-5639_CONTENT-4992-4992-41797-0007,5639,4992,,1.16,12,0.5,0.16666666666666666,0.08333333333333333,-0.01515022398612099,-0.14404209194718043,7.830991425314707,2,2.0,1.5,1.5,HUBERT_BASE,6
3570-5695-0001_672-122797-0050__T1__SCV3FIX__VOICE-3570_CONTENT-672-672-122797-0050,3570,672,,-35.76,8,1.0,1.0,1.0,-0.0534782797729387,-0.07903212724418862,-34.29595613126146,1,4.0,4.0,0.0,HUBERT_BASE,6
6930-81414-0003_7127-75946-0021__T2__SCV3FIX__VOICE-7127_CONTENT-6930-6930-81414-0003,7127,6930,,-18.42,5,1.0,1.0,1.0,-0.11129322266710107,-0.2942106603097959,-24.763837491308294,1,2.5,2.5,0.0,HUBERT_BASE,6
7176-88083-0019_61-70968-0019__T1__SCV3FIX__VOICE-7176_CONTENT-61-61-70968-0019,7176,61,,-4.62,9,0.0,0.2222222222222222,0.0,0.0546144120702217,0.00711364168348938,3.0466762380422687,0,0.0,0.0,-1.0,HUBERT_BASE,6
4077-13754-0000_6930-76324-0025__T2__SCV3FIX__VOICE-6930_CONTENT-4077-4077-13754-0000,6930,4077,,-17.35,7,1.0,1.0,1.0,-0.08397435581853928,-0.11622722425114285,-29.829617501139825,1,3.5,3.5,0.0,HUBERT_BASE,6
5639-40744-0036_8224-274381-0003__T1__SCV3FIX__VOICE-5639_CONTENT-8224-8224-274381-0003,5639,8224,,-17.3,22,1.0,1.0,1.0,-0.09822132255199038,-0.1981312836522262,-37.84655343303158,1,11.0,11.0,0.0,HUBERT_BASE,6
3575-170457-0051_121-121726-0008__T2__SCV3FIX__VOICE-121_CONTENT-3575-3575-170457-0051,121,3575,,16.1,7,0.2857142857142857,0.0,0.0,0.050167053054554635,-0.03069555880998598,31.91967964465351,0,0.0,0.0,-1.0,HUBERT_BASE,6
61-70968-0053_8463-287645-0001__T1__SCV3FIX__VOICE-61_CONTENT-8463-8463-287645-0001,61,8463,,11.4,6,0.0,0.0,0.0,0.11932120818311916,0.07330894323596959,31.93639936586941,0,0.0,0.0,-1.0,HUBERT_BASE,6
908-157963-0027_5105-28240-0008__T1__SCV3FIX__VOICE-908_CONTENT-5105-5105-28240-0008,908,5105,,11.63,9,0.1111111111111111,0.0,0.0,0.09597490492441249,-0.0007310509535491949,30.46902176568132,0,0.0,0.0,-1.0,HUBERT_BASE,6
3570-5695-0011_4507-16021-0056__T2__SCV3FIX__VOICE-4507_CONTENT-3570-3570-5695-0011,4507,3570,,17.01,11,0.09090909090909091,0.0,0.0,0.043074823325891035,-0.015387058867455616,30.19171397325422,0,0.0,0.0,-1.0,HUBERT_BASE,6
672-122797-0072_4507-16021-0034__T1__SCV3FIX__VOICE-672_CONTENT-4507-4507-16021-0034,672,4507,,13.79,13,0.0,0.0,0.0,0.1602387832457666,0.08922177906536577,48.250788090399006,0,0.0,0.0,-1.0,HUBERT_BASE,6
6829-68769-0032_8224-274384-0000__T2__SCV3FIX__VOICE-8224_CONTENT-6829-6829-68769-0032,8224,6829,,11.73,10,0.2,0.0,0.0,0.03476822514945917,-0.022450089005649043,28.349244130221894,0,0.0,0.0,-1.0,HUBERT_BASE,6
4446-2273-0021_7176-92135-0024__T1__SCV3FIX__VOICE-4446_CONTENT-7176-7176-92135-0024,4446,7176,,-28.35,7,0.8571428571428571,1.0,0.8571428571428571,-0.05918213470947607,-0.1115269109073097,-37.71037318752219,2,2.0,1.5,0.0,HUBERT_BASE,6
4970-29093-0018_1284-1180-0012__T1__SCV3FIX__VOICE-4970_CONTENT-1284-1284-1180-0012,4970,1284,,2.8,7,0.5714285714285714,0.2857142857142857,0.14285714285714285,-0.010939011306653978,-0.14209336605159906,3.163306492626721,1,1.0,1.0,1.0,HUBERT_BASE,6
7729-102255-0037_8463-294828-0000__T1__SCV3FIX__VOICE-7729_CONTENT-8463-8463-294828-0000,7729,8463,,9.49,6,0.0,0.0,0.0,0.22067897965331218,0.12439734236338862,37.56597849909725,0,0.0,0.0,-1.0,HUBERT_BASE,6
4077-13751-0017_4446-2275-0040__T2__SCV3FIX__VOICE-4446_CONTENT-4077-4077-13751-0017,4446,4077,,-31.03,9,1.0,1.0,1.0,-0.07536154339193019,-0.12324773496264063,-37.26237332619118,1,4.5,4.5,0.0,HUBERT_BASE,6
8463-294828-0020_1580-141083-0021__T2__SCV3FIX__VOICE-1580_CONTENT-8463-8463-294828-0020,1580,8463,,-17.11,6,1.0,1.0,1.0,-0.07723330272352773,-0.10752851196813173,-34.92902982844311,1,3.0,3.0,0.0,HUBERT_BASE,6
4507-16021-0028_237-134493-0001__T1__SCV3FIX__VOICE-4507_CONTENT-237-237-134493-0001,4507,237,,21.48,5,0.0,0.0,0.0,0.07913185378625331,0.032715027718502876,45.86008958607354,0,0.0,0.0,-1.0,HUBERT_BASE,6
8230-279154-0005_5683-32866-0002__T2__SCV3FIX__VOICE-5683_CONTENT-8230-8230-279154-0005,5683,8230,,11.96,9,0.0,0.0,0.0,0.11613660020627375,0.08308577371365078,46.10416080135734,0,0.0,0.0,-1.0,HUBERT_BASE,6
121-127105-0026_7127-75946-0017__T1__SCV3FIX__VOICE-121_CONTENT-7127-7127-75946-0017,121,7127,,-22.62,14,1.0,1.0,1.0,-0.09795720302084486,-0.1524681995776621,-30.704026125208948,1,7.0,7.0,0.0,HUBERT_BASE,6
1995-1826-0022_5683-32879-0014__T1__SCV3FIX__VOICE-1995_CONTENT-5683-5683-32879-0014,1995,5683,,-17.31,8,0.875,0.75,0.625,-0.08651961546119863,-0.2101944172182606,-22.603058772874714,2,2.0,1.75,0.0,HUBERT_BASE,6
5142-36377-0003_1320-122612-0014__T1__SCV3FIX__VOICE-5142_CONTENT-1320-1320-122612-0014,5142,1320,,-19.07,6,1.0,1.0,1.0,-0.10184885248369051,-0.19316356987864147,-35.198113129771755,1,3.0,3.0,0.0,HUBERT_BASE,6
1320-122617-0041_1580-141083-0003__T1__SCV3FIX__VOICE-1320_CONTENT-1580-1580-141083-0003,1320,1580,,12.0,7,0.0,0.0,0.0,0.09883633715363513,0.028831896396296353,46.892181500725755,0,0.0,0.0,-1.0,HUBERT_BASE,6
1320-122617-0002_8455-210777-0028__T1__SCV3FIX__VOICE-1320_CONTENT-8455-8455-210777-0028,1320,8455,,4.88,13,0.46153846153846156,0.46153846153846156,0.38461538461538464,0.019870212836625864,-0.11177893383125193,3.6287656936870194,1,2.0,2.0,3.0,HUBERT_BASE,6
5683-32879-0009_7176-88083-0020__T2__SCV3FIX__VOICE-7176_CONTENT-5683-5683-32879-0009,7176,5683,,16.6,9,0.0,0.0,0.0,0.10499767039709366,0.0450475206902361,42.11169673926975,0,0.0,0.0,-1.0,HUBERT_BASE,6
908-157963-0027_7127-75947-0037__T2__SCV3FIX__VOICE-7127_CONTENT-908-908-157963-0027,7127,908,,-16.49,9,0.8888888888888888,1.0,0.8888888888888888,-0.059110283181604856,-0.15407216055687045,-23.494258951747458,2,2.0,2.0,0.0,HUBERT_BASE,6
2830-3980-0018_260-123286-0006__T2__SCV3FIX__VOICE-260_CONTENT-2830-2830-3980-0018,260,2830,,-10.2,5,0.8,0.8,0.6,-0.05361097953516951,-0.12458044041381722,-19.081480253633465,1,1.5,1.5,0.0,HUBERT_BASE,6
8463-294825-0001_5639-40744-0013__T2__SCV3FIX__VOICE-5639_CONTENT-8463-8463-294825-0001,5639,8463,,9.4,12,0.0,0.0,0.0,0.06010726712682792,0.008382142421704875,28.073935398281204,0,0.0,0.0,-1.0,HUBERT_BASE,6
8224-274384-0009_3575-170457-0048__T2__SCV3FIX__VOICE-3575_CONTENT-8224-8224-274384-0009,3575,8224,,-23.91,8,1.0,1.0,1.0,-0.10936929423559348,-0.23438979123482884,-43.651402015357675,1,4.0,4.0,0.0,HUBERT_BASE,6
8455-210777-0050_1089-134686-0009__T1__SCV3FIX__VOICE-8455_CONTENT-1089-1089-134686-0009,8455,1089,,-3.83,6,0.3333333333333333,0.8333333333333334,0.3333333333333333,0.07917138989303095,-0.03632587338310078,-7.966065679427544,0,0.0,0.0,-1.0,HUBERT_BASE,6
1580-141084-0002_7127-75947-0027__T2__SCV3FIX__VOICE-7127_CONTENT-1580-1580-141084-0002,7127,1580,,6.99,10,0.0,0.0,0.0,0.09934371956446746,0.022489784114169353,35.01980774314566,0,0.0,0.0,-1.0,HUBERT_BASE,6
1089-134686-0008_672-122797-0007__T2__SCV3FIX__VOICE-672_CONTENT-1089-1089-134686-0008,672,1089,,-1.28,11,0.6363636363636364,0.6363636363636364,0.45454545454545453,-0.036063712208962255,-0.2407138877622722,-3.73058158359169,2,1.5,1.25,0.5,HUBERT_BASE,6
5142-36377-0002_6930-75918-0002__T1__SCV3FIX__VOICE-5142_CONTENT-6930-6930-75918-0002,5142,6930,,-6.23,9,0.4444444444444444,0.5555555555555556,0.2222222222222222,0.01205150148016808,-0.06413018957446026,-1.052046100290992,1,1.5,1.5,3.0,HUBERT_BASE,6
4507-16021-0013_1320-122617-0017__T2__SCV3FIX__VOICE-1320_CONTENT-4507-4507-16021-0013,1320,4507,,13.45,10,0.0,0.0,0.0,0.10040498374446105,0.04984569843718478,40.426914059439575,0,0.0,0.0,-1.0,HUBERT_BASE,6
237-126133-0004_672-122797-0000__T2__SCV3FIX__VOICE-672_CONTENT-237-237-126133-0004,672,237,,13.55,5,0.0,0.0,0.0,0.09230676440793353,0.04238665019139054,30.22224523510197,0,0.0,0.0,-1.0,HUBERT_BASE,6
1995-1836-0003_4992-41806-0011__T1__SCV3FIX__VOICE-1995_CONTENT-4992-4992-41806-0011,1995,4992,,-17.29,14,0.9285714285714286,1.0,0.9285714285714286,-0.04086676639513221,-0.08832770409358393,-24.219962308467586,2,4.5,3.25,0.0,HUBERT_BASE,6
1188-133604-0038_1995-1837-0012__T1__SCV3FIX__VOICE-1188_CONTENT-1995-1995-1837-0012,1188,1995,,11.86,9,0.0,0.0,0.0,0.13166227701719485,0.0629016231057119,42.18115021106186,0,0.0,0.0,-1.0,HUBERT_BASE,6
61-70970-0003_2830-3980-0032__T2__SCV3FIX__VOICE-2830_CONTENT-61-61-70970-0003,2830,61,,4.55,6,0.16666666666666666,0.0,0.0,0.05666479430998935,-0.009735524459677958,30.111002458568095,0,0.0,0.0,-1.0,HUBERT_BASE,6
1995-1837-0010_5639-40744-0033__T1__SCV3FIX__VOICE-1995_CONTENT-5639-5639-40744-0033,1995,5639,,-19.05,5,1.0,1.0,1.0,-0.0912811648308616,-0.12750143503776845,-28.02442299864962,1,2.5,2.5,0.0,HUBERT_BASE,6
2961-960-0015_8555-284449-0001__T1__SCV3FIX__VOICE-2961_CONTENT-8555-8555-284449-0001,2961,8555,,-0.65,14,0.2857142857142857,0.42857142857142855,0.21428571428571427,0.01151998368878925,-0.22111148517839818,1.9013533892327712,1,1.0,1.0,2.5,HUBERT_BASE,6
5683-32866-0009_6829-68769-0020__T1__SCV3FIX__VOICE-5683_CONTENT-6829-6829-68769-0020,5683,6829,,10.87,9,0.0,0.0,0.0,0.09792339851741302,0.047078791512196294,39.46809810257397,0,0.0,0.0,-1.0,HUBERT_BASE,6
260-123286-0025_1284-1181-0019__T1__SCV3FIX__VOICE-260_CONTENT-1284-1284-1181-0019,260,1284,,10.17,5,0.0,0.0,0.0,0.08160146323837944,0.0608171797704935,33.661760210268916,0,0.0,0.0,-1.0,HUBERT_BASE,6
237-134500-0000_1284-1180-0012__T2__SCV3FIX__VOICE-1284_CONTENT-237-237-134500-0000,1284,237,,7.84,7,0.2857142857142857,0.14285714285714285,0.14285714285714285,0.025947679318353956,-0.055430172765297936,16.016154292939284,1,1.0,1.0,2.0,HUBERT_BASE,6
4077-13751-0009_908-31957-0007__T1__SCV3FIX__VOICE-4077_CONTENT-908-908-31957-0007,4077,908,,-17.82,10,0.8,1.0,0.8,-0.0454151504260372,-0.08747774897218497,-16.34263066479581,2,2.5,2.0,0.0,HUBERT_BASE,6
1995-1837-0013_3570-5694-0008__T2__SCV3FIX__VOICE-3570_CONTENT-1995-1995-1837-0013,3570,1995,,12.02,5,0.0,0.0,0.0,0.10624786014140888,0.08682042704155013,45.045629299430814,0,0.0,0.0,-1.0,HUBERT_BASE,6
121-121726-0012_2830-3980-0020__T2__SCV3FIX__VOICE-2830_CONTENT-121-121-121726-0012,2830,121,,7.06,5,0.0,0.0,0.0,0.1128774649515883,0.05923098207267408,32.509923451587824,0,0.0,0.0,-1.0,HUBERT_BASE,6
5683-32865-0011_4970-29095-0035__T2__SCV3FIX__VOICE-4970_CONTENT-5683-5683-32865-0011,4970,5683,,-0.51,8,0.625,0.25,0.125,0.013422072979839994,-0.09471344758388045,2.6861705144536505,2,1.0,1.0,1.0,HUBERT_BASE,6
4970-29095-0014_7127-75947-0022__T2__SCV3FIX__VOICE-7127_CONTENT-4970-4970-29095-0014,7127,4970,,10.94,5,0.0,0.0,0.0,0.09998429197420791,0.03591514593790601,30.049817103127772,0,0.0,0.0,-1.0,HUBERT_BASE,6
908-157963-0021_8463-287645-0001__T1__SCV3FIX__VOICE-908_CONTENT-8463-8463-287645-0001,908,8463,,10.36,5,0.0,0.0,0.0,0.08645027908045126,0.05497921285537877,55.16286902615654,0,0.0,0.0,-1.0,HUBERT_BASE,6
1089-134691-0025_5105-28233-0004__T1__SCV3FIX__VOICE-1089_CONTENT-5105-5105-28233-0004,1089,5105,,-8.41,8,0.375,0.625,0.25,-0.002690662498856647,-0.11409461270071275,-3.4846454408834404,1,1.0,1.0,1.0,HUBERT_BASE,6
2830-3980-0038_121-127105-0007__T1__SCV3FIX__VOICE-2830_CONTENT-121-121-127105-0007,2830,121,,7.33,10,0.3,0.0,0.0,0.03616299574549555,-0.07622975412912925,27.25828366187299,1,1.0,1.0,2.5,HUBERT_BASE,6
1580-141083-0038_672-122797-0029__T2__SCV3FIX__VOICE-672_CONTENT-1580-1580-141083-0038,672,1580,,11.46,5,0.0,0.0,0.0,0.07357579391973512,0.023953437326107108,30.03874570146751,0,0.0,0.0,-1.0,HUBERT_BASE,6
6829-68769-0032_1995-1826-0005__T2__SCV3FIX__VOICE-1995_CONTENT-6829-6829-68769-0032,1995,6829,,9.02,9,0.0,0.0,0.0,0.07579952240385876,0.00275044964145732,35.01964539911661,0,0.0,0.0,-1.0,HUBERT_BASE,6
4992-41806-0009_1188-133604-0001__T2__SCV3FIX__VOICE-1188_CONTENT-4992-4992-41806-0009,1188,4992,,14.42,6,0.0,0.0,0.0,0.09852807186906339,0.04727434688596621,36.57012375921523,0,0.0,0.0,-1.0,HUBERT_BASE,6
1089-134691-0014_7127-75947-0023__T1__SCV3FIX__VOICE-1089_CONTENT-7127-7127-75947-0023,1089,7127,,8.73,8,0.125,0.0,0.0,0.056183240742517376,-0.016275988104739625,24.66879544317503,0,0.0,0.0,-1.0,HUBERT_BASE,6
260-123288-0013_6930-76324-0013__T2__SCV3FIX__VOICE-6930_CONTENT-260-260-123288-0013,6930,260,,10.03,7,0.2857142857142857,0.0,0.0,0.049335174055267404,-0.02179466576101774,20.71374883549094,1,1.0,1.0,0.5,HUBERT_BASE,6
2830-3980-0037_1089-134691-0023__T2__SCV3FIX__VOICE-1089_CONTENT-2830-2830-3980-0037,1089,2830,,-7.76,11,0.45454545454545453,0.7272727272727273,0.36363636363636365,0.03316080120806378,-0.0631958233591915,-4.781289507763668,2,1.5,1.25,0.0,HUBERT_BASE,6
5105-28240-0005_6829-68769-0010__T2__SCV3FIX__VOICE-6829_CONTENT-5105-5105-28240-0005,6829,5105,,-22.79,5,1.0,1.0,1.0,-0.10875852211044786,-0.14277023642447562,-32.80683407343162,1,2.5,2.5,0.0,HUBERT_BASE,6
4970-29095-0038_5105-28240-0024__T1__SCV3FIX__VOICE-4970_CONTENT-5105-5105-28240-0024,4970,5105,,-26.53,15,1.0,1.0,1.0,-0.11817437371944733,-0.18776508309318884,-38.50415034456361,1,7.5,7.5,0.0,HUBERT_BASE,6
4077-13751-0010_2830-3980-0006__T2__SCV3FIX__VOICE-2830_CONTENT-4077-4077-13751-0010,2830,4077,,6.34,11,0.0,0.0,0.0,0.08840979501025761,0.007330298714080974,36.379529183372135,0,0.0,0.0,-1.0,HUBERT_BASE,6
260-123440-0019_121-121726-0010__T2__SCV3FIX__VOICE-121_CONTENT-260-260-123440-0019,121,260,,-22.84,11,1.0,1.0,1.0,-0.12371503901039148,-0.2338313563648453,-41.582616015384765,1,5.5,5.5,0.0,HUBERT_BASE,6
7127-75946-0015_1580-141083-0025__T2__SCV3FIX__VOICE-1580_CONTENT-7127-7127-75946-0015,1580,7127,,-27.8,6,1.0,1.0,1.0,-0.08525531447161111,-0.1846724234695467,-37.676904356674484,1,3.0,3.0,0.0,HUBERT_BASE,6
2830-3980-0009_260-123286-0015__T1__SCV3FIX__VOICE-2830_CONTENT-260-260-123286-0015,2830,260,,4.76,6,0.6666666666666666,0.3333333333333333,0.3333333333333333,0.010266650916173367,-0.0516230988163926,15.497414701193335,1,1.5,1.5,0.0,HUBERT_BASE,6
260-123440-0020_3570-5694-0021__T2__SCV3FIX__VOICE-3570_CONTENT-260-260-123440-0020,3570,260,,-23.59,8,1.0,1.0,1.0,-0.059511431488078484,-0.14986639621067588,-31.07997784100307,1,4.0,4.0,0.0,HUBERT_BASE,6
4992-41806-0001_7127-75947-0028__T1__SCV3FIX__VOICE-4992_CONTENT-7127-7127-75947-0028,4992,7127,,-22.09,13,1.0,1.0,1.0,-0.09118644879049456,-0.15198128449595616,-39.01984791165776,1,6.5,6.5,0.0,HUBERT_BASE,6
1995-1837-0007_61-70970-0010__T1__SCV3FIX__VOICE-1995_CONTENT-61-61-70970-0010,1995,61,,-23.02,5,1.0,1.0,1.0,-0.13093721322427873,-0.18544901151792115,-31.268756598730818,1,2.5,2.5,0.0,HUBERT_BASE,6
1580-141083-0049_8224-274384-0000__T2__SCV3FIX__VOICE-8224_CONTENT-1580-1580-141083-0049,8224,1580,,8.88,6,0.0,0.0,0.0,0.09175139485059484,0.05775158869451624,42.126741194682786,0,0.0,0.0,-1.0,HUBERT_BASE,6
1188-133604-0029_8455-210777-0003__T2__SCV3FIX__VOICE-8455_CONTENT-1188-1188-133604-0029,8455,1188,,-5.45,6,0.8333333333333334,1.0,0.8333333333333334,-0.097033533018358,-0.29398269625535456,-26.301985411234117,1,2.0,2.0,1.0,HUBERT_BASE,6
6829-68769-0004_5105-28240-0009__T1__SCV3FIX__VOICE-6829_CONTENT-5105-5105-28240-0009,6829,5105,,-24.67,13,1.0,1.0,1.0,-0.08362725494408069,-0.12635034070037976,-38.53267010963819,1,6.5,6.5,0.0,HUBERT_BASE,6
4446-2273-0005_1221-135766-0009__T2__SCV3FIX__VOICE-1221_CONTENT-4446-4446-2273-0005,1221,4446,,-1.98,7,0.42857142857142855,0.8571428571428571,0.42857142857142855,-0.0207459761357052,-0.14508658357364068,-11.282614908651704,1,1.5,1.5,1.5,HUBERT_BASE,6
3575-170457-0056_1320-122617-0024__T1__SCV3FIX__VOICE-3575_CONTENT-1320-1320-122617-0024,3575,1320,,-15.53,5,1.0,1.0,1.0,-0.07392631598978545,-0.10503565819774796,-29.07593522178409,1,2.5,2.5,0.0,HUBERT_BASE,6
1580-141083-0041_3729-6852-0028__T2__SCV3FIX__VOICE-3729_CONTENT-1580-1580-141083-0041,3729,1580,,-10.28,6,0.5,0.5,0.5,0.02226062607962448,-0.027273415973696702,-6.245652927833315,1,1.5,1.5,1.0,HUBERT_BASE,6
5142-33396-0009_2961-961-0021__T2__SCV3FIX__VOICE-2961_CONTENT-5142-5142-33396-0009,2961,5142,,8.3,5,0.0,0.0,0.0,0.07315780174052577,0.03557151011550597,21.64574493876333,0,0.0,0.0,-1.0,HUBERT_BASE,6
121-127105-0011_4970-29095-0009__T1__SCV3FIX__VOICE-121_CONTENT-4970-4970-29095-0009,121,4970,,-26.93,10,0.7,1.0,0.7,-0.03729544748630379,-0.12261569985584608,-29.96542297852104,2,2.5,1.75,0.0,HUBERT_BASE,6
6829-68771-0004_2961-961-0000__T1__SCV3FIX__VOICE-6829_CONTENT-2961-2961-961-0000,6829,2961,,-5.58,8,0.75,1.0,0.75,-0.03615594207503556,-0.13245703619187965,-14.22516881650805,1,3.0,3.0,1.0,HUBERT_BASE,6
6829-68769-0012_8463-294828-0001__T1__SCV3FIX__VOICE-6829_CONTENT-8463-8463-294828-0001,6829,8463,,-27.48,7,1.0,1.0,1.0,-0.056248544741720884,-0.11781984194120554,-32.23706297716716,1,3.5,3.5,0.0,HUBERT_BASE,6
1995-1826-0011_8463-287645-0014__T1__SCV3FIX__VOICE-1995_CONTENT-8463-8463-287645-0014,1995,8463,,6.94,5,0.0,0.0,0.0,0.10639147246434702,0.01862430646270674,26.66479754755891,0,0.0,0.0,-1.0,HUBERT_BASE,6
6930-81414-0002_7021-85628-0023__T1__SCV3FIX__VOICE-6930_CONTENT-7021-7021-85628-0023,6930,7021,,16.08,5,0.0,0.0,0.0,0.08471592545770326,0.06230724104645258,34.5105375947339,0,0.0,0.0,-1.0,HUBERT_BASE,6
1284-1180-0018_4446-2275-0035__T1__SCV3FIX__VOICE-1284_CONTENT-4446-4446-2275-0035,1284,4446,,8.01,7,0.0,0.0,0.0,0.08952880015580918,0.059088290900520035,47.14607725449863,0,0.0,0.0,-1.0,HUBERT_BASE,6
3575-170457-0005_7127-75947-0024__T1__SCV3FIX__VOICE-3575_CONTENT-7127-7127-75947-0024,3575,7127,,-31.7,13,1.0,1.0,1.0,-0.08807459669190972,-0.21888133283663957,-41.421983103165296,1,6.5,6.5,0.0,HUBERT_BASE,6
260-123440-0013_8230-279154-0016__T2__SCV3FIX__VOICE-8230_CONTENT-260-260-123440-0013,8230,260,,9.86,5,0.6,0.0,0.0,-0.028443823286741686,-0.1342411580245304,13.300680870335293,1,1.0,1.0,1.5,HUBERT_BASE,6
4446-2275-0000_6930-76324-0028__T1__SCV3FIX__VOICE-4446_CONTENT-6930-6930-76324-0028,4446,6930,,-16.35,11,1.0,1.0,1.0,-0.053797579749646385,-0.09411829379919778,-21.006124217805965,1,5.5,5.5,0.0,HUBERT_BASE,6
1320-122617-0025_260-123440-0019__T1__SCV3FIX__VOICE-1320_CONTENT-260-260-123440-0019,1320,260,,2.91,11,0.5454545454545454,0.5454545454545454,0.45454545454545453,-0.014365777577109017,-0.10671878002949775,1.8020366408809358,2,1.5,1.25,2.0,HUBERT_BASE,6
7021-85628-0020_8463-287645-0011__T2__SCV3FIX__VOICE-8463_CONTENT-7021-7021-85628-0020,8463,7021,,-20.03,11,1.0,1.0,1.0,-0.1055374114721268,-0.18007404512043002,-46.16594254901868,1,5.5,5.5,0.0,HUBERT_BASE,6
672-122797-0032_3570-5696-0005__T2__SCV3FIX__VOICE-3570_CONTENT-672-672-122797-0032,3570,672,,-30.37,7,1.0,1.0,1.0,-0.10517021896453153,-0.1537466018445015,-43.951761781348594,1,3.5,3.5,0.0,HUBERT_BASE,6
237-134500-0023_4992-41806-0006__T2__SCV3FIX__VOICE-4992_CONTENT-237-237-134500-0023,4992,237,,8.18,5,0.0,0.0,0.0,0.05538429236199978,0.02086818300878901,19.135062928023093,0,0.0,0.0,-1.0,HUBERT_BASE,6
3575-170457-0044_6930-81414-0021__T1__SCV3FIX__VOICE-3575_CONTENT-6930-6930-81414-0021,3575,6930,,-27.85,5,1.0,1.0,1.0,-0.11218721192949324,-0.1821401787414597,-37.41234304574569,1,2.5,2.5,0.0,HUBERT_BASE,6
6829-68769-0025_672-122797-0066__T2__SCV3FIX__VOICE-672_CONTENT-6829-6829-68769-0025,672,6829,,10.71,8,0.0,0.0,0.0,0.11124949389849584,0.06567633384233063,34.53886388262993,0,0.0,0.0,-1.0,HUBERT_BASE,6
61-70968-0005_1284-1180-0015__T2__SCV3FIX__VOICE-1284_CONTENT-61-61-70968-0005,1284,61,,-24.83,9,1.0,1.0,1.0,-0.09772861679673127,-0.1296398613750982,-35.608698852897355,1,4.5,4.5,0.0,HUBERT_BASE,6
7176-88083-0025_1089-134686-0033__T1__SCV3FIX__VOICE-7176_CONTENT-1089-1089-134686-0033,7176,1089,,-12.77,5,0.6,0.8,0.6,-0.0031055600380063943,-0.051273944024399776,-13.21362871136651,1,1.0,1.0,0.0,HUBERT_BASE,6
260-123286-0001_8455-210777-0023__T1__SCV3FIX__VOICE-260_CONTENT-8455-8455-210777-0023,260,8455,,0.51,5,1.0,0.8,0.8,-0.0719288436286489,-0.14630019225899416,-3.0494133046064187,1,2.5,2.5,0.0,HUBERT_BASE,6
4992-41797-0017_672-122797-0043__T2__SCV3FIX__VOICE-672_CONTENT-4992-4992-41797-0017,672,4992,,17.27,6,0.3333333333333333,0.0,0.0,0.02806615890003387,-0.05072140592221741,31.177334308188733,1,1.0,1.0,2.0,HUBERT_BASE,6
260-123440-0020_3570-5694-0021__T1__SCV3FIX__VOICE-260_CONTENT-3570-3570-5694-0021,260,3570,,11.61,8,0.0,0.0,0.0,0.06070078201418254,0.009444773571230969,31.44085294024609,0,0.0,0.0,-1.0,HUBERT_BASE,6
1995-1836-0009_4507-16021-0034__T1__SCV3FIX__VOICE-1995_CONTENT-4507-4507-16021-0034,1995,4507,,17.66,12,0.25,0.0,0.0,0.032674322174079,-0.02902376766711512,31.53511361334638,1,1.0,1.0,1.5,HUBERT_BASE,6
1995-1837-0027_1089-134686-0017__T2__SCV3FIX__VOICE-1089_CONTENT-1995-1995-1837-0027,1089,1995,,17.15,12,0.0,0.0,0.0,0.11202834712593301,0.05022925038015014,33.887582991109106,0,0.0,0.0,-1.0,HUBERT_BASE,6
8230-279154-0030_61-70970-0030__T1__SCV3FIX__VOICE-8230_CONTENT-61-61-70970-0030,8230,61,,12.33,5,1.0,0.0,0.0,-0.022318565805432122,-0.03935282051337019,20.67180519416828,1,2.5,2.5,0.0,HUBERT_BASE,6
121-127105-0036_2961-960-0012__T1__SCV3FIX__VOICE-121_CONTENT-2961-2961-960-0012,121,2961,,-7.4,7,0.8571428571428571,1.0,0.8571428571428571,-0.07367901342335278,-0.2033408814742661,-17.514494605895763,1,2.5,2.5,0.0,HUBERT_BASE,6
6829-68769-0011_8463-287645-0003__T2__SCV3FIX__VOICE-8463_CONTENT-6829-6829-68769-0011,8463,6829,,13.5,8,0.0,0.0,0.0,0.07332987157753201,0.04264725151585491,29.15661717147024,0,0.0,0.0,-1.0,HUBERT_BASE,6
3575-170457-0007_121-121726-0011__T2__SCV3FIX__VOICE-121_CONTENT-3575-3575-170457-0007,121,3575,,-10.44,7,1.0,0.5714285714285714,0.5714285714285714,-0.09550921585711966,-0.14876091889640497,-13.017838126553771,1,3.5,3.5,0.0,HUBERT_BASE,6
1320-122612-0007_2300-131720-0005__T1__SCV3FIX__VOICE-1320_CONTENT-2300-2300-131720-0005,1320,2300,,-5.12,10,0.5,0.6,0.3,0.011893575965683212,-0.11843436719536915,-2.8509693854112506,2,1.5,1.25,1.0,HUBERT_BASE,6
1320-122617-0021_5105-28233-0002__T2__SCV3FIX__VOICE-5105_CONTENT-1320-1320-122617-0021,5105,1320,,-21.01,9,1.0,1.0,1.0,-0.11806312551780011,-0.31572428918904694,-36.20535531427707,1,4.5,4.5,0.0,HUBERT_BASE,6
7176-88083-0003_1089-134686-0012__T2__SCV3FIX__VOICE-1089_CONTENT-7176-7176-88083-0003,1089,7176,,3.29,14,0.35714285714285715,0.0,0.0,0.022502398108074567,-0.1144662696742218,23.316474627966723,1,1.5,1.5,2.0,HUBERT_BASE,6
4992-41797-0017_672-122797-0043__T1__SCV3FIX__VOICE-4992_CONTENT-672-672-122797-0043,4992,672,,-27.76,6,0.6666666666666666,1.0,0.6666666666666666,-0.02441300936408486,-0.09805775139160122,-29.230408775298653,1,2.0,2.0,0.0,HUBERT_BASE,6
5683-32866-0004_8224-274384-0009__T2__SCV3FIX__VOICE-8224_CONTENT-5683-5683-32866-0004,8224,5683,,8.83,8,0.0,0.0,0.0,0.11188138087315923,0.01667869057676552,40.77585903080622,0,0.0,0.0,-1.0,HUBERT_BASE,6
7127-75946-0027_908-31957-0014__T1__SCV3FIX__VOICE-7127_CONTENT-908-908-31957-0014,7127,908,,-13.54,14,0.7857142857142857,1.0,0.7857142857142857,-0.07736505516951807,-0.15680564070882796,-26.20796295304304,2,4.5,2.75,0.0,HUBERT_BASE,6
1580-141083-0008_5142-33396-0056__T2__SCV3FIX__VOICE-5142_CONTENT-1580-1580-141083-0008,5142,1580,,-12.45,5,1.0,1.0,1.0,-0.0589814189561777,-0.19123679017016781,-23.148251788653916,1,2.5,2.5,0.0,HUBERT_BASE,6
1320-122617-0017_6930-76324-0004__T1__SCV3FIX__VOICE-1320_CONTENT-6930-6930-76324-0004,1320,6930,,12.13,10,0.0,0.0,0.0,0.10145823117519677,0.018265971936317627,33.00820053950509,0,0.0,0.0,-1.0,HUBERT_BASE,6
4446-2273-0033_5683-32866-0020__T2__SCV3FIX__VOICE-5683_CONTENT-4446-4446-2273-0033,5683,4446,,1.62,5,0.0,0.0,0.0,0.03757600668104919,0.009365378013353909,22.624925270121174,0,0.0,0.0,-1.0,HUBERT_BASE,6
1284-1181-0016_1089-134686-0028__T2__SCV3FIX__VOICE-1089_CONTENT-1284-1284-1181-0016,1089,1284,,7.47,14,0.07142857142857142,0.0,0.0,0.06761347935475037,-0.016301269835401366,27.99306563339203,0,0.0,0.0,-1.0,HUBERT_BASE,6
672-122797-0060_237-134500-0015__T1__SCV3FIX__VOICE-672_CONTENT-237-237-134500-0015,672,237,,3.73,5,0.0,0.2,0.0,0.05325014335446956,0.003690838959956144,21.622594478564416,0,0.0,0.0,-1.0,HUBERT_BASE,6
2300-131720-0037_4970-29095-0001__T1__SCV3FIX__VOICE-2300_CONTENT-4970-4970-29095-0001,2300,4970,,13.15,14,0.0,0.0,0.0,0.112413712947771,0.029647532169002844,41.81348567557991,0,0.0,0.0,-1.0,HUBERT_BASE,6
8230-279154-0012_260-123288-0024__T2__SCV3FIX__VOICE-260_CONTENT-8230-8230-279154-0012,260,8230,,-0.63,6,0.16666666666666666,0.16666666666666666,0.16666666666666666,0.06109335990101159,-0.020540713853101744,11.460687527457294,0,0.0,0.0,-1.0,HUBERT_BASE,6
1580-141083-0013_237-134493-0004__T1__SCV3FIX__VOICE-1580_CONTENT-237-237-134493-0004,1580,237,,-7.16,7,1.0,1.0,1.0,-0.03610827068193566,-0.07754140645287122,-22.16048425741005,1,3.5,3.5,0.0,HUBERT_BASE,6
237-134493-0016_4446-2275-0031__T2__SCV3FIX__VOICE-4446_CONTENT-237-237-134493-0016,4446,237,,-15.44,5,0.8,1.0,0.8,-0.05460887142601643,-0.10914326796913898,-24.956594851798872,1,2.0,2.0,0.5,HUBERT_BASE,6
1284-1181-0016_1188-133604-0031__T2__SCV3FIX__VOICE-1188_CONTENT-1284-1284-1181-0016,1188,1284,,12.05,7,0.0,0.0,0.0,0.11775187989907203,0.03440957920100385,43.583413528317784,0,0.0,0.0,-1.0,HUBERT_BASE,6
6829-68771-0027_2961-960-0012__T1__SCV3FIX__VOICE-6829_CONTENT-2961-2961-960-0012,6829,2961,,-7.89,9,0.6666666666666666,0.7777777777777778,0.6666666666666666,-0.017564743023918132,-0.0627688216008333,-13.786703757513061,2,2.0,1.5,1.0,HUBERT_BASE,6
7021-85628-0012_8455-210777-0004__T1__SCV3FIX__VOICE-7021_CONTENT-8455-8455-210777-0004,7021,8455,,9.36,9,0.0,0.0,0.0,0.08379704956875408,0.02667337602674369,34.83462543343416,0,0.0,0.0,-1.0,HUBERT_BASE,6
5142-36377-0023_1320-122617-0019__T1__SCV3FIX__VOICE-5142_CONTENT-1320-1320-122617-0019,5142,1320,,-24.37,10,1.0,1.0,1.0,-0.09971041865425356,-0.1997049513693554,-42.15955965912677,1,5.0,5.0,0.0,HUBERT_BASE,6
3575-170457-0041_3570-5695-0010__T1__SCV3FIX__VOICE-3575_CONTENT-3570-3570-5695-0010,3575,3570,,13.07,8,0.0,0.0,0.0,0.05997290319457786,0.014259398548289393,33.96732004177216,0,0.0,0.0,-1.0,HUBERT_BASE,6
2830-3980-0075_4507-16021-0002__T2__SCV3FIX__VOICE-4507_CONTENT-2830-2830-3980-0075,4507,2830,,-29.38,5,1.0,1.0,1.0,-0.16448684762425617,-0.25467492158533334,-48.53225422908898,1,2.5,2.5,0.0,HUBERT_BASE,6
8455-210777-0050_1089-134686-0009__T2__SCV3FIX__VOICE-1089_CONTENT-8455-8455-210777-0050,1089,8455,,2.7,6,0.5,0.16666666666666666,0.16666666666666666,-0.06449422774497943,-0.25438093630337255,10.28219089822755,1,1.5,1.5,0.0,HUBERT_BASE,6
4970-29095-0032_1188-133604-0041__T2__SCV3FIX__VOICE-1188_CONTENT-4970-4970-29095-0032,1188,4970,,16.27,12,0.0,0.0,0.0,0.13028053330631564,0.03489662376660696,41.25023135324168,0,0.0,0.0,-1.0,HUBERT_BASE,6
260-123440-0013_1221-135767-0005__T1__SCV3FIX__VOICE-260_CONTENT-1221-1221-135767-0005,260,1221,,8.25,5,0.2,0.0,0.0,0.03354609058447933,-0.009394407644401026,29.55218464527507,0,0.0,0.0,-1.0,HUBERT_BASE,6
2830-3980-0007_5142-33396-0026__T2__SCV3FIX__VOICE-5142_CONTENT-2830-2830-3980-0007,5142,2830,,-17.75,5,0.8,1.0,0.8,-0.06862655244221912,-0.14312154462892301,-24.177261259891555,1,2.0,2.0,0.5,HUBERT_BASE,6
3575-170457-0012_6829-68769-0052__T2__SCV3FIX__VOICE-6829_CONTENT-3575-3575-170457-0012,6829,3575,,-4.51,8,0.125,0.25,0.0,0.028068193776599137,-0.021138306193146494,4.873406181617495,0,0.0,0.0,-1.0,HUBERT_BASE,6
2961-961-0005_1995-1837-0026__T1__SCV3FIX__VOICE-2961_CONTENT-1995-1995-1837-0026,2961,1995,,-8.34,6,0.5,1.0,0.5,0.0038370696361827252,-0.0403601497835393,-19.30684053868728,1,1.0,1.0,0.0,HUBERT_BASE,6
2830-3980-0025_1995-1826-0001__T1__SCV3FIX__VOICE-2830_CONTENT-1995-1995-1826-0001,2830,1995,,11.92,16,0.0,0.0,0.0,0.14631875926230986,0.06919789175874236,42.65061471656264,0,0.0,0.0,-1.0,HUBERT_BASE,6
260-123288-0004_3729-6852-0007__T2__SCV3FIX__VOICE-3729_CONTENT-260-260-123288-0004,3729,260,,-28.57,7,0.7142857142857143,1.0,0.7142857142857143,0.001595254999834848,-0.0343353145408023,-24.799629120353757,1,2.0,2.0,0.5,HUBERT_BASE,6
237-134493-0018_1284-1181-0019__T2__SCV3FIX__VOICE-1284_CONTENT-237-237-134493-0018,1284,237,,-2.72,5,0.0,0.6,0.0,0.03174078709398596,0.006320714824147311,-0.5847240447224067,0,0.0,0.0,-1.0,HUBERT_BASE,6
4446-2273-0002_7176-88083-0004__T1__SCV3FIX__VOICE-4446_CONTENT-7176-7176-88083-0004,4446,7176,,-26.56,5,1.0,1.0,1.0,-0.10598590977963991,-0.13341725400983417,-40.24728259061578,1,2.5,2.5,0.0,HUBERT_BASE,6
8555-292519-0004_260-123288-0002__T1__SCV3FIX__VOICE-8555_CONTENT-260-260-123288-0002,8555,260,,2.38,5,0.4,0.4,0.4,0.03347258807551816,-0.05047261613990062,1.9442127121420154,1,1.0,1.0,1.0,HUBERT_BASE,6
7127-75946-0006_3570-5696-0008__T1__SCV3FIX__VOICE-7127_CONTENT-3570-3570-5696-0008,7127,3570,,14.41,13,0.07692307692307693,0.0,0.0,0.062059776872903025,-0.020982861099202665,36.77706622759648,0,0.0,0.0,-1.0,HUBERT_BASE,6
7176-88083-0010_8455-210777-0065__T1__SCV3FIX__VOICE-7176_CONTENT-8455-8455-210777-0065,7176,8455,,-21.38,6,0.8333333333333334,1.0,0.8333333333333334,-0.04503431729145022,-0.09915447036798486,-26.07868131419507,1,2.0,2.0,0.0,HUBERT_BASE,6
7127-75946-0029_4992-23283-0009__T2__SCV3FIX__VOICE-4992_CONTENT-7127-7127-75946-0029,4992,7127,,-19.8,15,0.6666666666666666,1.0,0.6666666666666666,-0.03322579099965966,-0.14718859985452537,-17.518621197708374,2,3.0,2.0,1.5,HUBERT_BASE,6
1995-1836-0014_8455-210777-0025__T2__SCV3FIX__VOICE-8455_CONTENT-1995-1995-1836-0014,8455,1995,,13.71,6,0.0,0.0,0.0,0.1082632763349435,0.06798410765225704,36.687885031712476,0,0.0,0.0,-1.0,HUBERT_BASE,6
1284-1180-0031_7127-75947-0007__T1__SCV3FIX__VOICE-1284_CONTENT-7127-7127-75947-0007,1284,7127,,-23.09,8,1.0,1.0,1.0,-0.10366578207911362,-0.17768578816075342,-29.316599228946266,1,4.0,4.0,0.0,HUBERT_BASE,6
4992-41797-0022_3729-6852-0000__T1__SCV3FIX__VOICE-4992_CONTENT-3729-3729-6852-0000,4992,3729,,8.95,11,0.09090909090909091,0.0,0.0,0.06316823435504579,-0.011440696149064733,29.975701226574355,0,0.0,0.0,-1.0,HUBERT_BASE,6
4970-29093-0023_3575-170457-0040__T1__SCV3FIX__VOICE-4970_CONTENT-3575-3575-170457-0040,4970,3575,,-21.88,12,0.9166666666666666,1.0,0.9166666666666666,-0.06573873364423201,-0.1892778588288736,-29.54423719998601,1,5.0,5.0,0.0,HUBERT_BASE,6
8455-210777-0034_4970-29095-0008__T1__SCV3FIX__VOICE-8455_CONTENT-4970-4970-29095-0008,8455,4970,,10.65,5,0.0,0.0,0.0,0.13921227110940976,0.07159990278769701,34.4774448137377,0,0.0,0.0,-1.0,HUBERT_BASE,6
5683-32866-0018_1995-1837-0026__T1__SCV3FIX__VOICE-5683_CONTENT-1995-1995-1837-0026,5683,1995,,13.89,9,0.0,0.0,0.0,0.08928812755724126,0.044245719024753605,25.455714910711468,0,0.0,0.0,-1.0,HUBERT_BASE,6
3729-6852-0023_1089-134686-0032__T2__SCV3FIX__VOICE-1089_CONTENT-3729-3729-6852-0023,1089,3729,,10.19,7,0.0,0.0,0.0,0.0982489968075964,0.05360585337626911,38.285213556831465,0,0.0,0.0,-1.0,HUBERT_BASE,6
1995-1837-0010_5639-40744-0033__T2__SCV3FIX__VOICE-5639_CONTENT-1995-1995-1837-0010,5639,1995,,12.99,5,0.0,0.0,0.0,0.11052805037564728,0.04979360004019984,33.23418616647663,0,0.0,0.0,-1.0,HUBERT_BASE,6
5683-32866-0024_1580-141083-0031__T2__SCV3FIX__VOICE-1580_CONTENT-5683-5683-32866-0024,1580,5683,,-19.08,11,0.9090909090909091,1.0,0.9090909090909091,-0.07234273888879673,-0.15591078684836757,-31.293979909201155,1,5.0,5.0,0.5,HUBERT_BASE,6
1580-141083-0041_5142-36377-0024__T2__SCV3FIX__VOICE-5142_CONTENT-1580-1580-141083-0041,5142,1580,,-1.9,6,0.6666666666666666,0.5,0.5,-0.017691971004860512,-0.11817563752520721,-7.534334479218503,1,2.0,2.0,1.0,HUBERT_BASE,6
1221-135767-0010_1995-1837-0021__T1__SCV3FIX__VOICE-1221_CONTENT-1995-1995-1837-0021,1221,1995,,13.62,5,0.0,0.0,0.0,0.05801788585552348,0.02867639349285278,33.770864843466505,0,0.0,0.0,-1.0,HUBERT_BASE,6
2830-3980-0053_6930-81414-0020__T2__SCV3FIX__VOICE-6930_CONTENT-2830-2830-3980-0053,6930,2830,,-19.56,9,1.0,1.0,1.0,-0.08251024219637673,-0.15748333616002563,-31.943825457348723,1,4.5,4.5,0.0,HUBERT_BASE,6
8230-279154-0012_260-123286-0005__T1__SCV3FIX__VOICE-8230_CONTENT-260-260-123286-0005,8230,260,,10.22,6,0.3333333333333333,0.0,0.0,0.04807107595665374,-0.03123020487229855,33.094162924773855,1,1.0,1.0,1.0,HUBERT_BASE,6
2830-3980-0050_672-122797-0025__T1__SCV3FIX__VOICE-2830_CONTENT-672-672-122797-0025,2830,672,,-10.41,13,0.8461538461538461,0.7692307692307693,0.7692307692307693,-0.04485030134068665,-0.24464590326287527,-3.9197179812606255,2,3.0,2.75,0.0,HUBERT_BASE,6
7127-75947-0002_1089-134686-0015__T2__SCV3FIX__VOICE-1089_CONTENT-7127-7127-75947-0002,1089,7127,,9.44,5,0.2,0.0,0.0,0.0495691830330627,-0.013443873099532433,25.91620153041463,0,0.0,0.0,-1.0,HUBERT_BASE,6
7176-92135-0032_4970-29093-0011__T1__SCV3FIX__VOICE-7176_CONTENT-4970-4970-29093-0011,7176,4970,,12.29,5,0.0,0.0,0.0,0.0684359329357855,0.045440492292753376,43.92216940725973,0,0.0,0.0,-1.0,HUBERT_BASE,6
3575-170457-0010_8455-210777-0029__T2__SCV3FIX__VOICE-8455_CONTENT-3575-3575-170457-0010,8455,3575,,16.25,5,0.0,0.0,0.0,0.10821098077435365,0.07318592361383458,42.01111961608181,0,0.0,0.0,-1.0,HUBERT_BASE,6
2830-3979-0000_5142-36377-0004__T2__SCV3FIX__VOICE-5142_CONTENT-2830-2830-3979-0000,5142,2830,,-24.1,9,1.0,1.0,1.0,-0.11194490085288199,-0.19313644976581112,-43.98420299675828,1,4.5,4.5,0.0,HUBERT_BASE,6
260-123440-0011_3570-5694-0012__T1__SCV3FIX__VOICE-260_CONTENT-3570-3570-5694-0012,260,3570,,8.76,5,0.0,0.0,0.0,0.04840397918172723,0.035278326230245405,31.161967083457977,0,0.0,0.0,-1.0,HUBERT_BASE,6
260-123286-0023_2830-3980-0030__T2__SCV3FIX__VOICE-2830_CONTENT-260-260-123286-0023,2830,260,,11.48,9,0.0,0.0,0.0,0.10390029795509916,0.026969131545531155,33.16194516784946,0,0.0,0.0,-1.0,HUBERT_BASE,6
8463-294825-0004_4446-2271-0016__T2__SCV3FIX__VOICE-4446_CONTENT-8463-8463-294825-0004,4446,8463,,16.8,6,0.0,0.0,0.0,0.0654116455348925,0.03726320991975918,44.55909224301201,0,0.0,0.0,-1.0,HUBERT_BASE,6
7176-88083-0008_2830-3980-0048__T1__SCV3FIX__VOICE-7176_CONTENT-2830-2830-3980-0048,7176,2830,,6.31,5,0.0,0.0,0.0,0.045717428870473295,0.0024960601931992565,18.875317492484676,0,0.0,0.0,-1.0,HUBERT_BASE,6
1995-1837-0021_4970-29095-0026__T2__SCV3FIX__VOICE-4970_CONTENT-1995-1995-1837-0021,4970,1995,,-25.84,5,0.8,1.0,0.8,-0.05531168456249021,-0.18101586665730718,-27.47657955990211,1,1.5,1.5,1.0,HUBERT_BASE,6
7176-88083-0016_5639-40744-0019__T2__SCV3FIX__VOICE-5639_CONTENT-7176-7176-88083-0016,5639,7176,,1.89,6,0.5,0.3333333333333333,0.0,-0.009886442734677389,-0.08395642374666468,-0.46849300005381816,1,1.5,1.5,0.0,HUBERT_BASE,6
1995-1837-0016_1320-122617-0006__T2__SCV3FIX__VOICE-1320_CONTENT-1995-1995-1837-0016,1320,1995,,14.91,10,0.0,0.0,0.0,0.14039298052294255,0.10467505245666986,42.89044907958872,0,0.0,0.0,-1.0,HUBERT_BASE,6
6930-75918-0008_4970-29093-0013__T2__SCV3FIX__VOICE-4970_CONTENT-6930-6930-75918-0008,4970,6930,,-27.77,8,1.0,1.0,1.0,-0.0736705150635677,-0.0970193839957989,-33.81141381838542,1,4.0,4.0,0.0,HUBERT_BASE,6
4446-2271-0014_7127-75947-0029__T2__SCV3FIX__VOICE-7127_CONTENT-4446-4446-2271-0014,7127,4446,,13.23,9,0.0,0.0,0.0,0.05672631607272443,0.014354229541882813,30.64851827739824,0,0.0,0.0,-1.0,HUBERT_BASE,6
1995-1837-0022_4992-41797-0008__T1__SCV3FIX__VOICE-1995_CONTENT-4992-4992-41797-0008,1995,4992,,-22.11,5,1.0,1.0,1.0,-0.05987118534877145,-0.09488987384948977,-31.65778597207335,1,2.5,2.5,0.0,HUBERT_BASE,6
2300-131720-0037_7021-79740-0013__T2__SCV3FIX__VOICE-7021_CONTENT-2300-2300-131720-0037,7021,2300,,2.43,13,0.3076923076923077,0.07692307692307693,0.07692307692307693,0.04405719988993994,-0.08755547676874442,21.489360662953228,1,1.5,1.5,1.0,HUBERT_BASE,6
5683-32879-0006_6829-68771-0035__T1__SCV3FIX__VOICE-5683_CONTENT-6829-6829-68771-0035,5683,6829,,12.89,7,0.2857142857142857,0.0,0.0,0.0251067473432974,-0.010815143368902214,22.403354580164347,0,0.0,0.0,-1.0,HUBERT_BASE,6
1221-135767-0005_61-70970-0020__T2__SCV3FIX__VOICE-61_CONTENT-1221-1221-135767-0005,61,1221,,9.41,9,0.0,0.0,0.0,0.09800341711822844,0.04409116681198044,37.397873880389035,0,0.0,0.0,-1.0,HUBERT_BASE,6
5683-32879-0007_5142-33396-0019__T2__SCV3FIX__VOICE-5142_CONTENT-5683-5683-32879-0007,5142,5683,,-12.04,8,1.0,1.0,1.0,-0.06828259628126195,-0.12734026221108208,-23.483911578095118,1,4.0,4.0,0.0,HUBERT_BASE,6
1284-1180-0032_4992-23283-0004__T2__SCV3FIX__VOICE-4992_CONTENT-1284-1284-1180-0032,4992,1284,,-11.39,10,0.6,0.8,0.6,-0.0023636655833802365,-0.1298965854111641,-9.601640690461938,3,1.0,1.0,0.0,HUBERT_BASE,6
8230-279154-0008_8555-284447-0017__T2__SCV3FIX__VOICE-8555_CONTENT-8230-8230-279154-0008,8555,8230,,-25.1,6,1.0,1.0,1.0,-0.07329347194835117,-0.08954430193052243,-28.71622470268247,1,3.0,3.0,0.0,HUBERT_BASE,6
1580-141084-0016_61-70970-0026__T2__SCV3FIX__VOICE-61_CONTENT-1580-1580-141084-0016,61,1580,,9.43,9,0.0,0.0,0.0,0.10517925031175435,0.06836677007366487,43.912987612726305,0,0.0,0.0,-1.0,HUBERT_BASE,6
672-122797-0031_4992-23283-0014__T1__SCV3FIX__VOICE-672_CONTENT-4992-4992-23283-0014,672,4992,,9.16,5,0.4,0.4,0.2,0.012575896936454112,-0.04676001613079961,18.538985747594857,1,1.0,1.0,0.5,HUBERT_BASE,6
1284-1181-0004_61-70970-0038__T2__SCV3FIX__VOICE-61_CONTENT-1284-1284-1181-0004,61,1284,,10.01,13,0.0,0.0,0.0,0.11431264016925662,0.06414383759292663,30.629860087544856,0,0.0,0.0,-1.0,HUBERT_BASE,6
1580-141083-0039_3729-6852-0041__T1__SCV3FIX__VOICE-1580_CONTENT-3729-3729-6852-0041,1580,3729,,-26.55,6,1.0,1.0,1.0,-0.14026516037622005,-0.27515126364385023,-36.817041246451105,1,3.0,3.0,0.0,HUBERT_BASE,6
5105-28240-0004_2961-960-0021__T1__SCV3FIX__VOICE-5105_CONTENT-2961-2961-960-0021,5105,2961,,15.35,11,0.0,0.0,0.0,0.1499036796592964,0.09429414119368085,46.84008321290489,0,0.0,0.0,-1.0,HUBERT_BASE,6
7729-102255-0027_8463-294828-0017__T1__SCV3FIX__VOICE-7729_CONTENT-8463-8463-294828-0017,7729,8463,,11.54,10,0.0,0.0,0.0,0.12174978357428412,0.06704575088911835,46.89429616718349,0,0.0,0.0,-1.0,HUBERT_BASE,6
5683-32879-0002_2830-3980-0067__T1__SCV3FIX__VOICE-5683_CONTENT-2830-2830-3980-0067,5683,2830,,-28.59,15,0.9333333333333333,1.0,0.9333333333333333,-0.06672840151705335,-0.14686263189218707,-38.558399956188296,1,7.0,7.0,0.5,HUBERT_BASE,6
3570-5696-0002_5105-28240-0004__T2__SCV3FIX__VOICE-5105_CONTENT-3570-3570-5696-0002,5105,3570,,12.34,11,0.0,0.0,0.0,0.09004559259792774,0.03044402719907202,44.84729766733047,0,0.0,0.0,-1.0,HUBERT_BASE,6
61-70970-0004_4077-13754-0003__T2__SCV3FIX__VOICE-4077_CONTENT-61-61-70970-0004,4077,61,,-4.93,10,0.7,0.8,0.7,-0.053164680714265986,-0.17866242386105513,-12.17270371429999,2,2.5,1.75,1.0,HUBERT_BASE,6
1221-135767-0009_237-134500-0033__T1__SCV3FIX__VOICE-1221_CONTENT-237-237-134500-0033,1221,237,,8.11,10,0.0,0.0,0.0,0.08448311932775644,0.029507030136862178,32.12615437499808,0,0.0,0.0,-1.0,HUBERT_BASE,6
7127-75947-0014_1580-141083-0002__T2__SCV3FIX__VOICE-1580_CONTENT-7127-7127-75947-0014,1580,7127,,-25.06,11,1.0,1.0,1.0,-0.10335271200179488,-0.18938648321941143,-32.820468368275755,1,5.5,5.5,0.0,HUBERT_BASE,6
672-122797-0003_1284-1180-0024__T2__SCV3FIX__VOICE-1284_CONTENT-672-672-122797-0003,1284,672,,-30.29,8,1.0,1.0,1.0,-0.15439309578541965,-0.3112388376477012,-38.72210405409564,1,4.0,4.0,0.0,HUBERT_BASE,6
8455-210777-0034_4970-29095-0008__T2__SCV3FIX__VOICE-4970_CONTENT-8455-8455-210777-0034,4970,8455,,-20.2,5,1.0,1.0,1.0,-0.13886785177231067,-0.24171256535617847,-35.24288896290373,1,2.5,2.5,0.0,HUBERT_BASE,6
2300-131720-0038_6829-68771-0000__T2__SCV3FIX__VOICE-6829_CONTENT-2300-2300-131720-0038,6829,2300,,-21.01,10,1.0,1.0,1.0,-0.09751767791083696,-0.17939817546629677,-37.08753020815304,1,5.0,5.0,0.0,HUBERT_BASE,6
61-70968-0060_7176-92135-0034__T1__SCV3FIX__VOICE-61_CONTENT-7176-7176-92135-0034,61,7176,,5.63,6,0.3333333333333333,0.3333333333333333,0.16666666666666666,0.010381505787484535,-0.02479619275994749,7.691842415495258,0,0.0,0.0,-1.0,HUBERT_BASE,6
1995-1826-0026_6829-68771-0029__T1__SCV3FIX__VOICE-1995_CONTENT-6829-6829-68771-0029,1995,6829,,10.86,16,0.125,0.0,0.0,0.08336675361888699,-0.03241735325687578,40.565555699358214,0,0.0,0.0,-1.0,HUBERT_BASE,6
1320-122617-0018_1995-1826-0004__T1__SCV3FIX__VOICE-1320_CONTENT-1995-1995-1826-0004,1320,1995,,13.4,5,0.0,0.0,0.0,0.14699758533658394,0.1102956731168504,37.88230806537333,0,0.0,0.0,-1.0,HUBERT_BASE,6
3570-5696-0006_260-123286-0006__T1__SCV3FIX__VOICE-3570_CONTENT-260-260-123286-0006,3570,260,,-20.81,7,1.0,1.0,1.0,-0.0723131666402886,-0.09712410357801093,-33.055048591997014,1,3.5,3.5,0.0,HUBERT_BASE,6
121-121726-0014_7127-75946-0012__T1__SCV3FIX__VOICE-121_CONTENT-7127-7127-75946-0012,121,7127,,-20.45,5,1.0,1.0,1.0,-0.20577597195490105,-0.3634679464502423,-40.00947950825148,1,2.5,2.5,0.0,HUBERT_BASE,6
7127-75947-0028_61-70968-0001__T2__SCV3FIX__VOICE-61_CONTENT-7127-7127-75947-0028,61,7127,,6.03,6,0.0,0.0,0.0,0.06139353223558366,0.01499545633577204,16.96738163144218,0,0.0,0.0,-1.0,HUBERT_BASE,6
5639-40744-0013_3570-5695-0014__T1__SCV3FIX__VOICE-5639_CONTENT-3570-3570-5695-0014,5639,3570,,16.83,12,0.16666666666666666,0.0,0.0,0.05698854257367699,-0.017414152273939942,44.845636203141886,1,1.0,1.0,4.0,HUBERT_BASE,6
8463-294828-0034_4992-41806-0017__T2__SCV3FIX__VOICE-4992_CONTENT-8463-8463-294828-0034,4992,8463,,-24.46,6,0.8333333333333334,1.0,0.8333333333333334,-0.06416367457384647,-0.1408455916772643,-23.290908568712755,1,2.5,2.5,0.0,HUBERT_BASE,6
121-121726-0008_4446-2273-0000__T1__SCV3FIX__VOICE-121_CONTENT-4446-4446-2273-0000,121,4446,,13.66,7,0.0,0.0,0.0,0.11997383615177286,0.04459816128226157,35.739443585232486,0,0.0,0.0,-1.0,HUBERT_BASE,6
8455-210777-0057_1284-1181-0015__T2__SCV3FIX__VOICE-1284_CONTENT-8455-8455-210777-0057,1284,8455,,11.25,9,0.2222222222222222,0.0,0.0,0.048126506715432206,-0.02371311281659083,21.47476778418477,1,1.0,1.0,0.5,HUBERT_BASE,6
8224-274384-0000_5683-32865-0004__T2__SCV3FIX__VOICE-5683_CONTENT-8224-8224-274384-0000,5683,8224,,-28.58,13,1.0,1.0,1.0,-0.07931201496337102,-0.21662604375555294,-34.17249256056763,1,6.5,6.5,0.0,HUBERT_BASE,6
1580-141083-0027_4077-13751-0000__T2__SCV3FIX__VOICE-4077_CONTENT-1580-1580-141083-0027,4077,1580,,12.37,9,0.0,0.0,0.0,0.06606259366834065,0.03232258493628137,37.650838209264606,0,0.0,0.0,-1.0,HUBERT_BASE,6
7021-79740-0009_61-70970-0018__T2__SCV3FIX__VOICE-61_CONTENT-7021-7021-79740-0009,61,7021,,-0.47,6,0.5,0.3333333333333333,0.3333333333333333,-0.013923819811775187,-0.09455187066658732,-0.10069733200308274,1,1.0,1.0,0.0,HUBERT_BASE,6
1995-1826-0005_61-70970-0024__T1__SCV3FIX__VOICE-1995_CONTENT-61-61-70970-0024,1995,61,,-15.06,9,1.0,1.0,1.0,-0.16256495783507788,-0.2782672919728495,-35.9526167151754,1,4.5,4.5,0.0,HUBERT_BASE,6
5142-33396-0068_121-121726-0007__T2__SCV3FIX__VOICE-121_CONTENT-5142-5142-33396-0068,121,5142,,15.48,6,0.0,0.0,0.0,0.091154987181008,0.04025149264894967,44.852567472227655,0,0.0,0.0,-1.0,HUBERT_BASE,6
1221-135767-0022_7176-92135-0032__T1__SCV3FIX__VOICE-1221_CONTENT-7176-7176-92135-0032,1221,7176,,6.11,5,0.0,0.0,0.0,0.05688618499562732,0.028946637528367014,23.20186907745468,0,0.0,0.0,-1.0,HUBERT_BASE,6
908-157963-0016_4446-2271-0017__T2__SCV3FIX__VOICE-4446_CONTENT-908-908-157963-0016,4446,908,,14.99,9,0.1111111111111111,0.0,0.0,0.08928641616711963,-0.005560443235046786,33.634861014733616,0,0.0,0.0,-1.0,HUBERT_BASE,6
4992-41797-0006_6829-68771-0013__T2__SCV3FIX__VOICE-6829_CONTENT-4992-4992-41797-0006,6829,4992,,-7.93,8,0.75,0.75,0.625,-0.045790806687996635,-0.1593255463757971,-9.497332957787505,1,2.5,2.5,1.0,HUBERT_BASE,6
7127-75947-0000_5683-32879-0009__T1__SCV3FIX__VOICE-7127_CONTENT-5683-5683-32879-0009,7127,5683,,7.72,9,0.1111111111111111,0.0,0.0,0.11989059474719843,-0.009258568101724318,28.893458408667055,0,0.0,0.0,-1.0,HUBERT_BASE,6
1580-141083-0039_237-126133-0002__T1__SCV3FIX__VOICE-1580_CONTENT-237-237-126133-0002,1580,237,,4.79,5,0.4,0.4,0.2,0.013911282711646655,-0.07771700557591976,4.307269513553304,0,0.0,0.0,-1.0,HUBERT_BASE,6
8455-210777-0026_4077-13754-0014__T1__SCV3FIX__VOICE-8455_CONTENT-4077-4077-13754-0014,8455,4077,,6.0,5,0.0,0.0,0.0,0.07265018268845765,0.006189104956814573,20.241932885380372,0,0.0,0.0,-1.0,HUBERT_BASE,6
61-70970-0015_7127-75946-0018__T1__SCV3FIX__VOICE-61_CONTENT-7127-7127-75946-0018,61,7127,,11.16,15,0.2,0.0,0.0,0.07860177640685707,-0.017207449300023825,24.076930084905666,1,1.0,1.0,0.5,HUBERT_BASE,6
1284-1181-0004_7176-92135-0016__T2__SCV3FIX__VOICE-7176_CONTENT-1284-1284-1181-0004,7176,1284,,12.14,13,0.0,0.0,0.0,0.08861146920976962,0.04564971250853589,33.01030027115033,0,0.0,0.0,-1.0,HUBERT_BASE,6
2961-960-0022_4970-29095-0027__T2__SCV3FIX__VOICE-4970_CONTENT-2961-2961-960-0022,4970,2961,,-5.7,13,1.0,0.9230769230769231,0.9230769230769231,-0.07871554881819016,-0.13550847497766627,-10.964707902225019,1,6.5,6.5,0.0,HUBERT_BASE,6
260-123286-0024_61-70970-0032__T2__SCV3FIX__VOICE-61_CONTENT-260-260-123286-0024,61,260,,12.79,5,0.0,0.0,0.0,0.13134143474952523,0.08505565264914705,30.26431879943159,0,0.0,0.0,-1.0,HUBERT_BASE,6
260-123286-0030_3729-6852-0004__T2__SCV3FIX__VOICE-3729_CONTENT-260-260-123286-0030,3729,260,,-22.7,14,1.0,1.0,1.0,-0.10570904858637561,-0.28436213066906035,-41.9911947746827,1,7.0,7.0,0.0,HUBERT_BASE,6
5683-32879-0022_6829-68769-0016__T1__SCV3FIX__VOICE-5683_CONTENT-6829-6829-68769-0016,5683,6829,,5.64,7,0.0,0.0,0.0,0.07647327237372437,0.0071478484631526396,45.89958337358082,0,0.0,0.0,-1.0,HUBERT_BASE,6
7127-75946-0025_7021-85628-0002__T2__SCV3FIX__VOICE-7021_CONTENT-7127-7127-75946-0025,7021,7127,,6.76,6,0.0,0.0,0.0,0.06275316846802194,0.0002520084330702721,25.20000210507581,0,0.0,0.0,-1.0,HUBERT_BASE,6
3575-170457-0007_7127-75946-0002__T2__SCV3FIX__VOICE-7127_CONTENT-3575-3575-170457-0007,7127,3575,,5.93,14,0.0,0.0,0.0,0.11245614152240321,0.013321935864085033,37.98974197962663,0,0.0,0.0,-1.0,HUBERT_BASE,6
5639-40744-0038_4446-2275-0042__T1__SCV3FIX__VOICE-5639_CONTENT-4446-4446-2275-0042,5639,4446,,12.53,9,0.0,0.0,0.0,0.11844500810404351,0.04946231589008099,34.21274839594,0,0.0,0.0,-1.0,HUBERT_BASE,6
8463-294828-0006_8230-279154-0026__T1__SCV3FIX__VOICE-8463_CONTENT-8230-8230-279154-0026,8463,8230,,-31.31,13,1.0,1.0,1.0,-0.08246312806455722,-0.1684335436512877,-43.984311114872305,1,6.5,6.5,0.0,HUBERT_BASE,6
1995-1836-0013_2961-961-0014__T2__SCV3FIX__VOICE-2961_CONTENT-1995-1995-1836-0013,2961,1995,,17.36,9,0.0,0.0,0.0,0.09995972900933735,0.05172491278463087,33.06218043735907,0,0.0,0.0,-1.0,HUBERT_BASE,6
121-121726-0009_1284-1181-0019__T1__SCV3FIX__VOICE-121_CONTENT-1284-1284-1181-0019,121,1284,,-29.53,5,1.0,1.0,1.0,-0.25489775866237807,-0.35583179477469107,-36.88220838277035,1,2.5,2.5,0.0,HUBERT_BASE,6
7021-85628-0016_8555-284449-0002__T2__SCV3FIX__VOICE-8555_CONTENT-7021-7021-85628-0016,8555,7021,,-25.49,7,1.0,1.0,1.0,-0.0914277607430781,-0.12383240213684688,-36.85709465608558,1,3.5,3.5,0.0,HUBERT_BASE,6
2830-3980-0065_1320-122612-0011__T2__SCV3FIX__VOICE-1320_CONTENT-2830-2830-3980-0065,1320,2830,,10.4,12,0.0,0.0,0.0,0.11866370560715211,0.010671317999995877,20.39900052504745,0,0.0,0.0,-1.0,HUBERT_BASE,6
1580-141084-0033_8463-294828-0028__T2__SCV3FIX__VOICE-8463_CONTENT-1580-1580-141084-0033,8463,1580,,-4.28,13,0.46153846153846156,0.23076923076923078,0.23076923076923078,0.005117781154944067,-0.10972566900044112,10.634574058942672,1,1.5,1.5,0.5,HUBERT_BASE,6
7127-75946-0015_1580-141083-0025__T1__SCV3FIX__VOICE-7127_CONTENT-1580-1580-141083-0025,7127,1580,,12.36,6,0.0,0.0,0.0,0.08839797938485082,0.037401317802083556,37.12497533682339,0,0.0,0.0,-1.0,HUBERT_BASE,6
1995-1836-0005_6930-81414-0019__T2__SCV3FIX__VOICE-6930_CONTENT-1995-1995-1836-0005,6930,1995,,13.02,5,0.0,0.0,0.0,0.06493427955721336,0.03153532680383331,30.332274064561695,0,0.0,0.0,-1.0,HUBERT_BASE,6
8555-284447-0013_3575-170457-0004__T1__SCV3FIX__VOICE-8555_CONTENT-3575-3575-170457-0004,8555,3575,,-10.17,5,0.4,0.6,0.4,0.0013732305443203917,-0.024059537992588975,-2.1633904969705413,1,1.0,1.0,0.5,HUBERT_BASE,6
8463-294828-0031_121-127105-0007__T1__SCV3FIX__VOICE-8463_CONTENT-121-121-127105-0007,8463,121,,12.54,10,0.0,0.0,0.0,0.059731130987436695,0.0066246420540347906,23.907832667389027,0,0.0,0.0,-1.0,HUBERT_BASE,6
4446-2271-0004_1995-1836-0011__T1__SCV3FIX__VOICE-4446_CONTENT-1995-1995-1836-0011,4446,1995,,2.44,8,0.0,0.25,0.0,0.0719320348676216,0.042218565096485694,24.235838182013442,0,0.0,0.0,-1.0,HUBERT_BASE,6
8224-274384-0007_6930-76324-0002__T1__SCV3FIX__VOICE-8224_CONTENT-6930-6930-76324-0002,8224,6930,,8.46,10,0.0,0.0,0.0,0.10684536030811728,0.07521607084699933,38.60009929299717,0,0.0,0.0,-1.0,HUBERT_BASE,6
7021-85628-0002_8455-210777-0008__T1__SCV3FIX__VOICE-7021_CONTENT-8455-8455-210777-0008,7021,8455,,6.85,11,0.2727272727272727,0.0,0.0,0.04625030609691203,-0.06073266508306052,24.022542144172053,0,0.0,0.0,-1.0,HUBERT_BASE,6
6930-75918-0007_61-70968-0054__T1__SCV3FIX__VOICE-6930_CONTENT-61-61-70968-0054,6930,61,,11.8,5,0.0,0.0,0.0,0.10077295875886497,0.04713642783880645,23.05089638215758,0,0.0,0.0,-1.0,HUBERT_BASE,6
2094-142345-0053_4992-23283-0008__T2__SCV3FIX__VOICE-4992_CONTENT-2094-2094-142345-0053,4992,2094,,12.24,5,0.6,0.0,0.0,0.008618579010548877,-0.05587453464461123,24.557840058594717,1,1.5,1.5,0.0,HUBERT_BASE,6
908-31957-0004_4446-2275-0016__T1__SCV3FIX__VOICE-908_CONTENT-4446-4446-2275-0016,908,4446,,7.46,12,0.0,0.0,0.0,0.10797878730639703,0.07179434002743534,38.28534740548061,0,0.0,0.0,-1.0,HUBERT_BASE,6
3575-170457-0033_1320-122617-0002__T2__SCV3FIX__VOICE-1320_CONTENT-3575-3575-170457-0033,1320,3575,,12.26,15,0.0,0.0,0.0,0.12672257671375425,0.07741612041136392,47.3377148240309,0,0.0,0.0,-1.0,HUBERT_BASE,6
1580-141084-0034_1089-134691-0010__T2__SCV3FIX__VOICE-1089_CONTENT-1580-1580-141084-0034,1089,1580,,16.53,5,0.0,0.0,0.0,0.05838206979609577,0.02544259381159586,36.182685774582616,0,0.0,0.0,-1.0,HUBERT_BASE,6
4446-2275-0028_7021-79740-0000__T2__SCV3FIX__VOICE-7021_CONTENT-4446-4446-2275-0028,7021,4446,,15.28,6,0.0,0.0,0.0,0.08235146519214709,0.05691128989585692,36.649747250170364,0,0.0,0.0,-1.0,HUBERT_BASE,6
6930-76324-0025_1580-141083-0050__T1__SCV3FIX__VOICE-6930_CONTENT-1580-1580-141083-0050,6930,1580,,5.68,5,0.2,0.2,0.2,0.05310844151360596,-0.01821982824125523,21.16583335705555,0,0.0,0.0,-1.0,HUBERT_BASE,6
2961-960-0016_4992-41806-0004__T1__SCV3FIX__VOICE-2961_CONTENT-4992-4992-41806-0004,2961,4992,,-0.56,6,0.0,0.0,0.0,0.046588977122785535,0.001561816552714368,11.862716218566149,0,0.0,0.0,-1.0,HUBERT_BASE,6
4970-29095-0009_1188-133604-0007__T2__SCV3FIX__VOICE-1188_CONTENT-4970-4970-29095-0009,1188,4970,,12.14,10,0.0,0.0,0.0,0.1252288297746616,0.07232928666173288,41.23266968852449,0,0.0,0.0,-1.0,HUBERT_BASE,6
8555-292519-0011_7127-75947-0038__T2__SCV3FIX__VOICE-7127_CONTENT-8555-8555-292519-0011,7127,8555,,12.58,5,0.0,0.0,0.0,0.07444370947245527,0.034687458775092384,41.39041259654052,0,0.0,0.0,-1.0,HUBERT_BASE,6
260-123288-0000_61-70968-0039__T1__SCV3FIX__VOICE-260_CONTENT-61-61-70968-0039,260,61,,8.55,5,0.0,0.0,0.0,0.05066434275907368,0.0037302974587032356,26.78161561209054,0,0.0,0.0,-1.0,HUBERT_BASE,6
8224-274381-0013_1284-1180-0026__T2__SCV3FIX__VOICE-1284_CONTENT-8224-8224-274381-0013,1284,8224,,-26.17,15,1.0,1.0,1.0,-0.1132166166867217,-0.18536429930246534,-50.83314436594227,1,7.5,7.5,0.0,HUBERT_BASE,6
4446-2273-0015_672-122797-0071__T2__SCV3FIX__VOICE-672_CONTENT-4446-4446-2273-0015,672,4446,,12.67,8,0.0,0.0,0.0,0.09484538488539332,0.05562668927519199,34.41027999940359,0,0.0,0.0,-1.0,HUBERT_BASE,6
1188-133604-0003_8230-279154-0014__T2__SCV3FIX__VOICE-8230_CONTENT-1188-1188-133604-0003,8230,1188,,-13.64,13,0.8461538461538461,0.9230769230769231,0.8461538461538461,-0.06487415231214354,-0.16712499653975965,-16.820840613699044,2,4.0,2.75,0.0,HUBERT_BASE,6
1089-134686-0013_7127-75946-0007__T2__SCV3FIX__VOICE-7127_CONTENT-1089-1089-134686-0013,7127,1089,,7.22,8,0.25,0.125,0.125,0.04520793846547713,-0.1584365508343588,10.49202035644607,1,1.0,1.0,2.5,HUBERT_BASE,6
121-121726-0003_1089-134691-0014__T2__SCV3FIX__VOICE-1089_CONTENT-121-121-121726-0003,1089,121,,10.05,8,0.0,0.0,0.0,0.14572805337656253,0.07596218434043644,42.82262290790298,0,0.0,0.0,-1.0,HUBERT_BASE,6
5683-32865-0006_908-157963-0020__T1__SCV3FIX__VOICE-5683_CONTENT-908-908-157963-0020,5683,908,,-2.3,5,0.6,0.8,0.6,-0.03203459114927221,-0.16306549956499328,-9.289881641639937,1,1.0,1.0,0.0,HUBERT_BASE,6
8463-294825-0004_4970-29095-0036__T2__SCV3FIX__VOICE-4970_CONTENT-8463-8463-294825-0004,4970,8463,,-23.11,6,1.0,1.0,1.0,-0.0657888600702571,-0.10833162648673245,-27.197604226114475,1,3.0,3.0,0.0,HUBERT_BASE,6
1284-1180-0011_3570-5695-0007__T1__SCV3FIX__VOICE-1284_CONTENT-3570-3570-5695-0007,1284,3570,,-1.62,7,0.2857142857142857,0.42857142857142855,0.2857142857142857,0.02540005942039406,-0.040267049460924964,3.622672601521071,1,1.0,1.0,0.0,HUBERT_BASE,6
5142-33396-0064_8555-292519-0012__T2__SCV3FIX__VOICE-8555_CONTENT-5142-5142-33396-0064,8555,5142,,13.47,5,0.0,0.0,0.0,0.07437073304529036,0.04814500116287612,63.3384861842088,0,0.0,0.0,-1.0,HUBERT_BASE,6
6829-68769-0015_4970-29095-0011__T1__SCV3FIX__VOICE-6829_CONTENT-4970-4970-29095-0011,6829,4970,,-6.59,5,0.4,0.4,0.2,0.0220119346993767,-0.018703883223874174,4.582552782918042,0,0.0,0.0,-1.0,HUBERT_BASE,6
121-121726-0011_4507-16021-0038__T2__SCV3FIX__VOICE-4507_CONTENT-121-121-121726-0011,4507,121,,-9.62,6,0.0,0.5,0.0,0.10536246467715561,0.02153158144803058,4.263876615342666,0,0.0,0.0,-1.0,HUBERT_BASE,6
5105-28240-0022_2830-3980-0065__T1__SCV3FIX__VOICE-5105_CONTENT-2830-2830-3980-0065,5105,2830,,-7.17,8,0.25,0.5,0.25,0.0726332018847298,-0.025084138910013376,-3.245429546590475,1,1.0,1.0,0.0,HUBERT_BASE,6
8555-292519-0013_5105-28240-0017__T1__SCV3FIX__VOICE-8555_CONTENT-5105-5105-28240-0017,8555,5105,,-33.97,7,1.0,1.0,1.0,-0.10330166513904773,-0.15279698066293246,-45.42561851462039,1,3.5,3.5,0.0,HUBERT_BASE,6
1995-1826-0003_8230-279154-0036__T2__SCV3FIX__VOICE-8230_CONTENT-1995-1995-1826-0003,8230,1995,,13.67,5,0.0,0.0,0.0,0.14158300746117908,0.10255312714510445,45.25659939071423,0,0.0,0.0,-1.0,HUBERT_BASE,6
121-127105-0005_8455-210777-0039__T1__SCV3FIX__VOICE-121_CONTENT-8455-8455-210777-0039,121,8455,,-25.26,10,1.0,1.0,1.0,-0.12856435131658134,-0.329182241021445,-35.22314633953376,1,5.0,5.0,0.0,HUBERT_BASE,6
8230-279154-0024_8463-287645-0014__T1__SCV3FIX__VOICE-8230_CONTENT-8463-8463-287645-0014,8230,8463,,13.3,5,0.0,0.0,0.0,0.10396349502975162,0.04632514898663809,41.104915607386076,0,0.0,0.0,-1.0,HUBERT_BASE,6
237-126133-0006_1221-135767-0005__T2__SCV3FIX__VOICE-1221_CONTENT-237-237-126133-0006,1221,237,,0.49,10,0.2,0.2,0.1,0.09690764310193647,-0.02910405339207056,12.082878055053953,0,0.0,0.0,-1.0,HUBERT_BASE,6
7176-88083-0003_8230-279154-0010__T2__SCV3FIX__VOICE-8230_CONTENT-7176-7176-88083-0003,8230,7176,,-6.74,14,0.7142857142857143,0.6428571428571429,0.6428571428571429,-0.05475970488865857,-0.3292080694160523,-2.3000517610077043,3,3.0,1.6666666666666667,0.0,HUBERT_BASE,6
237-134493-0000_7729-102255-0042__T2__SCV3FIX__VOICE-7729_CONTENT-237-237-134493-0000,7729,237,,11.51,7,0.0,0.0,0.0,0.09103213477816825,0.02498949008440121,41.32938055882664,0,0.0,0.0,-1.0,HUBERT_BASE,6
1580-141083-0000_7729-102255-0030__T1__SCV3FIX__VOICE-1580_CONTENT-7729-7729-102255-0030,1580,7729,,-21.63,13,1.0,1.0,1.0,-0.0949021815887592,-0.1640036767109142,-42.44999908373151,1,6.5,6.5,0.0,HUBERT_BASE,6
4077-13754-0000_2300-131720-0008__T2__SCV3FIX__VOICE-2300_CONTENT-4077-4077-13754-0000,2300,4077,,11.03,8,0.0,0.0,0.0,0.08256753983350615,0.05501747845269567,38.40586064029733,0,0.0,0.0,-1.0,HUBERT_BASE,6
7176-88083-0022_908-31957-0001__T2__SCV3FIX__VOICE-908_CONTENT-7176-7176-88083-0022,908,7176,,12.26,17,0.0,0.0,0.0,0.07698996729776052,0.007857978186804115,25.848653593537332,0,0.0,0.0,-1.0,HUBERT_BASE,6
6930-81414-0003_2830-3980-0012__T2__SCV3FIX__VOICE-2830_CONTENT-6930-6930-81414-0003,2830,6930,,7.65,5,0.0,0.0,0.0,0.032918695070466894,0.001622679326549581,27.35373286758541,0,0.0,0.0,-1.0,HUBERT_BASE,6
672-122797-0029_3575-170457-0040__T2__SCV3FIX__VOICE-3575_CONTENT-672-672-122797-0029,3575,672,,-25.71,4,0.75,1.0,0.75,-0.05701610080806971,-0.1284723214416652,-30.053775796555474,1,1.5,1.5,0.0,HUBERT_BASE,6
1284-1180-0011_4446-2275-0043__T1__SCV3FIX__VOICE-1284_CONTENT-4446-4446-2275-0043,1284,4446,,2.88,7,0.42857142857142855,0.0,0.0,0.053049836323681446,-0.017722488151538762,13.825558352745182,1,1.5,1.5,0.0,HUBERT_BASE,6
61-70970-0003_1995-1836-0003__T1__SCV3FIX__VOICE-61_CONTENT-1995-1995-1836-0003,61,1995,,16.43,6,0.0,0.0,0.0,0.09960490090947155,0.07536685765254125,32.50163964880597,0,0.0,0.0,-1.0,HUBERT_BASE,6
61-70970-0026_8555-292519-0005__T1__SCV3FIX__VOICE-61_CONTENT-8555-8555-292519-0005,61,8555,,10.88,9,0.0,0.0,0.0,0.18625784760520217,0.10758310982490837,51.57332775198579,0,0.0,0.0,-1.0,HUBERT_BASE,6
672-122797-0004_8455-210777-0013__T1__SCV3FIX__VOICE-672_CONTENT-8455-8455-210777-0013,672,8455,,1.21,12,0.16666666666666666,0.16666666666666666,0.16666666666666666,0.08197928715722927,-0.0533739349522957,22.578674524733668,1,1.0,1.0,0.0,HUBERT_BASE,6
8455-210777-0020_6930-81414-0013__T2__SCV3FIX__VOICE-6930_CONTENT-8455-8455-210777-0020,6930,8455,,-25.96,5,1.0,1.0,1.0,-0.1074664831810028,-0.1478160590172507,-41.8276798042739,1,2.5,2.5,0.0,HUBERT_BASE,6
3575-170457-0031_4970-29093-0018__T1__SCV3FIX__VOICE-3575_CONTENT-4970-4970-29093-0018,3575,4970,,-19.15,7,0.8571428571428571,1.0,0.8571428571428571,-0.05020281550189333,-0.09165967030918865,-32.85512567623913,1,3.0,3.0,0.5,HUBERT_BASE,6
2094-142345-0050_8463-287645-0006__T2__SCV3FIX__VOICE-8463_CONTENT-2094-2094-142345-0050,8463,2094,,6.2,7,0.14285714285714285,0.0,0.0,0.07671941423562792,-0.0039387988933613505,20.498437539368513,0,0.0,0.0,-1.0,HUBERT_BASE,6
4992-41797-0014_3575-170457-0014__T2__SCV3FIX__VOICE-3575_CONTENT-4992-4992-41797-0014,3575,4992,,-19.94,12,1.0,1.0,1.0,-0.06750222091949036,-0.14962960774015455,-27.15030266850573,1,6.0,6.0,0.0,HUBERT_BASE,6
8463-287645-0006_1580-141083-0002__T1__SCV3FIX__VOICE-8463_CONTENT-1580-1580-141083-0002,8463,1580,,9.66,11,0.0,0.0,0.0,0.06957025528985326,0.013704238488773335,34.98124695194723,0,0.0,0.0,-1.0,HUBERT_BASE,6
1995-1826-0011_2094-142345-0037__T1__SCV3FIX__VOICE-1995_CONTENT-2094-2094-142345-0037,1995,2094,,9.16,16,0.0,0.0,0.0,0.14387944305057504,0.02646475977420204,33.14230690443232,0,0.0,0.0,-1.0,HUBERT_BASE,6
5683-32866-0013_8555-284447-0024__T1__SCV3FIX__VOICE-5683_CONTENT-8555-8555-284447-0024,5683,8555,,-7.04,8,0.125,0.5,0.125,0.09518162492889094,-0.019916775330052094,-3.2783239586795694,0,0.0,0.0,-1.0,HUBERT_BASE,6
5683-32879-0010_8463-294828-0036__T2__SCV3FIX__VOICE-8463_CONTENT-5683-5683-32879-0010,8463,5683,,-1.68,12,0.08333333333333333,0.0,0.0,0.05171033181875854,-0.029650210741224314,12.690441264039583,0,0.0,0.0,-1.0,HUBERT_BASE,6
3729-6852-0026_4992-41797-0021__T1__SCV3FIX__VOICE-3729_CONTENT-4992-4992-41797-0021,3729,4992,,-23.12,8,0.875,1.0,0.875,-0.04359857300153912,-0.11093944750513718,-24.633351407346566,2,2.5,1.75,0.0,HUBERT_BASE,6
6930-75918-0007_1089-134686-0022__T1__SCV3FIX__VOICE-6930_CONTENT-1089-1089-134686-0022,6930,1089,,-23.55,5,1.0,1.0,1.0,-0.06843948565012885,-0.11756296096927654,-42.072445225029185,1,2.5,2.5,0.0,HUBERT_BASE,6
1221-135766-0014_7127-75946-0004__T1__SCV3FIX__VOICE-1221_CONTENT-7127-7127-75946-0004,1221,7127,,-26.47,7,1.0,1.0,1.0,-0.09674456842158752,-0.18309673922017755,-33.69417365476615,1,3.5,3.5,0.0,HUBERT_BASE,6
237-134500-0027_1580-141084-0033__T2__SCV3FIX__VOICE-1580_CONTENT-237-237-134500-0027,1580,237,,5.41,5,0.0,0.0,0.0,0.08619732673442486,0.052106136829896066,17.59965952254902,0,0.0,0.0,-1.0,HUBERT_BASE,6
672-122797-0069_6829-68771-0033__T2__SCV3FIX__VOICE-6829_CONTENT-672-672-122797-0069,6829,672,,-19.63,9,0.8888888888888888,1.0,0.8888888888888888,-0.10976805629782209,-0.21382571417798502,-40.980444662813014,2,3.0,2.0,0.0,HUBERT_BASE,6
908-157963-0013_3575-170457-0006__T1__SCV3FIX__VOICE-908_CONTENT-3575-3575-170457-0006,908,3575,,16.65,7,0.0,0.0,0.0,0.08445061467865538,0.013912494976332623,38.19745206732444,0,0.0,0.0,-1.0,HUBERT_BASE,6
3570-5694-0018_1188-133604-0041__T1__SCV3FIX__VOICE-3570_CONTENT-1188-1188-133604-0041,3570,1188,,-23.34,14,1.0,1.0,1.0,-0.15808908876683908,-0.30793268846894717,-44.62706368185769,1,7.0,7.0,0.0,HUBERT_BASE,6
6829-68771-0033_2094-142345-0045__T1__SCV3FIX__VOICE-6829_CONTENT-2094-2094-142345-0045,6829,2094,,-11.6,5,1.0,1.0,1.0,-0.05251133463334443,-0.08182543352508198,-31.802727591181082,1,2.5,2.5,0.0,HUBERT_BASE,6
5105-28240-0000_2830-3979-0003__T2__SCV3FIX__VOICE-2830_CONTENT-5105-5105-28240-0000,2830,5105,,10.15,9,0.0,0.0,0.0,0.09068619983107654,0.03557211603079269,34.96782883530753,0,0.0,0.0,-1.0,HUBERT_BASE,6
4446-2273-0032_8230-279154-0039__T2__SCV3FIX__VOICE-8230_CONTENT-4446-4446-2273-0032,8230,4446,,11.88,7,0.0,0.0,0.0,0.0981710615548685,0.01668649977966785,40.95537304233572,0,0.0,0.0,-1.0,HUBERT_BASE,6
6930-75918-0010_6829-68769-0018__T2__SCV3FIX__VOICE-6829_CONTENT-6930-6930-75918-0010,6829,6930,,8.76,5,0.0,0.0,0.0,0.10150437496902671,0.061851022200537065,41.10382739160046,0,0.0,0.0,-1.0,HUBERT_BASE,6
4992-41797-0018_6930-75918-0017__T1__SCV3FIX__VOICE-4992_CONTENT-6930-6930-75918-0017,4992,6930,,-24.59,11,1.0,1.0,1.0,-0.10245569162937826,-0.1886624048843396,-29.770409627028304,1,5.5,5.5,0.0,HUBERT_BASE,6
4507-16021-0052_2830-3980-0069__T2__SCV3FIX__VOICE-2830_CONTENT-4507-4507-16021-0052,2830,4507,,16.64,10,0.0,0.0,0.0,0.14234094447354612,0.05420273087795546,41.028724977852605,0,0.0,0.0,-1.0,HUBERT_BASE,6
1284-1180-0028_3570-5696-0000__T1__SCV3FIX__VOICE-1284_CONTENT-3570-3570-5696-0000,1284,3570,,-16.83,11,1.0,1.0,1.0,-0.08278861976624645,-0.15316928039635425,-40.32911537563768,1,5.5,5.5,0.0,HUBERT_BASE,6
7127-75947-0001_7176-92135-0039__T2__SCV3FIX__VOICE-7176_CONTENT-7127-7127-75947-0001,7176,7127,,11.39,5,0.0,0.0,0.0,0.04403696022839214,0.015011245051364863,23.429561257139042,0,0.0,0.0,-1.0,HUBERT_BASE,6
61-70970-0022_237-134500-0034__T1__SCV3FIX__VOICE-61_CONTENT-237-237-134500-0034,61,237,,8.31,5,0.0,0.0,0.0,0.15777933826907437,0.10687978256211683,36.561104510472134,0,0.0,0.0,-1.0,HUBERT_BASE,6
260-123286-0005_3729-6852-0014__T1__SCV3FIX__VOICE-260_CONTENT-3729-3729-6852-0014,260,3729,,13.49,8,0.0,0.0,0.0,0.1251323315785831,0.06699777314155231,46.2116882523278,0,0.0,0.0,-1.0,HUBERT_BASE,6
3729-6852-0023_8224-274381-0015__T1__SCV3FIX__VOICE-3729_CONTENT-8224-8224-274381-0015,3729,8224,,-26.44,15,1.0,1.0,1.0,-0.058144224681227895,-0.08903485024622548,-42.000960752081276,1,7.5,7.5,0.0,HUBERT_BASE,6
4077-13754-0003_2961-961-0017__T2__SCV3FIX__VOICE-2961_CONTENT-4077-4077-13754-0003,2961,4077,,0.34,10,0.8,0.7,0.7,-0.044171669588296755,-0.19721014088615185,-8.83654641252065,2,2.5,2.0,0.0,HUBERT_BASE,6
260-123288-0013_6930-76324-0013__T1__SCV3FIX__VOICE-260_CONTENT-6930-6930-76324-0013,260,6930,,12.6,7,0.0,0.0,0.0,0.09274920486626534,0.04127973932933349,32.93733888410673,0,0.0,0.0,-1.0,HUBERT_BASE,6
672-122797-0038_4992-41797-0017__T1__SCV3FIX__VOICE-672_CONTENT-4992-4992-41797-0017,672,4992,,14.78,15,0.0,0.0,0.0,0.09784939644268674,0.019230313744186045,27.127958883251292,0,0.0,0.0,-1.0,HUBERT_BASE,6
3570-5695-0009_237-134500-0032__T1__SCV3FIX__VOICE-3570_CONTENT-237-237-134500-0032,3570,237,,5.88,9,0.0,0.0,0.0,0.07080050052095802,0.018103655550860465,31.433841639694208,0,0.0,0.0,-1.0,HUBERT_BASE,6
2830-3980-0025_1995-1826-0001__T2__SCV3FIX__VOICE-1995_CONTENT-2830-2830-3980-0025,1995,2830,,-7.53,16,0.6875,1.0,0.6875,-0.02846354178620373,-0.17304348599530706,-18.639797384170812,4,2.0,1.375,0.0,HUBERT_BASE,6
7021-79759-0003_260-123286-0022__T1__SCV3FIX__VOICE-7021_CONTENT-260-260-123286-0022,7021,260,,7.81,5,0.2,0.0,0.0,0.032262827418520046,-0.005276382492918064,40.97566612388791,0,0.0,0.0,-1.0,HUBERT_BASE,6
8555-284449-0002_61-70968-0001__T1__SCV3FIX__VOICE-8555_CONTENT-61-61-70968-0001,8555,61,,3.69,6,0.16666666666666666,0.0,0.0,0.013739539022518565,-0.08099728234607018,12.690838679532803,0,0.0,0.0,-1.0,HUBERT_BASE,6
5105-28241-0003_4077-13751-0001__T2__SCV3FIX__VOICE-4077_CONTENT-5105-5105-28241-0003,4077,5105,,-12.93,6,1.0,1.0,1.0,-0.1476643097572542,-0.18590022099338632,-27.340498846895027,1,3.0,3.0,0.0,HUBERT_BASE,6
3729-6852-0038_8463-294828-0003__T1__SCV3FIX__VOICE-3729_CONTENT-8463-8463-294828-0003,3729,8463,,-9.91,10,0.9,1.0,0.9,-0.10007866414755191,-0.17439301601814794,-24.238142228290407,2,3.0,2.25,0.0,HUBERT_BASE,6
1580-141083-0016_61-70968-0024__T2__SCV3FIX__VOICE-61_CONTENT-1580-1580-141083-0016,61,1580,,10.2,7,0.0,0.0,0.0,0.06776890012579019,0.019919693071607347,25.78642998954849,0,0.0,0.0,-1.0,HUBERT_BASE,6
3729-6852-0042_6829-68769-0007__T2__SCV3FIX__VOICE-6829_CONTENT-3729-3729-6852-0042,6829,3729,,5.47,6,0.3333333333333333,0.0,0.0,0.054849174399127974,-0.023109554782254627,26.40983693207076,1,1.0,1.0,0.5,HUBERT_BASE,6
5683-32866-0004_5105-28233-0001__T1__SCV3FIX__VOICE-5683_CONTENT-5105-5105-28233-0001,5683,5105,,-26.91,7,0.8571428571428571,1.0,0.8571428571428571,-0.10167361910363835,-0.2643228435488729,-33.937950350013246,1,3.0,3.0,0.5,HUBERT_BASE,6
237-134500-0011_7176-92135-0000__T2__SCV3FIX__VOICE-7176_CONTENT-237-237-134500-0011,7176,237,,12.24,5,0.0,0.0,0.0,0.09949608923556134,0.039646329065753716,34.9635885583005,0,0.0,0.0,-1.0,HUBERT_BASE,6
5142-33396-0010_8555-292519-0012__T2__SCV3FIX__VOICE-8555_CONTENT-5142-5142-33396-0010,8555,5142,,13.92,5,0.0,0.0,0.0,0.08311089454401852,0.054937843834241384,39.47563656822631,0,0.0,0.0,-1.0,HUBERT_BASE,6
5142-33396-0037_672-122797-0032__T1__SCV3FIX__VOICE-5142_CONTENT-672-672-122797-0032,5142,672,,-15.77,6,1.0,1.0,1.0,-0.12143519823234317,-0.20037139449697872,-39.285227800930606,1,3.0,3.0,0.0,HUBERT_BASE,6
5142-33396-0057_7127-75946-0020__T1__SCV3FIX__VOICE-5142_CONTENT-7127-7127-75946-0020,5142,7127,,4.47,5,0.2,0.2,0.2,0.03176965677801793,-0.062477527799369215,17.131429176117617,0,0.0,0.0,-1.0,HUBERT_BASE,6
1089-134686-0000_61-70968-0047__T2__SCV3FIX__VOICE-61_CONTENT-1089-1089-134686-0000,61,1089,,0.66,8,0.125,0.25,0.125,0.08535692880941534,-0.05514158886860698,4.672785122176232,0,0.0,0.0,-1.0,HUBERT_BASE,6
61-70968-0023_260-123286-0023__T1__SCV3FIX__VOICE-61_CONTENT-260-260-123286-0023,61,260,,9.73,9,0.2222222222222222,0.0,0.0,0.05626883548296694,-0.01662361588609451,22.65561664245685,1,1.0,1.0,1.5,HUBERT_BASE,6
672-122797-0021_4446-2273-0032__T1__SCV3FIX__VOICE-672_CONTENT-4446-4446-2273-0032,672,4446,,7.73,7,0.0,0.0,0.0,0.09141440352801898,0.061826350753359294,37.21503756357928,0,0.0,0.0,-1.0,HUBERT_BASE,6
3570-5695-0011_4507-16021-0056__T1__SCV3FIX__VOICE-3570_CONTENT-4507-4507-16021-0056,3570,4507,,-34.7,11,1.0,1.0,1.0,-0.06373473176579049,-0.1450012297240294,-39.76784838784324,1,5.5,5.5,0.0,HUBERT_BASE,6
7127-75947-0019_6930-76324-0000__T2__SCV3FIX__VOICE-6930_CONTENT-7127-7127-75947-0019,6930,7127,,1.82,4,0.25,0.5,0.0,0.04237423707733595,-0.04916214877768421,-2.9357379379325916,0,0.0,0.0,-1.0,HUBERT_BASE,6
6930-81414-0006_237-134493-0006__T1__SCV3FIX__VOICE-6930_CONTENT-237-237-134493-0006,6930,237,,12.96,7,0.0,0.0,0.0,0.1261649459577853,0.048108873056022516,35.31174497427043,0,0.0,0.0,-1.0,HUBERT_BASE,6
1320-122617-0021_5105-28233-0002__T1__SCV3FIX__VOICE-1320_CONTENT-5105-5105-28233-0002,1320,5105,,11.24,9,0.0,0.0,0.0,0.11602865766297565,0.03422785436080622,35.93771540948871,0,0.0,0.0,-1.0,HUBERT_BASE,6
672-122797-0055_61-70970-0021__T1__SCV3FIX__VOICE-672_CONTENT-61-61-70970-0021,672,61,,-22.06,8,1.0,1.0,1.0,-0.15687547485639133,-0.3095893386428593,-34.385193838855386,1,4.0,4.0,0.0,HUBERT_BASE,6
1580-141084-0033_7127-75946-0013__T1__SCV3FIX__VOICE-1580_CONTENT-7127-7127-75946-0013,1580,7127,,-18.53,13,1.0,1.0,1.0,-0.07021541211225282,-0.13408697284214743,-29.664432349466193,1,6.5,6.5,0.0,HUBERT_BASE,6
8555-292519-0004_260-123288-0002__T2__SCV3FIX__VOICE-260_CONTENT-8555-8555-292519-0004,260,8555,,-19.67,5,1.0,1.0,1.0,-0.08454792745899939,-0.14072549061658157,-28.3018179905799,1,2.5,2.5,0.0,HUBERT_BASE,6
8230-279154-0003_1580-141083-0001__T2__SCV3FIX__VOICE-1580_CONTENT-8230-8230-279154-0003,1580,8230,,-23.98,5,1.0,1.0,1.0,-0.04418660651208219,-0.0693286088744276,-39.9842276884716,1,2.5,2.5,0.0,HUBERT_BASE,6
5142-33396-0057_7729-102255-0010__T1__SCV3FIX__VOICE-5142_CONTENT-7729-7729-102255-0010,5142,7729,,12.51,5,0.0,0.0,0.0,0.10600165102620633,0.07539654884179348,26.372336769333696,0,0.0,0.0,-1.0,HUBERT_BASE,6
61-70970-0011_4077-13751-0002__T2__SCV3FIX__VOICE-4077_CONTENT-61-61-70970-0011,4077,61,,-11.98,11,0.6363636363636364,1.0,0.6363636363636364,-0.035969095502378895,-0.18425792087157378,-11.742751252039897,2,1.5,1.5,0.5,HUBERT_BASE,6
908-31957-0006_8224-274381-0015__T2__SCV3FIX__VOICE-8224_CONTENT-908-908-31957-0006,8224,908,,-5.93,10,0.5,0.7,0.3,0.0056849222548418284,-0.11741590964899473,-5.287844222097276,2,1.5,1.25,0.0,HUBERT_BASE,6
260-123286-0019_1580-141083-0024__T1__SCV3FIX__VOICE-260_CONTENT-1580-1580-141083-0024,260,1580,,9.37,7,0.0,0.0,0.0,0.07742174115243079,0.0028375457725589026,33.92429761512434,0,0.0,0.0,-1.0,HUBERT_BASE,6
4992-23283-0003_1995-1837-0029__T1__SCV3FIX__VOICE-4992_CONTENT-1995-1995-1837-0029,4992,1995,,14.19,8,0.0,0.0,0.0,0.08668669157540465,0.02389812421686177,39.78358743610833,0,0.0,0.0,-1.0,HUBERT_BASE,6
1995-1837-0001_6930-76324-0014__T1__SCV3FIX__VOICE-1995_CONTENT-6930-6930-76324-0014,1995,6930,,-38.29,8,1.0,1.0,1.0,-0.0892270896455688,-0.17511249521216032,-37.97174847884997,1,4.0,4.0,0.0,HUBERT_BASE,6
4970-29095-0025_2830-3980-0005__T1__SCV3FIX__VOICE-4970_CONTENT-2830-2830-3980-0005,4970,2830,,-27.05,6,1.0,1.0,1.0,-0.1957169375183395,-0.3348963789717807,-53.70324330132954,1,3.0,3.0,0.0,HUBERT_BASE,6
7021-79759-0002_1188-133604-0039__T1__SCV3FIX__VOICE-7021_CONTENT-1188-1188-133604-0039,7021,1188,,-10.56,9,0.8888888888888888,1.0,0.8888888888888888,-0.07691946185734715,-0.1684983066670097,-20.3901980473409,2,2.5,2.0,0.0,HUBERT_BASE,6
4970-29095-0004_260-123286-0024__T2__SCV3FIX__VOICE-260_CONTENT-4970-4970-29095-0004,260,4970,,11.82,5,0.0,0.0,0.0,0.060585360002097646,0.0013062953687715817,42.83864084289698,0,0.0,0.0,-1.0,HUBERT_BASE,6
1284-1180-0015_6829-68771-0023__T2__SCV3FIX__VOICE-6829_CONTENT-1284-1284-1180-0015,6829,1284,,11.98,9,0.1111111111111111,0.0,0.0,0.027188571554388155,-0.04246157829018915,22.99532484083502,0,0.0,0.0,-1.0,HUBERT_BASE,6
7729-102255-0024_237-134493-0011__T1__SCV3FIX__VOICE-7729_CONTENT-237-237-134493-0011,7729,237,,9.51,9,0.0,0.0,0.0,0.12527313283545125,0.07966912313972696,42.96233378648829,0,0.0,0.0,-1.0,HUBERT_BASE,6
8455-210777-0020_61-70968-0054__T1__SCV3FIX__VOICE-8455_CONTENT-61-61-70968-0054,8455,61,,13.46,5,0.0,0.0,0.0,0.1267361818132388,0.045408667932274716,33.83669959202182,0,0.0,0.0,-1.0,HUBERT_BASE,6
1580-141084-0011_7127-75946-0013__T1__SCV3FIX__VOICE-1580_CONTENT-7127-7127-75946-0013,1580,7127,,-19.96,8,1.0,1.0,1.0,-0.0880875313948547,-0.21131902231953026,-36.58956749375696,1,4.0,4.0,0.0,HUBERT_BASE,6
5683-32866-0018_1089-134686-0002__T1__SCV3FIX__VOICE-5683_CONTENT-1089-1089-134686-0002,5683,1089,,12.66,9,0.0,0.0,0.0,0.10363825054344725,0.04637587254135089,36.79851146695638,0,0.0,0.0,-1.0,HUBERT_BASE,6
3575-170457-0023_8230-279154-0008__T2__SCV3FIX__VOICE-8230_CONTENT-3575-3575-170457-0023,8230,3575,,7.04,6,0.0,0.0,0.0,0.0476663296069594,0.008226156070218149,25.751577755831608,0,0.0,0.0,-1.0,HUBERT_BASE,6
1580-141084-0049_4507-16021-0008__T2__SCV3FIX__VOICE-4507_CONTENT-1580-1580-141084-0049,4507,1580,,11.24,6,0.0,0.0,0.0,0.08577817653623022,0.03280156584450944,41.15203438634998,0,0.0,0.0,-1.0,HUBERT_BASE,6
4446-2271-0014_672-122797-0057__T1__SCV3FIX__VOICE-4446_CONTENT-672-672-122797-0057,4446,672,,0.13,8,0.0,0.25,0.0,0.10834812012688237,0.022379403631324846,8.35366320606334,0,0.0,0.0,-1.0,HUBERT_BASE,6
3570-5694-0001_1089-134691-0022__T1__SCV3FIX__VOICE-3570_CONTENT-1089-1089-134691-0022,3570,1089,,-24.67,10,1.0,1.0,1.0,-0.07741090223835045,-0.11222589460427368,-36.71680134845791,1,5.0,5.0,0.0,HUBERT_BASE,6
672-122797-0058_4992-23283-0019__T1__SCV3FIX__VOICE-672_CONTENT-4992-4992-23283-0019,672,4992,,8.87,7,0.0,0.0,0.0,0.09917063115185512,0.056994264712273424,32.23506693821597,0,0.0,0.0,-1.0,HUBERT_BASE,6
6829-68771-0006_5105-28241-0016__T2__SCV3FIX__VOICE-5105_CONTENT-6829-6829-68771-0006,5105,6829,,11.83,10,0.1,0.0,0.0,0.04855787304696589,-1.3295683301217665e-05,28.00770001746808,0,0.0,0.0,-1.0,HUBERT_BASE,6
6930-76324-0017_4446-2275-0001__T2__SCV3FIX__VOICE-4446_CONTENT-6930-6930-76324-0017,4446,6930,,7.16,8,0.0,0.0,0.0,0.10329504467051297,0.062414466086457954,30.96585448360466,0,0.0,0.0,-1.0,HUBERT_BASE,6
2830-3980-0008_121-127105-0013__T2__SCV3FIX__VOICE-121_CONTENT-2830-2830-3980-0008,121,2830,,-21.39,8,1.0,1.0,1.0,-0.10781066554033275,-0.18192822563290012,-37.1745856564711,1,4.0,4.0,0.0,HUBERT_BASE,6
4992-41797-0007_5142-36377-0020__T2__SCV3FIX__VOICE-5142_CONTENT-4992-4992-41797-0007,5142,4992,,11.11,8,0.0,0.0,0.0,0.10382947349753018,0.023231862181511076,31.92105178966701,0,0.0,0.0,-1.0,HUBERT_BASE,6
6930-81414-0020_260-123286-0002__T1__SCV3FIX__VOICE-6930_CONTENT-260-260-123286-0002,6930,260,,-26.88,9,1.0,1.0,1.0,-0.1263497760542582,-0.2024195413766423,-41.20932837874058,1,4.5,4.5,0.0,HUBERT_BASE,6
61-70970-0036_1089-134686-0016__T2__SCV3FIX__VOICE-1089_CONTENT-61-61-70970-0036,1089,61,,-0.53,6,0.6666666666666666,0.8333333333333334,0.6666666666666666,-0.05231554310130091,-0.18448113728110105,-6.0641922357376385,1,1.5,1.5,1.5,HUBERT_BASE,6
6829-68769-0026_61-70970-0028__T2__SCV3FIX__VOICE-61_CONTENT-6829-6829-68769-0026,61,6829,,8.74,8,0.0,0.0,0.0,0.09811425722453299,0.033969888183745245,28.620175010304557,0,0.0,0.0,-1.0,HUBERT_BASE,6
6829-68771-0019_7176-92135-0035__T1__SCV3FIX__VOICE-6829_CONTENT-7176-7176-92135-0035,6829,7176,,-19.0,5,1.0,1.0,1.0,-0.10271171310148557,-0.18011963007222898,-39.048817701354714,1,2.5,2.5,0.0,HUBERT_BASE,6
5142-33396-0015_7729-102255-0036__T1__SCV3FIX__VOICE-5142_CONTENT-7729-7729-102255-0036,5142,7729,,-19.61,7,1.0,1.0,1.0,-0.0655653027710373,-0.091965851141243,-32.9843293123259,1,3.5,3.5,0.0,HUBERT_BASE,6
5142-33396-0034_7021-85628-0006__T1__SCV3FIX__VOICE-5142_CONTENT-7021-7021-85628-0006,5142,7021,,-23.26,6,1.0,1.0,1.0,-0.06765733973142589,-0.08313887903566708,-36.95847391649972,1,3.0,3.0,0.0,HUBERT_BASE,6
4992-41797-0016_4446-2271-0017__T2__SCV3FIX__VOICE-4446_CONTENT-4992-4992-41797-0016,4446,4992,,9.66,5,0.2,0.0,0.0,0.060308467325674964,-0.02709531891367667,22.599258010531827,0,0.0,0.0,-1.0,HUBERT_BASE,6
1089-134691-0015_672-122797-0050__T1__SCV3FIX__VOICE-1089_CONTENT-672-672-122797-0050,1089,672,,14.97,4,0.0,0.0,0.0,0.17555603316390156,0.14170956129372259,46.68450998384477,0,0.0,0.0,-1.0,HUBERT_BASE,6
1995-1836-0003_8230-279154-0000__T2__SCV3FIX__VOICE-8230_CONTENT-1995-1995-1836-0003,8230,1995,,13.11,14,0.0,0.0,0.0,0.11992814783795325,0.06428891093439526,42.91290954741269,0,0.0,0.0,-1.0,HUBERT_BASE,6
8230-279154-0003_3570-5695-0002__T2__SCV3FIX__VOICE-3570_CONTENT-8230-8230-279154-0003,3570,8230,,-24.58,5,1.0,1.0,1.0,-0.03925637521970284,-0.062106299252870256,-36.895304474445695,1,2.5,2.5,0.0,HUBERT_BASE,6
7176-88083-0019_5142-36377-0000__T1__SCV3FIX__VOICE-7176_CONTENT-5142-5142-36377-0000,7176,5142,,9.74,5,0.0,0.0,0.0,0.10525259139696841,0.08344430061847219,40.59934738096755,0,0.0,0.0,-1.0,HUBERT_BASE,6
8555-284447-0004_7176-92135-0001__T1__SCV3FIX__VOICE-8555_CONTENT-7176-7176-92135-0001,8555,7176,,14.33,9,0.0,0.0,0.0,0.08659416954844323,0.010477181399850988,38.7522054425667,0,0.0,0.0,-1.0,HUBERT_BASE,6
237-126133-0014_3729-6852-0037__T2__SCV3FIX__VOICE-3729_CONTENT-237-237-126133-0014,3729,237,,-16.15,10,0.8,1.0,0.8,-0.03144243990804148,-0.09168035155043197,-24.85761461188752,2,2.5,2.0,0.0,HUBERT_BASE,6
7176-92135-0013_61-70970-0031__T1__SCV3FIX__VOICE-7176_CONTENT-61-61-70970-0031,7176,61,,-1.86,5,0.6,0.6,0.4,-0.00925359697817123,-0.07776785204847403,-1.550060588232787,1,1.5,1.5,0.5,HUBERT_BASE,6
1284-1181-0008_4970-29095-0030__T1__SCV3FIX__VOICE-1284_CONTENT-4970-4970-29095-0030,1284,4970,,4.57,8,0.125,0.0,0.0,0.04067605682906798,-0.023304398679253158,16.816865987784176,0,0.0,0.0,-1.0,HUBERT_BASE,6
8463-294825-0002_1188-133604-0000__T1__SCV3FIX__VOICE-8463_CONTENT-1188-1188-133604-0000,8463,1188,,-31.9,18,1.0,1.0,1.0,-0.10586408944511899,-0.22615127937398405,-49.25184525139677,1,9.0,9.0,0.0,HUBERT_BASE,6
7176-92135-0013_3575-170457-0008__T2__SCV3FIX__VOICE-3575_CONTENT-7176-7176-92135-0013,3575,7176,,-21.44,5,1.0,1.0,1.0,-0.11836936595586182,-0.19965643416557965,-38.446125495882754,1,2.5,2.5,0.0,HUBERT_BASE,6
4992-41797-0017_8555-284447-0002__T1__SCV3FIX__VOICE-4992_CONTENT-8555-8555-284447-0002,4992,8555,,9.95,15,0.0,0.0,0.0,0.0875415922279818,0.021554112003305037,34.355108609470854,0,0.0,0.0,-1.0,HUBERT_BASE,6
61-70970-0024_2961-961-0018__T2__SCV3FIX__VOICE-2961_CONTENT-61-61-70970-0024,2961,61,,-12.62,9,0.8888888888888888,1.0,0.8888888888888888,-0.07046133969014325,-0.2138836483123595,-24.419649376650934,2,3.0,2.0,0.0,HUBERT_BASE,6
1284-1181-0006_61-70968-0004__T1__SCV3FIX__VOICE-1284_CONTENT-61-61-70968-0004,1284,61,,-17.66,6,1.0,1.0,1.0,-0.11869510480467288,-0.1770626867167724,-34.01967895909275,1,3.0,3.0,0.0,HUBERT_BASE,6
908-157963-0022_1089-134686-0023__T2__SCV3FIX__VOICE-1089_CONTENT-908-908-157963-0022,1089,908,,-8.11,8,0.625,0.875,0.625,-0.00650326476411095,-0.08108746843287717,-5.765475333016721,1,2.0,2.0,1.5,HUBERT_BASE,6
1221-135766-0003_1320-122617-0009__T2__SCV3FIX__VOICE-1320_CONTENT-1221-1221-135766-0003,1320,1221,,14.73,14,0.0,0.0,0.0,0.1409608627349925,0.05668044530492644,42.90117635510403,0,0.0,0.0,-1.0,HUBERT_BASE,6
6829-68769-0048_1995-1837-0026__T1__SCV3FIX__VOICE-6829_CONTENT-1995-1995-1837-0026,6829,1995,,-5.08,11,0.2727272727272727,0.5454545454545454,0.2727272727272727,0.02611187011182393,-0.08317393889661628,-1.6538361567090065,0,0.0,0.0,-1.0,HUBERT_BASE,6
8463-294828-0014_260-123440-0005__T2__SCV3FIX__VOICE-260_CONTENT-8463-8463-294828-0014,260,8463,,5.46,5,0.0,0.0,0.0,0.07647189149419087,0.028895379257184217,29.52476965085598,0,0.0,0.0,-1.0,HUBERT_BASE,6
6930-81414-0010_5142-33396-0020__T1__SCV3FIX__VOICE-6930_CONTENT-5142-5142-33396-0020,6930,5142,,13.43,5,0.0,0.0,0.0,0.11786001133367878,0.01750905166566319,32.59592755970023,0,0.0,0.0,-1.0,HUBERT_BASE,6
8455-210777-0037_8463-294828-0009__T1__SCV3FIX__VOICE-8455_CONTENT-8463-8463-294828-0009,8455,8463,,13.5,7,0.0,0.0,0.0,0.12288003044833894,0.05969602296226595,45.39427404621512,0,0.0,0.0,-1.0,HUBERT_BASE,6
8463-294825-0005_7729-102255-0042__T1__SCV3FIX__VOICE-8463_CONTENT-7729-7729-102255-0042,8463,7729,,-28.04,14,1.0,1.0,1.0,-0.09122088703229433,-0.1711473634759899,-34.51200621976333,1,7.0,7.0,0.0,HUBERT_BASE,6
237-134500-0016_6930-81414-0024__T2__SCV3FIX__VOICE-6930_CONTENT-237-237-134500-0016,6930,237,,5.93,5,0.2,0.0,0.0,0.04974814062300063,-0.05135132383429941,17.489733302441667,0,0.0,0.0,-1.0,HUBERT_BASE,6
260-123288-0008_2830-3980-0056__T2__SCV3FIX__VOICE-2830_CONTENT-260-260-123288-0008,2830,260,,4.49,9,0.3333333333333333,0.0,0.0,0.04929688203706639,-0.1363288814177812,18.586129746601888,1,1.0,1.0,1.0,HUBERT_BASE,6
260-123286-0022_4446-2271-0010__T1__SCV3FIX__VOICE-260_CONTENT-4446-4446-2271-0010,260,4446,,9.68,5,0.0,0.0,0.0,0.0987836500090351,0.06672549512005654,30.638181009121148,0,0.0,0.0,-1.0,HUBERT_BASE,6
8455-210777-0031_6829-68769-0030__T2__SCV3FIX__VOICE-6829_CONTENT-8455-8455-210777-0031,6829,8455,,-25.87,8,0.75,1.0,0.75,-0.02538557748603401,-0.08347764825423964,-29.023754633559573,1,3.0,3.0,0.5,HUBERT_BASE,6
2830-3980-0045_260-123288-0010__T1__SCV3FIX__VOICE-2830_CONTENT-260-260-123288-0010,2830,260,,9.18,6,0.0,0.0,0.0,0.06312630992921513,0.027932579898178322,30.362627553972462,0,0.0,0.0,-1.0,HUBERT_BASE,6
237-134500-0008_8455-210777-0040__T2__SCV3FIX__VOICE-8455_CONTENT-237-237-134500-0008,8455,237,,18.89,6,0.0,0.0,0.0,0.1046486163391676,0.0017362284713166032,43.74532794528258,0,0.0,0.0,-1.0,HUBERT_BASE,6
121-121726-0002_260-123286-0011__T2__SCV3FIX__VOICE-260_CONTENT-121-121-121726-0002,260,121,,12.17,7,0.0,0.0,0.0,0.15997260312971312,0.06449401914251596,33.03365753551767,0,0.0,0.0,-1.0,HUBERT_BASE,6
5639-40744-0019_237-134500-0022__T1__SCV3FIX__VOICE-5639_CONTENT-237-237-134500-0022,5639,237,,11.86,9,0.0,0.0,0.0,0.09039140582816134,0.046182046106192254,31.78450010984292,0,0.0,0.0,-1.0,HUBERT_BASE,6
4446-2273-0019_260-123288-0010__T2__SCV3FIX__VOICE-260_CONTENT-4446-4446-2273-0019,260,4446,,12.61,5,0.0,0.0,0.0,0.05171257053997147,0.018832921605153152,37.90544801932229,0,0.0,0.0,-1.0,HUBERT_BASE,6
2830-3980-0048_8555-292519-0007__T1__SCV3FIX__VOICE-2830_CONTENT-8555-8555-292519-0007,2830,8555,,17.74,15,0.0,0.0,0.0,0.11399008132610558,0.028674070320685363,44.97096675811453,0,0.0,0.0,-1.0,HUBERT_BASE,6
5683-32865-0006_908-157963-0020__T2__SCV3FIX__VOICE-908_CONTENT-5683-5683-32865-0006,908,5683,,11.56,5,0.0,0.0,0.0,0.1259627242704492,0.07307469290771262,39.801279311209775,0,0.0,0.0,-1.0,HUBERT_BASE,6
7021-79740-0011_3575-170457-0014__T1__SCV3FIX__VOICE-7021_CONTENT-3575-3575-170457-0014,7021,3575,,10.59,12,0.08333333333333333,0.0,0.0,0.08515544363587602,-0.01692909069351145,35.53331293052819,0,0.0,0.0,-1.0,HUBERT_BASE,6
6930-75918-0006_1580-141083-0033__T1__SCV3FIX__VOICE-6930_CONTENT-1580-1580-141083-0033,6930,1580,,10.52,10,0.0,0.0,0.0,0.057514925155441654,0.017424998046879803,33.042034147167534,0,0.0,0.0,-1.0,HUBERT_BASE,6
6829-68771-0018_7021-79740-0006__T2__SCV3FIX__VOICE-7021_CONTENT-6829-6829-68771-0018,7021,6829,,13.61,10,0.0,0.0,0.0,0.06519323442295095,0.004042684951037101,39.28241990875067,0,0.0,0.0,-1.0,HUBERT_BASE,6
6829-68771-0025_4992-41806-0004__T1__SCV3FIX__VOICE-6829_CONTENT-4992-4992-41806-0004,6829,4992,,-17.3,6,0.8333333333333334,1.0,0.8333333333333334,-0.0599363698378085,-0.1365896063580142,-32.57435563696375,1,2.5,2.5,0.0,HUBERT_BASE,6
4992-41797-0010_2830-3980-0037__T2__SCV3FIX__VOICE-2830_CONTENT-4992-4992-41797-0010,2830,4992,,12.73,11,0.09090909090909091,0.0,0.0,0.11522928982083695,-0.05073093720903121,43.07116332791369,0,0.0,0.0,-1.0,HUBERT_BASE,6
121-121726-0002_8455-210777-0041__T1__SCV3FIX__VOICE-121_CONTENT-8455-8455-210777-0041,121,8455,,-13.4,6,0.8333333333333334,1.0,0.8333333333333334,-0.20918661873362276,-0.31391424957003233,-32.296772182376536,1,2.5,2.5,0.5,HUBERT_BASE,6
3570-5695-0009_2961-961-0017__T2__SCV3FIX__VOICE-2961_CONTENT-3570-3570-5695-0009,2961,3570,,11.34,9,0.1111111111111111,0.0,0.0,0.043481522634419956,-0.002658247894527954,30.010965224052516,0,0.0,0.0,-1.0,HUBERT_BASE,6
61-70970-0034_4507-16021-0005__T1__SCV3FIX__VOICE-61_CONTENT-4507-4507-16021-0005,61,4507,,9.52,7,0.0,0.0,0.0,0.12824527524151294,0.0488006486537067,38.561096876911115,0,0.0,0.0,-1.0,HUBERT_BASE,6
1320-122617-0011_7127-75947-0003__T1__SCV3FIX__VOICE-1320_CONTENT-7127-7127-75947-0003,1320,7127,,7.11,10,0.3,0.0,0.0,0.044573330042034495,-0.03480303632784543,15.302999351960342,1,1.0,1.0,4.0,HUBERT_BASE,6
2830-3980-0048_6930-76324-0003__T2__SCV3FIX__VOICE-6930_CONTENT-2830-2830-3980-0048,6930,2830,,10.48,5,0.6,0.2,0.2,0.04375296763108945,-0.028228582069673602,8.557959741615736,1,1.5,1.5,0.5,HUBERT_BASE,6
6930-81414-0000_1320-122612-0012__T2__SCV3FIX__VOICE-1320_CONTENT-6930-6930-81414-0000,1320,6930,,12.01,19,0.0,0.0,0.0,0.09866398744917525,0.012247442954208876,34.50344489876934,0,0.0,0.0,-1.0,HUBERT_BASE,6
5142-33396-0026_8455-210777-0059__T1__SCV3FIX__VOICE-5142_CONTENT-8455-8455-210777-0059,5142,8455,,-15.87,5,1.0,1.0,1.0,-0.1726525202432665,-0.26706844034115684,-40.61396312780463,1,2.5,2.5,0.0,HUBERT_BASE,6
6829-68769-0044_1320-122612-0008__T1__SCV3FIX__VOICE-6829_CONTENT-1320-1320-122612-0008,6829,1320,,-21.65,5,1.0,1.0,1.0,-0.06804731996358197,-0.15028500139406875,-32.91898349413107,1,2.5,2.5,0.0,HUBERT_BASE,6
3575-170457-0051_2830-3980-0066__T2__SCV3FIX__VOICE-2830_CONTENT-3575-3575-170457-0051,2830,3575,,10.65,8,0.0,0.0,0.0,0.05982439137889878,0.017870599715717805,28.040010408407856,0,0.0,0.0,-1.0,HUBERT_BASE,6
5142-33396-0033_8455-210777-0011__T1__SCV3FIX__VOICE-5142_CONTENT-8455-8455-210777-0011,5142,8455,,-33.77,9,1.0,1.0,1.0,-0.11340883117066596,-0.21421321371486135,-45.92604441023758,1,4.5,4.5,0.0,HUBERT_BASE,6
6829-68769-0049_1320-122617-0001__T2__SCV3FIX__VOICE-1320_CONTENT-6829-6829-68769-0049,1320,6829,,13.91,13,0.07692307692307693,0.0,0.0,0.08068479714118325,-0.0013394355506038957,39.361429031264706,0,0.0,0.0,-1.0,HUBERT_BASE,6
7729-102255-0014_1320-122617-0023__T2__SCV3FIX__VOICE-1320_CONTENT-7729-7729-102255-0014,1320,7729,,9.9,9,0.0,0.0,0.0,0.11706651979246502,0.00728857502665281,31.911571774959626,0,0.0,0.0,-1.0,HUBERT_BASE,6
4077-13751-0016_1320-122617-0010__T1__SCV3FIX__VOICE-4077_CONTENT-1320-1320-122617-0010,4077,1320,,-12.31,19,1.0,1.0,1.0,-0.07829824206770297,-0.36165178704131307,-26.144857839339718,1,9.5,9.5,0.0,HUBERT_BASE,6
1995-1836-0003_4992-41806-0011__T2__SCV3FIX__VOICE-4992_CONTENT-1995-1995-1836-0003,4992,1995,,11.43,14,0.0,0.0,0.0,0.046883612440824,0.001924937342618005,27.083623748911183,0,0.0,0.0,-1.0,HUBERT_BASE,6
260-123440-0019_8455-210777-0044__T1__SCV3FIX__VOICE-260_CONTENT-8455-8455-210777-0044,260,8455,,4.74,12,0.0,0.0,0.0,0.08889975477762103,0.030899823935721105,30.975348162126295,0,0.0,0.0,-1.0,HUBERT_BASE,6
260-123286-0019_1580-141083-0024__T2__SCV3FIX__VOICE-1580_CONTENT-260-260-123286-0019,1580,260,,-22.98,7,0.8571428571428571,1.0,0.8571428571428571,-0.07543005237323376,-0.11399678421025605,-36.38293298973478,1,3.0,3.0,0.5,HUBERT_BASE,6
5683-32866-0005_1284-1181-0002__T1__SCV3FIX__VOICE-5683_CONTENT-1284-1284-1181-0002,5683,1284,,10.42,6,0.0,0.0,0.0,0.06387576716494624,0.02439981650190237,31.425891095430188,0,0.0,0.0,-1.0,HUBERT_BASE,6
908-31957-0017_2094-142345-0005__T2__SCV3FIX__VOICE-2094_CONTENT-908-908-31957-0017,2094,908,,-10.56,14,1.0,0.8571428571428571,0.8571428571428571,-0.10119019928607433,-0.16951937270400974,-14.71715515373065,1,7.0,7.0,0.0,HUBERT_BASE,6
1188-133604-0029_1284-1180-0013__T1__SCV3FIX__VOICE-1188_CONTENT-1284-1284-1180-0013,1188,1284,,13.78,6,0.0,0.0,0.0,0.17352085199819878,0.10330617221213578,44.18478055304894,0,0.0,0.0,-1.0,HUBERT_BASE,6
6829-68769-0051_61-70968-0024__T1__SCV3FIX__VOICE-6829_CONTENT-61-61-70968-0024,6829,61,,-10.98,6,0.6666666666666666,0.6666666666666666,0.6666666666666666,-0.015874905715765202,-0.10553867042814313,-13.805792880721336,1,2.0,2.0,0.0,HUBERT_BASE,6
4970-29093-0023_3575-170457-0009__T2__SCV3FIX__VOICE-3575_CONTENT-4970-4970-29093-0023,3575,4970,,-20.66,12,0.75,1.0,0.75,-0.026244326814004505,-0.11677456364581129,-20.396732491835632,2,3.0,2.0,1.5,HUBERT_BASE,6
1089-134686-0026_8224-274384-0010__T1__SCV3FIX__VOICE-1089_CONTENT-8224-8224-274384-0010,1089,8224,,12.69,7,0.0,0.0,0.0,0.08733804059382931,0.03557032113409031,27.710970669934444,0,0.0,0.0,-1.0,HUBERT_BASE,6
237-134500-0024_1320-122617-0024__T2__SCV3FIX__VOICE-1320_CONTENT-237-237-134500-0024,1320,237,,11.42,7,0.0,0.0,0.0,0.08801531954652993,0.044092180090981814,43.983816427842044,0,0.0,0.0,-1.0,HUBERT_BASE,6
2094-142345-0001_1089-134691-0008__T2__SCV3FIX__VOICE-1089_CONTENT-2094-2094-142345-0001,1089,2094,,7.43,15,0.0,0.0,0.0,0.12463325789592986,0.05510866131113634,27.863333679499632,0,0.0,0.0,-1.0,HUBERT_BASE,6
2094-142345-0028_6829-68769-0024__T2__SCV3FIX__VOICE-6829_CONTENT-2094-2094-142345-0028,6829,2094,,6.98,8,0.0,0.0,0.0,0.07114837611564817,0.02566069313226349,19.590686160911037,0,0.0,0.0,-1.0,HUBERT_BASE,6
61-70968-0029_1320-122612-0003__T1__SCV3FIX__VOICE-61_CONTENT-1320-1320-122612-0003,61,1320,,-3.51,5,0.4,1.0,0.4,0.04831774942694818,-0.019196331117080412,-11.505474481661063,0,0.0,0.0,-1.0,HUBERT_BASE,6
5105-28240-0019_1320-122612-0015__T1__SCV3FIX__VOICE-5105_CONTENT-1320-1320-122612-0015,5105,1320,,-16.32,11,1.0,1.0,1.0,-0.11240923618483788,-0.25303853449310654,-31.73865396589888,1,5.5,5.5,0.0,HUBERT_BASE,6
8224-274384-0002_2830-3979-0010__T1__SCV3FIX__VOICE-8224_CONTENT-2830-2830-3979-0010,8224,2830,,5.65,5,0.2,0.0,0.0,0.025858464169898586,-0.03702199605700229,14.734615689899545,0,0.0,0.0,-1.0,HUBERT_BASE,6
61-70968-0056_7176-92135-0025__T2__SCV3FIX__VOICE-7176_CONTENT-61-61-70968-0056,7176,61,,-8.21,6,0.6666666666666666,1.0,0.6666666666666666,-0.03435855764188437,-0.14373298128821643,-18.01915429393925,1,2.0,2.0,0.0,HUBERT_BASE,6
7021-79740-0006_4446-2273-0034__T2__SCV3FIX__VOICE-4446_CONTENT-7021-7021-79740-0006,4446,7021,,-19.44,6,1.0,1.0,1.0,-0.06821109805563381,-0.15431618381858359,-37.098109558898095,1,3.0,3.0,0.0,HUBERT_BASE,6
237-134493-0014_3570-5694-0009__T2__SCV3FIX__VOICE-3570_CONTENT-237-237-134493-0014,3570,237,,13.11,6,0.16666666666666666,0.0,0.0,0.02714980087514446,-0.08574700184035777,30.196103190568923,0,0.0,0.0,-1.0,HUBERT_BASE,6
6829-68769-0023_61-70970-0021__T2__SCV3FIX__VOICE-61_CONTENT-6829-6829-68769-0023,61,6829,,6.55,8,0.0,0.0,0.0,0.10337604624749143,0.038154184055184115,26.662045198611864,0,0.0,0.0,-1.0,HUBERT_BASE,6
5105-28241-0006_8463-294828-0019__T2__SCV3FIX__VOICE-8463_CONTENT-5105-5105-28241-0006,8463,5105,,-21.77,8,1.0,1.0,1.0,-0.09879800762818011,-0.26218616438060527,-36.01215664314027,1,4.0,4.0,0.0,HUBERT_BASE,6
2300-131720-0000_1284-1181-0020__T2__SCV3FIX__VOICE-1284_CONTENT-2300-2300-131720-0000,1284,2300,,-25.17,9,1.0,1.0,1.0,-0.10461579077742222,-0.1606262999889826,-34.55540887365359,1,4.5,4.5,0.0,HUBERT_BASE,6
1580-141083-0006_7176-88083-0024__T1__SCV3FIX__VOICE-1580_CONTENT-7176-7176-88083-0024,1580,7176,,-20.69,15,0.9333333333333333,1.0,0.9333333333333333,-0.07106971602255947,-0.12132477517665397,-34.17402188002743,2,5.5,3.5,0.0,HUBERT_BASE,6
6829-68769-0039_2300-131720-0037__T2__SCV3FIX__VOICE-2300_CONTENT-6829-6829-68769-0039,2300,6829,,15.76,7,0.0,0.0,0.0,0.04195351376688034,0.007541596738663836,33.574096526951166,0,0.0,0.0,-1.0,HUBERT_BASE,6
6930-75918-0006_1580-141083-0033__T2__SCV3FIX__VOICE-1580_CONTENT-6930-6930-75918-0006,1580,6930,,-21.59,10,1.0,1.0,1.0,-0.05874319220793549,-0.12675852201639626,-33.707802611805306,1,5.0,5.0,0.0,HUBERT_BASE,6
7729-102255-0027_8555-284449-0015__T1__SCV3FIX__VOICE-7729_CONTENT-8555-8555-284449-0015,7729,8555,,14.1,9,0.0,0.0,0.0,0.13829767878345486,0.013693042950700285,41.0794372126843,0,0.0,0.0,-1.0,HUBERT_BASE,6
8455-210777-0027_6930-76324-0021__T1__SCV3FIX__VOICE-8455_CONTENT-6930-6930-76324-0021,8455,6930,,9.95,13,0.0,0.0,0.0,0.11080940322961778,0.04396909911540836,38.21243065366836,0,0.0,0.0,-1.0,HUBERT_BASE,6
4507-16021-0036_7021-85628-0027__T2__SCV3FIX__VOICE-7021_CONTENT-4507-4507-16021-0036,7021,4507,,14.92,9,0.0,0.0,0.0,0.11189962327732439,0.039870198562093395,49.926694160361905,0,0.0,0.0,-1.0,HUBERT_BASE,6
5639-40744-0013_3570-5695-0014__T2__SCV3FIX__VOICE-3570_CONTENT-5639-5639-40744-0013,3570,5639,,-35.68,12,0.9166666666666666,1.0,0.9166666666666666,-0.056116654413174864,-0.10735135955050024,-45.97007560143589,2,4.5,2.75,0.0,HUBERT_BASE,6
8463-294828-0019_6930-76324-0026__T1__SCV3FIX__VOICE-8463_CONTENT-6930-6930-76324-0026,8463,6930,,4.71,5,0.2,0.2,0.0,0.019480371180241374,-0.020969684061366123,11.774622984821615,0,0.0,0.0,-1.0,HUBERT_BASE,6
908-157963-0011_8230-279154-0024__T2__SCV3FIX__VOICE-8230_CONTENT-908-908-157963-0011,8230,908,,-28.03,11,1.0,1.0,1.0,-0.1087770290612902,-0.23448766289738732,-29.425706943198573,1,5.5,5.5,0.0,HUBERT_BASE,6
3575-170457-0052_8463-287645-0008__T1__SCV3FIX__VOICE-3575_CONTENT-8463-8463-287645-0008,3575,8463,,-1.8,5,0.6,0.6,0.6,-0.04022636396940789,-0.147076852893542,-11.4258045369635,1,1.0,1.0,1.5,HUBERT_BASE,6
7127-75946-0018_7176-92135-0040__T1__SCV3FIX__VOICE-7127_CONTENT-7176-7176-92135-0040,7127,7176,,-10.96,17,0.7058823529411765,0.9411764705882353,0.7058823529411765,-0.041170673240380436,-0.14301779420319483,-20.600218172273056,3,2.5,1.8333333333333333,1.5,HUBERT_BASE,6
61-70968-0015_1580-141084-0010__T2__SCV3FIX__VOICE-1580_CONTENT-61-61-70968-0015,1580,61,,-21.0,7,1.0,1.0,1.0,-0.08864790394056761,-0.1505806532856001,-37.569122541177805,1,3.5,3.5,0.0,HUBERT_BASE,6
5105-28233-0002_121-127105-0022__T1__SCV3FIX__VOICE-5105_CONTENT-121-121-127105-0022,5105,121,,10.98,9,0.0,0.0,0.0,0.13280682217292916,0.021323378879038013,36.34899132999985,0,0.0,0.0,-1.0,HUBERT_BASE,6
4446-2275-0042_3570-5696-0004__T1__SCV3FIX__VOICE-4446_CONTENT-3570-3570-5696-0004,4446,3570,,-23.01,8,1.0,1.0,1.0,-0.11232066772537072,-0.2283435094396854,-44.20495530139982,1,4.0,4.0,0.0,HUBERT_BASE,6
1221-135767-0010_2830-3980-0039__T2__SCV3FIX__VOICE-2830_CONTENT-1221-1221-135767-0010,2830,1221,,11.87,9,0.0,0.0,0.0,0.10105068104872879,0.021069526250972692,38.706262292693786,0,0.0,0.0,-1.0,HUBERT_BASE,6
4970-29095-0004_908-31957-0020__T1__SCV3FIX__VOICE-4970_CONTENT-908-908-31957-0020,4970,908,,-7.69,10,0.9,1.0,0.9,-0.037420596077785126,-0.07104659361882892,-17.80922090238428,2,2.5,2.25,0.0,HUBERT_BASE,6
3729-6852-0037_1995-1826-0019__T1__SCV3FIX__VOICE-3729_CONTENT-1995-1995-1826-0019,3729,1995,,-10.02,9,0.5555555555555556,0.7777777777777778,0.5555555555555556,-0.008666934352777557,-0.058329114640673585,-22.96014994294333,2,1.0,1.0,0.0,HUBERT_BASE,6
672-122797-0016_6930-81414-0027__T2__SCV3FIX__VOICE-6930_CONTENT-672-672-122797-0016,6930,672,,-9.87,6,0.8333333333333334,1.0,0.8333333333333334,-0.030774068156282825,-0.08500366702619855,-21.97588876233497,2,1.5,1.25,0.0,HUBERT_BASE,6
5142-33396-0035_4077-13751-0011__T1__SCV3FIX__VOICE-5142_CONTENT-4077-4077-13751-0011,5142,4077,,-16.74,6,1.0,1.0,1.0,-0.1238403312380884,-0.18172956232733972,-32.73149159661926,1,3.0,3.0,0.0,HUBERT_BASE,6
5683-32866-0027_2830-3980-0030__T2__SCV3FIX__VOICE-2830_CONTENT-5683-5683-32866-0027,2830,5683,,10.37,8,0.0,0.0,0.0,0.0832273734858461,0.05411900955306315,32.02453683449997,0,0.0,0.0,-1.0,HUBERT_BASE,6
5105-28241-0013_8555-284449-0001__T1__SCV3FIX__VOICE-5105_CONTENT-8555-8555-284449-0001,5105,8555,,12.31,8,0.0,0.0,0.0,0.08958159453414638,0.05756634776838809,41.61393178689859,0,0.0,0.0,-1.0,HUBERT_BASE,6
3570-5694-0000_7176-88083-0002__T1__SCV3FIX__VOICE-3570_CONTENT-7176-7176-88083-0002,3570,7176,,-26.69,14,1.0,1.0,1.0,-0.08149557241714499,-0.12119586031999796,-36.155865437017304,1,7.0,7.0,0.0,HUBERT_BASE,6
4992-41797-0019_2830-3980-0063__T1__SCV3FIX__VOICE-4992_CONTENT-2830-2830-3980-0063,4992,2830,,-27.39,8,1.0,1.0,1.0,-0.13238409578538404,-0.2283301007942088,-39.411609695508304,1,4.0,4.0,0.0,HUBERT_BASE,6
61-70968-0030_4507-16021-0055__T1__SCV3FIX__VOICE-61_CONTENT-4507-4507-16021-0055,61,4507,,12.3,10,0.0,0.0,0.0,0.14472916812932862,0.09261590057154068,39.30826035664919,0,0.0,0.0,-1.0,HUBERT_BASE,6
260-123288-0011_4446-2275-0029__T1__SCV3FIX__VOICE-260_CONTENT-4446-4446-2275-0029,260,4446,,10.13,11,0.0,0.0,0.0,0.0974954706935744,0.017072793797678676,36.78235384542782,0,0.0,0.0,-1.0,HUBERT_BASE,6
260-123288-0025_237-134500-0006__T1__SCV3FIX__VOICE-260_CONTENT-237-237-134500-0006,260,237,,8.99,7,0.0,0.0,0.0,0.07225536406463838,0.023979900250327923,31.01996454506956,0,0.0,0.0,-1.0,HUBERT_BASE,6
1221-135766-0003_908-31957-0002__T1__SCV3FIX__VOICE-1221_CONTENT-908-908-31957-0002,1221,908,,-17.21,8,0.875,1.0,0.875,-0.07254077746587138,-0.16911520396567026,-20.70460226239978,1,3.0,3.0,1.0,HUBERT_BASE,6
4507-16021-0050_2961-961-0003__T2__SCV3FIX__VOICE-2961_CONTENT-4507-4507-16021-0050,2961,4507,,15.33,5,0.0,0.0,0.0,0.10621265680253374,0.06830382802225532,33.81313019215269,0,0.0,0.0,-1.0,HUBERT_BASE,6
7176-92135-0012_4992-41797-0000__T1__SCV3FIX__VOICE-7176_CONTENT-4992-4992-41797-0000,7176,4992,,14.47,9,0.0,0.0,0.0,0.12366343003225794,0.08026098859001451,40.51999057034107,0,0.0,0.0,-1.0,HUBERT_BASE,6
3570-5695-0000_5105-28233-0006__T1__SCV3FIX__VOICE-3570_CONTENT-5105-5105-28233-0006,3570,5105,,-36.21,8,1.0,1.0,1.0,-0.07032476973896389,-0.12345934514203816,-41.54071052517881,1,4.0,4.0,0.0,HUBERT_BASE,6
4970-29095-0029_5142-33396-0002__T2__SCV3FIX__VOICE-5142_CONTENT-4970-4970-29095-0029,5142,4970,,14.34,6,0.0,0.0,0.0,0.04851576687140824,0.00933057539933857,35.97655086063124,0,0.0,0.0,-1.0,HUBERT_BASE,6
8463-294828-0023_1995-1826-0003__T1__SCV3FIX__VOICE-8463_CONTENT-1995-1995-1826-0003,8463,1995,,15.01,5,0.0,0.0,0.0,0.12182510534654092,0.11742658924677585,38.126156697150215,0,0.0,0.0,-1.0,HUBERT_BASE,6
4507-16021-0042_260-123286-0011__T1__SCV3FIX__VOICE-4507_CONTENT-260-260-123286-0011,4507,260,,-24.46,7,1.0,1.0,1.0,-0.07059701965998817,-0.09836871026554217,-38.45033840141553,1,3.5,3.5,0.0,HUBERT_BASE,6
908-31957-0023_5142-33396-0065__T1__SCV3FIX__VOICE-908_CONTENT-5142-5142-33396-0065,908,5142,,13.97,9,0.0,0.0,0.0,0.11471526100428399,0.02455699541074252,47.373654372940734,0,0.0,0.0,-1.0,HUBERT_BASE,6
5105-28233-0000_1221-135767-0018__T1__SCV3FIX__VOICE-5105_CONTENT-1221-1221-135767-0018,5105,1221,,10.64,8,0.0,0.0,0.0,0.07857064153609547,0.02596778309330261,35.44189626269208,0,0.0,0.0,-1.0,HUBERT_BASE,6
1284-1180-0014_4077-13754-0002__T2__SCV3FIX__VOICE-4077_CONTENT-1284-1284-1180-0014,4077,1284,,7.66,6,0.0,0.0,0.0,0.0640061005522712,0.011353191370499394,25.24685100122728,0,0.0,0.0,-1.0,HUBERT_BASE,6
1089-134686-0035_5683-32866-0010__T2__SCV3FIX__VOICE-5683_CONTENT-1089-1089-134686-0035,5683,1089,,-28.11,5,1.0,1.0,1.0,-0.033622968158549746,-0.0715647921554351,-29.434667674678302,1,2.5,2.5,0.0,HUBERT_BASE,6
1995-1836-0000_1320-122617-0015__T2__SCV3FIX__VOICE-1320_CONTENT-1995-1995-1836-0000,1320,1995,,11.98,9,0.0,0.0,0.0,0.12556745427640198,0.06862515380239231,47.217996266307445,0,0.0,0.0,-1.0,HUBERT_BASE,6
6829-68769-0053_1221-135766-0002__T2__SCV3FIX__VOICE-1221_CONTENT-6829-6829-68769-0053,1221,6829,,-3.66,8,0.625,0.625,0.5,-0.01756896909151802,-0.07501155977701701,-4.821153916401665,1,2.0,2.0,2.0,HUBERT_BASE,6
6930-81414-0022_908-157963-0006__T2__SCV3FIX__VOICE-908_CONTENT-6930-6930-81414-0022,908,6930,,13.74,7,0.0,0.0,0.0,0.07909601104042516,0.042110914535314126,36.839353598386445,0,0.0,0.0,-1.0,HUBERT_BASE,6
2830-3980-0005_5142-33396-0003__T2__SCV3FIX__VOICE-5142_CONTENT-2830-2830-3980-0005,5142,2830,,-36.14,5,1.0,1.0,1.0,-0.13012817257414844,-0.22990410983294274,-43.64312220393405,1,2.5,2.5,0.0,HUBERT_BASE,6
6829-68771-0016_8224-274384-0009__T2__SCV3FIX__VOICE-8224_CONTENT-6829-6829-68771-0016,8224,6829,,9.45,8,0.0,0.0,0.0,0.09297547596933893,0.031989814117897364,41.5319131485447,0,0.0,0.0,-1.0,HUBERT_BASE,6
6930-76324-0004_61-70968-0047__T1__SCV3FIX__VOICE-6930_CONTENT-61-61-70968-0047,6930,61,,7.19,8,0.125,0.0,0.0,0.06657584253104842,-0.007261454913822463,14.67863702861555,0,0.0,0.0,-1.0,HUBERT_BASE,6
8463-294828-0032_5142-33396-0002__T1__SCV3FIX__VOICE-8463_CONTENT-5142-5142-33396-0002,8463,5142,,-15.77,6,1.0,1.0,1.0,-0.0398705537942348,-0.061334787572590144,-21.66186556207847,1,3.0,3.0,0.0,HUBERT_BASE,6
4507-16021-0049_5142-33396-0043__T1__SCV3FIX__VOICE-4507_CONTENT-5142-5142-33396-0043,4507,5142,,12.72,6,0.0,0.0,0.0,0.1133909449015111,0.05242938010913134,42.63230239838866,0,0.0,0.0,-1.0,HUBERT_BASE,6
237-126133-0023_672-122797-0005__T2__SCV3FIX__VOICE-672_CONTENT-237-237-126133-0023,672,237,,14.67,5,0.0,0.0,0.0,0.10679410185410305,0.060192527770714044,32.14236341138434,0,0.0,0.0,-1.0,HUBERT_BASE,6
4970-29095-0034_5142-33396-0020__T1__SCV3FIX__VOICE-4970_CONTENT-5142-5142-33396-0020,4970,5142,,-15.52,5,0.4,0.8,0.4,0.006482745784983268,-0.057457687746172326,-10.723663808673011,0,0.0,0.0,-1.0,HUBERT_BASE,6
5142-33396-0007_672-122797-0004__T1__SCV3FIX__VOICE-5142_CONTENT-672-672-122797-0004,5142,672,,-25.8,7,1.0,1.0,1.0,-0.1574881183238682,-0.26130315004079985,-35.613758892835556,1,3.5,3.5,0.0,HUBERT_BASE,6
260-123440-0009_4970-29095-0017__T2__SCV3FIX__VOICE-4970_CONTENT-260-260-123440-0009,4970,260,,-18.66,5,0.8,1.0,0.8,-0.026679669894959467,-0.05600822193711885,-16.46916145791303,1,1.5,1.5,1.0,HUBERT_BASE,6
908-31957-0019_4970-29095-0028__T2__SCV3FIX__VOICE-4970_CONTENT-908-908-31957-0019,4970,908,,-35.15,17,1.0,1.0,1.0,-0.11031361867978011,-0.19186558242748686,-38.061761634054584,1,8.5,8.5,0.0,HUBERT_BASE,6
1580-141083-0034_4507-16021-0017__T2__SCV3FIX__VOICE-4507_CONTENT-1580-1580-141083-0034,4507,1580,,8.75,12,0.08333333333333333,0.0,0.0,0.04198349813787902,-0.02090781885293136,39.85222701754221,0,0.0,0.0,-1.0,HUBERT_BASE,6
4970-29093-0008_1995-1826-0004__T2__SCV3FIX__VOICE-1995_CONTENT-4970-4970-29093-0008,1995,4970,,18.74,5,0.0,0.0,0.0,0.10418319262468209,0.023280508199113537,53.033430581411565,0,0.0,0.0,-1.0,HUBERT_BASE,6
1580-141084-0002_7127-75947-0027__T1__SCV3FIX__VOICE-1580_CONTENT-7127-7127-75947-0027,1580,7127,,-15.48,10,1.0,1.0,1.0,-0.10157764376576642,-0.21051626838388238,-35.74814552626226,1,5.0,5.0,0.0,HUBERT_BASE,6
121-127105-0023_5142-33396-0058__T1__SCV3FIX__VOICE-121_CONTENT-5142-5142-33396-0058,121,5142,,-19.07,5,0.6,1.0,0.6,-0.017490031053139777,-0.1025992771794434,-15.177439034838589,1,1.5,1.5,0.0,HUBERT_BASE,6
6829-68769-0005_4970-29095-0036__T2__SCV3FIX__VOICE-4970_CONTENT-6829-6829-68769-0005,4970,6829,,-17.57,9,0.7777777777777778,1.0,0.7777777777777778,-0.052195389440439804,-0.12422574058428404,-31.186895514024943,2,2.0,1.75,0.0,HUBERT_BASE,6
2830-3980-0066_1995-1837-0000__T2__SCV3FIX__VOICE-1995_CONTENT-2830-2830-3980-0066,1995,2830,,-23.2,6,0.8333333333333334,1.0,0.8333333333333334,-0.06239033998119348,-0.1433000025282205,-27.10060532242481,1,2.5,2.5,0.0,HUBERT_BASE,6
260-123286-0022_4446-2271-0010__T2__SCV3FIX__VOICE-4446_CONTENT-260-260-123286-0022,4446,260,,-2.24,5,0.6,0.8,0.4,-0.007124272238466456,-0.051307143812854505,-3.226765723958267,1,1.0,1.0,1.5,HUBERT_BASE,6
2830-3980-0031_1089-134686-0025__T2__SCV3FIX__VOICE-1089_CONTENT-2830-2830-3980-0031,1089,2830,,7.61,12,0.08333333333333333,0.0,0.0,0.05319894413742582,-0.016600258397063028,21.95318648968268,0,0.0,0.0,-1.0,HUBERT_BASE,6
4077-13751-0013_4970-29095-0024__T2__SCV3FIX__VOICE-4970_CONTENT-4077-4077-13751-0013,4970,4077,,-28.93,7,1.0,1.0,1.0,-0.09484162508425895,-0.13518034531628909,-34.258505291709916,1,3.5,3.5,0.0,HUBERT_BASE,6
1089-134686-0000_121-127105-0031__T1__SCV3FIX__VOICE-1089_CONTENT-121-121-127105-0031,1089,121,,10.55,18,0.0,0.0,0.0,0.13462062470022695,0.007667306571065735,38.077717326375506,0,0.0,0.0,-1.0,HUBERT_BASE,6
3729-6852-0025_5105-28240-0004__T2__SCV3FIX__VOICE-5105_CONTENT-3729-3729-6852-0025,5105,3729,,-1.3,5,0.6,0.0,0.0,0.003204155748208226,-0.11498414873511642,12.646917231591521,1,1.5,1.5,0.5,HUBERT_BASE,6
1995-1837-0009_5683-32879-0016__T2__SCV3FIX__VOICE-5683_CONTENT-1995-1995-1837-0009,5683,1995,,13.96,6,0.0,0.0,0.0,0.0795279816510983,0.04964369664935009,40.97483874897258,0,0.0,0.0,-1.0,HUBERT_BASE,6
2300-131720-0041_1320-122617-0006__T2__SCV3FIX__VOICE-1320_CONTENT-2300-2300-131720-0041,1320,2300,,6.21,6,0.0,0.0,0.0,0.09252840640218662,0.0009661814304642302,24.742157116283504,0,0.0,0.0,-1.0,HUBERT_BASE,6
3570-5696-0004_1320-122617-0023__T2__SCV3FIX__VOICE-1320_CONTENT-3570-3570-5696-0004,1320,3570,,14.98,8,0.0,0.0,0.0,0.09973497269590041,0.043546198927659985,41.617275805398805,0,0.0,0.0,-1.0,HUBERT_BASE,6
7176-88083-0016_121-127105-0013__T2__SCV3FIX__VOICE-121_CONTENT-7176-7176-88083-0016,121,7176,,-21.15,6,1.0,1.0,1.0,-0.038504821484584485,-0.06511891445989249,-27.23380945874788,1,3.0,3.0,0.0,HUBERT_BASE,6
8463-294825-0005_1580-141083-0031__T1__SCV3FIX__VOICE-8463_CONTENT-1580-1580-141083-0031,8463,1580,,5.16,11,0.0,0.0,0.0,0.07136555647320204,0.0464637852694626,36.47411880277046,0,0.0,0.0,-1.0,HUBERT_BASE,6
4446-2271-0019_7176-88083-0010__T2__SCV3FIX__VOICE-7176_CONTENT-4446-4446-2271-0019,7176,4446,,9.2,6,0.0,0.0,0.0,0.09538664829382304,0.03253442139928919,28.979849778778156,0,0.0,0.0,-1.0,HUBERT_BASE,6
1188-133604-0004_672-122797-0017__T1__SCV3FIX__VOICE-1188_CONTENT-672-672-122797-0017,1188,672,,10.88,8,0.0,0.0,0.0,0.13263155572696983,0.07606292072179555,37.49812067181987,0,0.0,0.0,-1.0,HUBERT_BASE,6
8555-284447-0008_3570-5695-0002__T2__SCV3FIX__VOICE-3570_CONTENT-8555-8555-284447-0008,3570,8555,,-25.98,14,0.7857142857142857,1.0,0.7857142857142857,-0.02647683539338746,-0.08721542999251186,-37.84709166130307,1,5.5,5.5,1.5,HUBERT_BASE,6
4446-2271-0012_1580-141083-0012__T1__SCV3FIX__VOICE-4446_CONTENT-1580-1580-141083-0012,4446,1580,,14.19,6,0.0,0.0,0.0,0.053987881210893617,0.030350388298421405,45.416744327594735,0,0.0,0.0,-1.0,HUBERT_BASE,6
3570-5694-0002_61-70968-0032__T1__SCV3FIX__VOICE-3570_CONTENT-61-61-70968-0032,3570,61,,-22.91,7,1.0,1.0,1.0,-0.07982524882638675,-0.14662767037317692,-28.25590046049383,1,3.5,3.5,0.0,HUBERT_BASE,6
7021-79730-0006_4446-2271-0005__T1__SCV3FIX__VOICE-7021_CONTENT-4446-4446-2271-0005,7021,4446,,14.28,5,0.0,0.0,0.0,0.02947288976101725,0.014541989848319004,35.21536515993137,0,0.0,0.0,-1.0,HUBERT_BASE,6
8230-279154-0008_7021-85628-0021__T2__SCV3FIX__VOICE-7021_CONTENT-8230-8230-279154-0008,7021,8230,,0.69,6,0.3333333333333333,0.0,0.0,0.04350841912912571,-0.05212789980391741,13.1090289700805,1,1.0,1.0,0.0,HUBERT_BASE,6
8463-294825-0019_5639-40744-0038__T1__SCV3FIX__VOICE-8463_CONTENT-5639-5639-40744-0038,8463,5639,,-25.43,5,1.0,1.0,1.0,-0.09457950461173628,-0.1308470884593611,-44.78487372791242,1,2.5,2.5,0.0,HUBERT_BASE,6
1089-134686-0015_4970-29093-0003__T2__SCV3FIX__VOICE-4970_CONTENT-1089-1089-134686-0015,4970,1089,,17.83,10,0.1,0.0,0.0,0.07910607215755701,-0.09377151502210179,34.59534803684808,0,0.0,0.0,-1.0,HUBERT_BASE,6
1188-133604-0017_5142-33396-0001__T2__SCV3FIX__VOICE-5142_CONTENT-1188-1188-133604-0017,5142,1188,,-21.8,8,1.0,1.0,1.0,-0.15164003079171856,-0.24074078559646517,-42.478785268126096,1,4.0,4.0,0.0,HUBERT_BASE,6
4446-2275-0002_2300-131720-0023__T2__SCV3FIX__VOICE-2300_CONTENT-4446-4446-2275-0002,2300,4446,,13.09,14,0.07142857142857142,0.0,0.0,0.06584682342659487,-0.025557754908943076,33.69136802079962,0,0.0,0.0,-1.0,HUBERT_BASE,6
8455-210777-0050_3575-170457-0050__T1__SCV3FIX__VOICE-8455_CONTENT-3575-3575-170457-0050,8455,3575,,14.64,6,0.0,0.0,0.0,0.11674012898249791,0.02829420509970426,36.210883796504994,0,0.0,0.0,-1.0,HUBERT_BASE,6
1580-141083-0004_260-123286-0019__T2__SCV3FIX__VOICE-260_CONTENT-1580-1580-141083-0004,260,1580,,6.41,8,0.125,0.0,0.0,0.07363173622467542,-0.0328883541734728,39.82042802892282,0,0.0,0.0,-1.0,HUBERT_BASE,6
1089-134691-0025_4970-29095-0012__T2__SCV3FIX__VOICE-4970_CONTENT-1089-1089-134691-0025,4970,1089,,-20.89,8,1.0,1.0,1.0,-0.12787360366283285,-0.1872490607005144,-37.62563435782519,1,4.0,4.0,0.0,HUBERT_BASE,6
3729-6852-0022_6930-76324-0004__T1__SCV3FIX__VOICE-3729_CONTENT-6930-6930-76324-0004,3729,6930,,5.2,11,0.0,0.0,0.0,0.08481568473199663,0.008818983855297557,24.119558441771446,0,0.0,0.0,-1.0,HUBERT_BASE,6
6829-68771-0029_121-127105-0003__T2__SCV3FIX__VOICE-121_CONTENT-6829-6829-68771-0029,121,6829,,5.71,14,0.21428571428571427,0.14285714285714285,0.07142857142857142,0.025338276684269485,-0.05498791507513412,16.396252984410985,0,0.0,0.0,-1.0,HUBERT_BASE,6
1089-134686-0024_7176-92135-0042__T2__SCV3FIX__VOICE-7176_CONTENT-1089-1089-134686-0024,7176,1089,,-0.45,13,0.0,0.0,0.0,0.10647009710363786,0.05339157474546197,23.97403165084254,0,0.0,0.0,-1.0,HUBERT_BASE,6
1089-134686-0015_5142-33396-0067__T1__SCV3FIX__VOICE-1089_CONTENT-5142-5142-33396-0067,1089,5142,,12.98,10,0.0,0.0,0.0,0.13713553276058338,0.10596728112955578,48.989742887761075,0,0.0,0.0,-1.0,HUBERT_BASE,6
908-157963-0028_7021-85628-0018__T2__SCV3FIX__VOICE-7021_CONTENT-908-908-157963-0028,7021,908,,9.56,8,0.125,0.0,0.0,0.0889236075800442,-0.04140229114011107,34.30768589665855,0,0.0,0.0,-1.0,HUBERT_BASE,6
1995-1826-0007_4446-2275-0043__T1__SCV3FIX__VOICE-1995_CONTENT-4446-4446-2275-0043,1995,4446,,8.79,10,0.1,0.0,0.0,0.045136095482289376,-0.022312403608894638,18.687831115828686,0,0.0,0.0,-1.0,HUBERT_BASE,6
260-123440-0015_7729-102255-0020__T2__SCV3FIX__VOICE-7729_CONTENT-260-260-123440-0015,7729,260,,4.89,11,0.2727272727272727,0.09090909090909091,0.09090909090909091,0.03819632169267777,-0.045938908135024326,16.647982964233048,1,1.0,1.0,3.5,HUBERT_BASE,6
6829-68769-0033_5142-36377-0010__T2__SCV3FIX__VOICE-5142_CONTENT-6829-6829-68769-0033,5142,6829,,10.22,7,0.0,0.0,0.0,0.07919020606904455,0.03822523882836881,36.31656777648838,0,0.0,0.0,-1.0,HUBERT_BASE,6
4970-29095-0016_3570-5694-0019__T2__SCV3FIX__VOICE-3570_CONTENT-4970-4970-29095-0016,3570,4970,,13.5,6,0.0,0.0,0.0,0.07896813521587905,0.030574616542583533,34.944463938726294,0,0.0,0.0,-1.0,HUBERT_BASE,6
8463-294825-0013_61-70970-0037__T1__SCV3FIX__VOICE-8463_CONTENT-61-61-70970-0037,8463,61,,-28.64,10,1.0,1.0,1.0,-0.10670095254013631,-0.1755546722959419,-38.73635852862816,1,5.0,5.0,0.0,HUBERT_BASE,6
3575-170457-0012_6829-68769-0052__T1__SCV3FIX__VOICE-3575_CONTENT-6829-6829-68769-0052,3575,6829,,-2.08,8,1.0,0.75,0.75,-0.037796581298560575,-0.07015968065128808,-9.47445142163616,1,4.0,4.0,0.0,HUBERT_BASE,6
2830-3980-0000_1284-1181-0005__T1__SCV3FIX__VOICE-2830_CONTENT-1284-1284-1181-0005,2830,1284,,11.01,6,0.0,0.0,0.0,0.11884043292337947,0.050209941468374764,34.69171384268467,0,0.0,0.0,-1.0,HUBERT_BASE,6
61-70970-0001_1221-135766-0013__T1__SCV3FIX__VOICE-61_CONTENT-1221-1221-135766-0013,61,1221,,11.79,6,0.0,0.0,0.0,0.08763388836344566,0.06968313316215402,34.404149877397266,0,0.0,0.0,-1.0,HUBERT_BASE,6
8463-294825-0001_1188-133604-0001__T1__SCV3FIX__VOICE-8463_CONTENT-1188-1188-133604-0001,8463,1188,,-23.16,12,1.0,1.0,1.0,-0.12803457766379125,-0.17894739621297218,-41.40743484354413,1,6.0,6.0,0.0,HUBERT_BASE,6
672-122797-0002_237-126133-0012__T1__SCV3FIX__VOICE-672_CONTENT-237-237-126133-0012,672,237,,8.33,7,0.0,0.0,0.0,0.11801924315654946,0.0654369618582703,28.584573157890905,0,0.0,0.0,-1.0,HUBERT_BASE,6
672-122797-0044_7127-75946-0003__T1__SCV3FIX__VOICE-672_CONTENT-7127-7127-75946-0003,672,7127,,6.95,6,0.3333333333333333,0.0,0.0,0.09818905566209318,-0.08314211001314842,18.735946215239405,1,1.0,1.0,2.0,HUBERT_BASE,6
61-70970-0000_7729-102255-0018__T2__SCV3FIX__VOICE-7729_CONTENT-61-61-70970-0000,7729,61,,-13.74,11,1.0,1.0,1.0,-0.0919726534933615,-0.19328536683932374,-25.979563384349795,1,5.5,5.5,0.0,HUBERT_BASE,6
6829-68769-0031_260-123440-0014__T1__SCV3FIX__VOICE-6829_CONTENT-260-260-123440-0014,6829,260,,-17.4,6,1.0,1.0,1.0,-0.07850080758124495,-0.15545355962744,-33.69315191513485,1,3.0,3.0,0.0,HUBERT_BASE,6
5142-36377-0004_61-70968-0055__T1__SCV3FIX__VOICE-5142_CONTENT-61-61-70968-0055,5142,61,,-20.6,6,1.0,1.0,1.0,-0.08381536651920789,-0.1431832880947388,-32.19162995825148,1,3.0,3.0,0.0,HUBERT_BASE,6
1284-1181-0009_2830-3980-0013__T1__SCV3FIX__VOICE-1284_CONTENT-2830-2830-3980-0013,1284,2830,,-25.4,7,1.0,1.0,1.0,-0.06857727447544397,-0.11234795822514776,-30.176293029382656,1,3.5,3.5,0.0,HUBERT_BASE,6
4077-13751-0013_6829-68769-0005__T1__SCV3FIX__VOICE-4077_CONTENT-6829-6829-68769-0005,4077,6829,,4.69,7,0.0,0.0,0.0,0.10841058235758062,0.01150028966365102,25.611692611678865,0,0.0,0.0,-1.0,HUBERT_BASE,6
4507-16021-0055_2830-3980-0030__T1__SCV3FIX__VOICE-4507_CONTENT-2830-2830-3980-0030,4507,2830,,-19.64,9,1.0,1.0,1.0,-0.10743997893573286,-0.18238319880862464,-39.45620294716407,1,4.5,4.5,0.0,HUBERT_BASE,6
1284-134647-0000_5142-36377-0018__T2__SCV3FIX__VOICE-5142_CONTENT-1284-1284-134647-0000,5142,1284,,-20.18,8,1.0,1.0,1.0,-0.06476818888319211,-0.1214715195036642,-31.88048514718495,1,4.0,4.0,0.0,HUBERT_BASE,6
5142-36377-0006_8463-294828-0010__T1__SCV3FIX__VOICE-5142_CONTENT-8463-8463-294828-0010,5142,8463,,4.41,8,0.0,0.0,0.0,0.07640157174827218,0.056957123420412814,28.521350945053747,0,0.0,0.0,-1.0,HUBERT_BASE,6
4507-16021-0056_7021-85628-0002__T2__SCV3FIX__VOICE-7021_CONTENT-4507-4507-16021-0056,7021,4507,,15.89,11,0.09090909090909091,0.0,0.0,0.07304966409608694,-0.05961348309932302,43.87572957593241,0,0.0,0.0,-1.0,HUBERT_BASE,6
1284-1180-0032_260-123440-0008__T1__SCV3FIX__VOICE-1284_CONTENT-260-260-123440-0008,1284,260,,-12.31,6,1.0,1.0,1.0,-0.11440001714511132,-0.19795811960306153,-32.447755533691435,1,3.0,3.0,0.0,HUBERT_BASE,6
61-70970-0003_6930-76324-0024__T1__SCV3FIX__VOICE-61_CONTENT-6930-6930-76324-0024,61,6930,,4.57,6,0.0,0.0,0.0,0.07958168758903117,0.050877868111623537,28.674489700008056,0,0.0,0.0,-1.0,HUBERT_BASE,6
1580-141084-0008_908-157963-0027__T2__SCV3FIX__VOICE-908_CONTENT-1580-1580-141084-0008,908,1580,,13.75,9,0.0,0.0,0.0,0.07390235110949292,0.02737181004189393,39.51150712424081,0,0.0,0.0,-1.0,HUBERT_BASE,6
1580-141083-0038_672-122797-0029__T1__SCV3FIX__VOICE-1580_CONTENT-672-672-122797-0029,1580,672,,-14.12,5,1.0,1.0,1.0,-0.06223993482854666,-0.12112457039844449,-24.6630896251504,1,2.5,2.5,0.0,HUBERT_BASE,6
3570-5694-0010_5142-33396-0011__T1__SCV3FIX__VOICE-3570_CONTENT-5142-5142-33396-0011,3570,5142,,-22.37,6,0.6666666666666666,1.0,0.6666666666666666,-0.01253003891621183,-0.09736735014297304,-24.619849998121065,1,1.5,1.5,0.0,HUBERT_BASE,6
4446-2271-0013_5683-32865-0004__T1__SCV3FIX__VOICE-4446_CONTENT-5683-5683-32865-0004,4446,5683,,10.14,7,0.0,0.0,0.0,0.09626618519825403,0.06247884282555716,33.92640136197767,0,0.0,0.0,-1.0,HUBERT_BASE,6
4992-23283-0002_672-122797-0073__T2__SCV3FIX__VOICE-672_CONTENT-4992-4992-23283-0002,672,4992,,11.94,5,0.0,0.0,0.0,0.09017028140341543,0.028084750373503997,32.198169205984996,0,0.0,0.0,-1.0,HUBERT_BASE,6
5105-28240-0003_672-122797-0019__T1__SCV3FIX__VOICE-5105_CONTENT-672-672-122797-0019,5105,672,,7.6,7,0.0,0.0,0.0,0.11434862509865226,0.0573788162759179,22.78112810354059,0,0.0,0.0,-1.0,HUBERT_BASE,6
5142-33396-0036_237-134493-0001__T1__SCV3FIX__VOICE-5142_CONTENT-237-237-134493-0001,5142,237,,12.9,7,0.0,0.0,0.0,0.09505759205935638,0.05759495255488989,22.294401842089208,0,0.0,0.0,-1.0,HUBERT_BASE,6
5683-32866-0006_8463-294828-0027__T2__SCV3FIX__VOICE-8463_CONTENT-5683-5683-32866-0006,8463,5683,,-21.38,7,1.0,1.0,1.0,-0.0684211439914446,-0.09682261750171905,-43.69382401139833,1,3.5,3.5,0.0,HUBERT_BASE,6
4507-16021-0058_2830-3980-0044__T1__SCV3FIX__VOICE-4507_CONTENT-2830-2830-3980-0044,4507,2830,,-24.86,5,1.0,1.0,1.0,-0.07922788551808724,-0.12129925715920198,-39.327765610305775,1,2.5,2.5,0.0,HUBERT_BASE,6
5142-33396-0044_6829-68771-0004__T1__SCV3FIX__VOICE-5142_CONTENT-6829-6829-68771-0004,5142,6829,,15.29,8,0.0,0.0,0.0,0.0732258446860641,0.025928135814603626,37.66536067802849,0,0.0,0.0,-1.0,HUBERT_BASE,6
6829-68771-0013_8455-210777-0011__T1__SCV3FIX__VOICE-6829_CONTENT-8455-8455-210777-0011,6829,8455,,-18.05,12,1.0,1.0,1.0,-0.08574061644427727,-0.15933650243770348,-33.767125617583545,1,6.0,6.0,0.0,HUBERT_BASE,6
4446-2275-0022_1995-1826-0018__T2__SCV3FIX__VOICE-1995_CONTENT-4446-4446-2275-0022,1995,4446,,-4.34,5,1.0,0.6,0.6,-0.08016163305564097,-0.16566246204808965,-3.5344643061876604,1,2.5,2.5,0.0,HUBERT_BASE,6
1580-141083-0001_3729-6852-0024__T2__SCV3FIX__VOICE-3729_CONTENT-1580-1580-141083-0001,3729,1580,,14.16,10,0.0,0.0,0.0,0.06591328603049004,0.03511017700011476,36.617074658558856,0,0.0,0.0,-1.0,HUBERT_BASE,6
5683-32865-0003_2961-961-0018__T2__SCV3FIX__VOICE-2961_CONTENT-5683-5683-32865-0003,2961,5683,,3.58,6,0.0,0.0,0.0,0.07459507379678783,0.006241500252825105,20.402232967477673,0,0.0,0.0,-1.0,HUBERT_BASE,6
7021-79740-0004_1089-134691-0004__T1__SCV3FIX__VOICE-7021_CONTENT-1089-1089-134691-0004,7021,1089,,5.14,9,0.4444444444444444,0.0,0.0,0.022642706601116544,-0.18926860131658763,18.451002688113217,1,2.0,2.0,0.5,HUBERT_BASE,6
6829-68769-0008_4992-41806-0004__T1__SCV3FIX__VOICE-6829_CONTENT-4992-4992-41806-0004,6829,4992,,-15.78,6,1.0,1.0,1.0,-0.06865597174109417,-0.11192393746188267,-31.163942069635066,1,3.0,3.0,0.0,HUBERT_BASE,6
1089-134691-0018_4970-29095-0024__T1__SCV3FIX__VOICE-1089_CONTENT-4970-4970-29095-0024,1089,4970,,19.36,5,0.0,0.0,0.0,0.13612490733212,0.0255302812155499,37.773291015856586,0,0.0,0.0,-1.0,HUBERT_BASE,6
1188-133604-0010_5105-28240-0024__T2__SCV3FIX__VOICE-5105_CONTENT-1188-1188-133604-0010,5105,1188,,-27.39,11,1.0,1.0,1.0,-0.08843882283815903,-0.1590161354309274,-32.54525265446103,1,5.5,5.5,0.0,HUBERT_BASE,6
121-127105-0035_2961-961-0004__T2__SCV3FIX__VOICE-2961_CONTENT-121-121-127105-0035,2961,121,,11.26,21,0.14285714285714285,0.0,0.0,0.10947172253528657,-0.0495488583882967,36.16558878942509,1,1.0,1.0,9.5,HUBERT_BASE,6
8230-279154-0021_1995-1826-0011__T1__SCV3FIX__VOICE-8230_CONTENT-1995-1995-1826-0011,8230,1995,,11.99,12,0.0,0.0,0.0,0.08434217283113421,0.025962955456531045,32.93904830022587,0,0.0,0.0,-1.0,HUBERT_BASE,6
2830-3980-0006_7127-75946-0014__T2__SCV3FIX__VOICE-7127_CONTENT-2830-2830-3980-0006,7127,2830,,11.67,11,0.0,0.0,0.0,0.09024844918653031,0.0032362404977238635,21.463040030210983,0,0.0,0.0,-1.0,HUBERT_BASE,6
7127-75947-0027_260-123440-0016__T1__SCV3FIX__VOICE-7127_CONTENT-260-260-123440-0016,7127,260,,14.03,8,0.0,0.0,0.0,0.07695240406470023,0.018455334898292097,28.27657712916603,0,0.0,0.0,-1.0,HUBERT_BASE,6
1188-133604-0004_672-122797-0017__T2__SCV3FIX__VOICE-672_CONTENT-1188-1188-133604-0004,672,1188,,-17.11,8,1.0,1.0,1.0,-0.12557858631411178,-0.17564435909639153,-32.89791786090283,1,4.0,4.0,0.0,HUBERT_BASE,6
7729-102255-0027_8555-284449-0015__T2__SCV3FIX__VOICE-8555_CONTENT-7729-7729-102255-0027,8555,7729,,-24.42,9,1.0,1.0,1.0,-0.1290230644344138,-0.19828105758124448,-38.86071857448571,1,4.5,4.5,0.0,HUBERT_BASE,6
260-123286-0028_5683-32866-0014__T2__SCV3FIX__VOICE-5683_CONTENT-260-260-123286-0028,5683,260,,-12.84,6,0.8333333333333334,1.0,0.8333333333333334,-0.014541307454568553,-0.047103702277580095,-25.459706056713046,1,2.5,2.5,0.0,HUBERT_BASE,6
4077-13754-0009_7127-75947-0010__T1__SCV3FIX__VOICE-4077_CONTENT-7127-7127-75947-0010,4077,7127,,-8.28,14,0.9285714285714286,1.0,0.9285714285714286,-0.06506943188337956,-0.20310439694275007,-14.41495042261783,2,4.0,3.25,0.0,HUBERT_BASE,6
237-126133-0021_1284-1181-0018__T1__SCV3FIX__VOICE-237_CONTENT-1284-1284-1181-0018,237,1284,,-19.29,5,1.0,1.0,1.0,-0.06541213990214774,-0.12430846442514665,-27.505348445256164,1,2.5,2.5,0.0,HUBERT_BASE,6
260-123288-0011_6829-68769-0011__T2__SCV3FIX__VOICE-6829_CONTENT-260-260-123288-0011,6829,260,,-24.91,8,1.0,1.0,1.0,-0.13702098974215104,-0.2025131542711176,-44.877166496908984,1,4.0,4.0,0.0,HUBERT_BASE,6
672-122797-0000_8455-210777-0019__T1__SCV3FIX__VOICE-672_CONTENT-8455-8455-210777-0019,672,8455,,-4.39,6,1.0,1.0,1.0,-0.10393124269861835,-0.13594896139693613,-11.193791479933099,1,3.0,3.0,0.0,HUBERT_BASE,6
4446-2275-0000_8555-284447-0013__T2__SCV3FIX__VOICE-8555_CONTENT-4446-4446-2275-0000,8555,4446,,4.3,11,0.18181818181818182,0.18181818181818182,0.18181818181818182,0.04890245761903249,-0.09748405327008092,32.5101499597477,1,1.0,1.0,4.5,HUBERT_BASE,6
4992-23283-0003_1995-1837-0029__T2__SCV3FIX__VOICE-1995_CONTENT-4992-4992-23283-0003,1995,4992,,-22.15,8,1.0,1.0,1.0,-0.0644992934168078,-0.14014018136959905,-32.97619078692395,1,4.0,4.0,0.0,HUBERT_BASE,6
121-127105-0026_5683-32879-0020__T2__SCV3FIX__VOICE-5683_CONTENT-121-121-127105-0026,5683,121,,10.12,12,0.0,0.0,0.0,0.060874358355872245,0.008186572351224886,33.05609226659435,0,0.0,0.0,-1.0,HUBERT_BASE,6
4446-2273-0023_6829-68769-0002__T1__SCV3FIX__VOICE-4446_CONTENT-6829-6829-68769-0002,4446,6829,,-23.48,5,1.0,1.0,1.0,-0.03546531226376522,-0.07049649397649815,-26.091540219148072,1,2.5,2.5,0.0,HUBERT_BASE,6
1580-141084-0018_5142-33396-0068__T1__SCV3FIX__VOICE-1580_CONTENT-5142-5142-33396-0068,1580,5142,,9.32,5,0.6,0.0,0.0,0.05095354101993164,-0.012494984631064132,14.130492793068266,1,1.5,1.5,0.0,HUBERT_BASE,6
5683-32879-0010_8463-294828-0036__T1__SCV3FIX__VOICE-5683_CONTENT-8463-8463-294828-0036,5683,8463,,12.68,12,0.16666666666666666,0.0,0.0,0.037926540326729145,-0.08221125438299659,28.211679690600263,0,0.0,0.0,-1.0,HUBERT_BASE,6
7021-85628-0006_8555-284449-0013__T1__SCV3FIX__VOICE-7021_CONTENT-8555-8555-284449-0013,7021,8555,,13.39,6,0.16666666666666666,0.0,0.0,0.09432588240408496,-0.02696711495361015,36.685533745521084,0,0.0,0.0,-1.0,HUBERT_BASE,6
4077-13754-0000_6930-76324-0025__T1__SCV3FIX__VOICE-4077_CONTENT-6930-6930-76324-0025,4077,6930,,9.84,7,0.0,0.0,0.0,0.08349561255251381,0.06571192010478233,28.97409500581121,0,0.0,0.0,-1.0,HUBERT_BASE,6
5639-40744-0012_8555-292519-0011__T2__SCV3FIX__VOICE-8555_CONTENT-5639-5639-40744-0012,8555,5639,,-29.88,5,1.0,1.0,1.0,-0.08937235377053887,-0.11626130964337511,-44.14264728140769,1,2.5,2.5,0.0,HUBERT_BASE,6
1188-133604-0031_5142-33396-0054__T1__SCV3FIX__VOICE-1188_CONTENT-5142-5142-33396-0054,1188,5142,,14.12,7,0.0,0.0,0.0,0.118051320456632,0.057259096258066466,43.52891502465339,0,0.0,0.0,-1.0,HUBERT_BASE,6
6829-68769-0049_260-123286-0028__T2__SCV3FIX__VOICE-260_CONTENT-6829-6829-68769-0049,260,6829,,9.92,13,0.0,0.0,0.0,0.1074848107434848,0.06724906634885597,38.469782411585065,0,0.0,0.0,-1.0,HUBERT_BASE,6
5142-36377-0004_61-70968-0055__T2__SCV3FIX__VOICE-61_CONTENT-5142-5142-36377-0004,61,5142,,13.57,6,0.0,0.0,0.0,0.08895645775385601,0.05140393869588966,38.728666994574986,0,0.0,0.0,-1.0,HUBERT_BASE,6
3575-170457-0005_6829-68769-0006__T1__SCV3FIX__VOICE-3575_CONTENT-6829-6829-68769-0006,3575,6829,,-15.96,13,1.0,1.0,1.0,-0.07525388907764644,-0.13550025761329632,-30.021927496359865,1,6.5,6.5,0.0,HUBERT_BASE,6
7729-102255-0025_5639-40744-0026__T2__SCV3FIX__VOICE-5639_CONTENT-7729-7729-102255-0025,5639,7729,,13.78,9,0.0,0.0,0.0,0.11261689537960956,0.03455287354939296,31.650822737336664,0,0.0,0.0,-1.0,HUBERT_BASE,6
1284-1180-0007_260-123286-0015__T1__SCV3FIX__VOICE-1284_CONTENT-260-260-123286-0015,1284,260,,-18.64,9,0.8888888888888888,1.0,0.8888888888888888,-0.07581831245913694,-0.17159618649567598,-29.760551849965104,2,3.0,2.0,0.0,HUBERT_BASE,6
1580-141084-0033_8463-294828-0028__T1__SCV3FIX__VOICE-1580_CONTENT-8463-8463-294828-0028,1580,8463,,0.1,13,0.6153846153846154,0.6923076923076923,0.5384615384615384,-0.007538238323361193,-0.10532962834624959,-8.945160864457266,2,2.0,1.5,2.0,HUBERT_BASE,6
1995-1836-0007_5683-32865-0010__T2__SCV3FIX__VOICE-5683_CONTENT-1995-1995-1836-0007,5683,1995,,7.15,5,0.0,0.0,0.0,0.08556317088915404,0.032300173590294134,29.61743391377424,0,0.0,0.0,-1.0,HUBERT_BASE,6
2094-142345-0039_3729-6852-0025__T2__SCV3FIX__VOICE-3729_CONTENT-2094-2094-142345-0039,3729,2094,,-7.04,5,0.4,0.6,0.2,0.0027328630188971025,-0.045945884616911736,-5.5568121160475314,0,0.0,0.0,-1.0,HUBERT_BASE,6
4992-41797-0008_6930-76324-0009__T1__SCV3FIX__VOICE-4992_CONTENT-6930-6930-76324-0009,4992,6930,,12.83,5,0.0,0.0,0.0,0.07845462852558253,0.05880725266144049,43.726441310597274,0,0.0,0.0,-1.0,HUBERT_BASE,6
5142-36377-0009_4446-2273-0018__T2__SCV3FIX__VOICE-4446_CONTENT-5142-5142-36377-0009,4446,5142,,4.98,5,0.4,0.0,0.0,0.013009856356478245,-0.00912702465382409,22.469431235376025,0,0.0,0.0,-1.0,HUBERT_BASE,6
61-70968-0033_1580-141083-0023__T2__SCV3FIX__VOICE-1580_CONTENT-61-61-70968-0033,1580,61,,8.66,5,0.0,0.0,0.0,0.07542966457834197,0.044540343898460955,20.867145811368854,0,0.0,0.0,-1.0,HUBERT_BASE,6
2300-131720-0031_7176-88083-0020__T1__SCV3FIX__VOICE-2300_CONTENT-7176-7176-88083-0020,2300,7176,,5.34,9,0.4444444444444444,0.1111111111111111,0.1111111111111111,0.004569456026486741,-0.0852081886635857,14.455075095204032,1,1.0,1.0,3.5,HUBERT_BASE,6
1284-1181-0015_8555-284447-0007__T2__SCV3FIX__VOICE-8555_CONTENT-1284-1284-1181-0015,8555,1284,,-18.9,9,1.0,1.0,1.0,-0.08156267723615215,-0.2186909870278526,-25.5505512832463,1,4.5,4.5,0.0,HUBERT_BASE,6
2961-960-0008_7176-92135-0015__T1__SCV3FIX__VOICE-2961_CONTENT-7176-7176-92135-0015,2961,7176,,15.03,12,0.0,0.0,0.0,0.12140432391241922,0.07230258274327883,39.00374180128176,0,0.0,0.0,-1.0,HUBERT_BASE,6
61-70968-0014_7176-92135-0009__T1__SCV3FIX__VOICE-61_CONTENT-7176-7176-92135-0009,61,7176,,1.97,7,0.2857142857142857,0.0,0.0,0.07940631855573058,-0.04834055227628331,10.560151041407595,1,1.0,1.0,1.0,HUBERT_BASE,6
2961-961-0009_5683-32865-0003__T1__SCV3FIX__VOICE-2961_CONTENT-5683-5683-32865-0003,2961,5683,,-7.83,6,0.3333333333333333,0.8333333333333334,0.3333333333333333,0.025294643039953157,-0.03536719671144695,-4.6558272125550415,0,0.0,0.0,-1.0,HUBERT_BASE,6
2094-142345-0057_3570-5694-0004__T2__SCV3FIX__VOICE-3570_CONTENT-2094-2094-142345-0057,3570,2094,,9.3,9,0.2222222222222222,0.0,0.0,0.04219271026157212,-0.013867974830547247,20.69217039279689,0,0.0,0.0,-1.0,HUBERT_BASE,6
1580-141083-0016_2830-3980-0065__T2__SCV3FIX__VOICE-2830_CONTENT-1580-1580-141083-0016,2830,1580,,10.82,7,0.0,0.0,0.0,0.16377195251262494,0.04997491736598014,43.94621360630047,0,0.0,0.0,-1.0,HUBERT_BASE,6
5142-33396-0051_672-122797-0060__T1__SCV3FIX__VOICE-5142_CONTENT-672-672-122797-0060,5142,672,,-14.77,5,1.0,1.0,1.0,-0.11777397453978564,-0.1357564898996163,-27.15799109065033,1,2.5,2.5,0.0,HUBERT_BASE,6
8555-284447-0003_7021-79740-0011__T1__SCV3FIX__VOICE-8555_CONTENT-7021-7021-79740-0011,8555,7021,,-23.39,7,1.0,1.0,1.0,-0.14110935503218328,-0.2301564315511545,-43.19416573524988,1,3.5,3.5,0.0,HUBERT_BASE,6
1221-135766-0007_121-121726-0005__T2__SCV3FIX__VOICE-121_CONTENT-1221-1221-135766-0007,121,1221,,19.4,5,0.0,0.0,0.0,0.06790540133628034,0.035898565528061366,45.51381630499934,0,0.0,0.0,-1.0,HUBERT_BASE,6
672-122797-0040_1089-134686-0036__T2__SCV3FIX__VOICE-1089_CONTENT-672-672-122797-0040,1089,672,,-19.35,5,0.4,1.0,0.4,-0.009982061990177527,-0.10181713137313975,-22.778371728118422,1,1.0,1.0,0.0,HUBERT_BASE,6
5683-32879-0009_7176-88083-0020__T1__SCV3FIX__VOICE-5683_CONTENT-7176-7176-88083-0020,5683,7176,,14.79,9,0.0,0.0,0.0,0.09518113085692465,0.04822481605505702,40.235554705051555,0,0.0,0.0,-1.0,HUBERT_BASE,6
61-70968-0035_672-122797-0025__T1__SCV3FIX__VOICE-61_CONTENT-672-672-122797-0025,61,672,,-18.26,14,0.8571428571428571,0.9285714285714286,0.7857142857142857,-0.04311594127283669,-0.14334690408924677,-11.336149376877175,2,3.0,2.75,0.0,HUBERT_BASE,6
4446-2275-0028_7021-79740-0000__T1__SCV3FIX__VOICE-4446_CONTENT-7021-7021-79740-0000,4446,7021,,-28.69,6,1.0,1.0,1.0,-0.08216074170253483,-0.13212120268747096,-36.68147228568717,1,3.0,3.0,0.0,HUBERT_BASE,6
2300-131720-0036_4507-16021-0009__T1__SCV3FIX__VOICE-2300_CONTENT-4507-4507-16021-0009,2300,4507,,13.76,13,0.0,0.0,0.0,0.13417252649896158,0.04707891026866873,46.601463042881406,0,0.0,0.0,-1.0,HUBERT_BASE,6
8455-210777-0025_8555-292519-0008__T2__SCV3FIX__VOICE-8555_CONTENT-8455-8455-210777-0025,8555,8455,,-24.72,6,1.0,1.0,1.0,-0.10353121185277915,-0.17703032139530672,-33.21400321335057,1,3.0,3.0,0.0,HUBERT_BASE,6
672-122797-0020_5105-28233-0006__T2__SCV3FIX__VOICE-5105_CONTENT-672-672-122797-0020,5105,672,,14.82,10,0.0,0.0,0.0,0.1574732411550535,0.055718063451830946,35.52499855431897,0,0.0,0.0,-1.0,HUBERT_BASE,6
8455-210777-0016_2830-3980-0030__T1__SCV3FIX__VOICE-8455_CONTENT-2830-2830-3980-0030,8455,2830,,-7.99,9,0.7777777777777778,0.7777777777777778,0.5555555555555556,-0.056730557527395815,-0.20009346801320915,-6.5908322421567975,2,2.5,1.75,0.0,HUBERT_BASE,6
2094-142345-0053_1284-1180-0003__T2__SCV3FIX__VOICE-1284_CONTENT-2094-2094-142345-0053,1284,2094,,-0.47,5,0.6,0.0,0.0,-0.020282426717958234,-0.05101436882681565,14.08587623925099,1,1.5,1.5,1.0,HUBERT_BASE,6
7176-92135-0040_1089-134686-0005__T2__SCV3FIX__VOICE-1089_CONTENT-7176-7176-92135-0040,1089,7176,,8.65,18,0.16666666666666666,0.0,0.0,0.06319498892144515,-0.018250758017792856,23.3199285633282,1,1.0,1.0,0.0,HUBERT_BASE,6
1995-1837-0013_3570-5694-0008__T1__SCV3FIX__VOICE-1995_CONTENT-3570-3570-5694-0008,1995,3570,,-6.58,5,1.0,1.0,1.0,-0.06960368138840287,-0.12109024035978389,-17.644263529240508,1,2.5,2.5,0.0,HUBERT_BASE,6
7021-79740-0012_2830-3980-0057__T2__SCV3FIX__VOICE-2830_CONTENT-7021-7021-79740-0012,2830,7021,,-15.16,5,0.8,1.0,0.8,-0.07383603658261836,-0.12035448348787947,-22.11361169758949,1,1.5,1.5,1.0,HUBERT_BASE,6
6930-75918-0011_1580-141083-0042__T2__SCV3FIX__VOICE-1580_CONTENT-6930-6930-75918-0011,1580,6930,,-30.59,5,1.0,1.0,1.0,-0.03132347970354181,-0.062372634488212064,-17.418781617309897,1,2.5,2.5,0.0,HUBERT_BASE,6
121-123852-0004_7176-92135-0002__T1__SCV3FIX__VOICE-121_CONTENT-7176-7176-92135-0002,121,7176,,14.51,5,0.4,0.0,0.0,0.02510875965496746,-0.050892060083602475,29.851949715859483,1,1.0,1.0,0.0,HUBERT_BASE,6
7127-75947-0001_260-123286-0008__T1__SCV3FIX__VOICE-7127_CONTENT-260-260-123286-0008,7127,260,,2.42,6,0.0,0.0,0.0,0.09316744648248344,0.024493521436380394,20.379387464549616,0,0.0,0.0,-1.0,HUBERT_BASE,6
5142-33396-0054_1995-1836-0001__T1__SCV3FIX__VOICE-5142_CONTENT-1995-1995-1836-0001,5142,1995,,-24.0,10,1.0,1.0,1.0,-0.0912388639187516,-0.15359645774731523,-45.3486412716545,1,5.0,5.0,0.0,HUBERT_BASE,6
61-70970-0026_6829-68769-0028__T1__SCV3FIX__VOICE-61_CONTENT-6829-6829-68769-0028,61,6829,,9.84,5,0.0,0.0,0.0,0.094350960308734,0.05326343111125342,31.701097258851963,0,0.0,0.0,-1.0,HUBERT_BASE,6
2830-3980-0018_260-123286-0006__T1__SCV3FIX__VOICE-2830_CONTENT-260-260-123286-0006,2830,260,,0.05,5,0.2,0.2,0.2,0.046761452504989906,-0.044770894096785696,10.087895805946347,0,0.0,0.0,-1.0,HUBERT_BASE,6
7729-102255-0043_1284-1180-0003__T1__SCV3FIX__VOICE-7729_CONTENT-1284-1284-1180-0003,7729,1284,,9.0,8,0.0,0.0,0.0,0.1372714025223838,0.08961385309282432,35.544365754195915,0,0.0,0.0,-1.0,HUBERT_BASE,6
7176-92135-0042_1580-141084-0015__T1__SCV3FIX__VOICE-7176_CONTENT-1580-1580-141084-0015,7176,1580,,15.88,5,0.2,0.0,0.0,0.06987521866372641,-0.0029509662991655805,43.06378242635668,0,0.0,0.0,-1.0,HUBERT_BASE,6
7729-102255-0007_1320-122612-0009__T1__SCV3FIX__VOICE-7729_CONTENT-1320-1320-122612-0009,7729,1320,,-21.25,6,0.8333333333333334,1.0,0.8333333333333334,-0.07908142912076425,-0.19164110089295117,-23.62777356987512,2,1.5,1.25,0.0,HUBERT_BASE,6
7729-102255-0025_2830-3980-0029__T1__SCV3FIX__VOICE-7729_CONTENT-2830-2830-3980-0029,7729,2830,,12.4,9,0.0,0.0,0.0,0.1029284134081254,0.02928071519100295,26.208603555584148,0,0.0,0.0,-1.0,HUBERT_BASE,6
3570-5694-0001_1089-134691-0022__T2__SCV3FIX__VOICE-1089_CONTENT-3570-3570-5694-0001,1089,3570,,12.81,10,0.0,0.0,0.0,0.07705763826061765,0.047097212668492094,38.348957697464954,0,0.0,0.0,-1.0,HUBERT_BASE,6
4077-13751-0017_4446-2275-0008__T2__SCV3FIX__VOICE-4446_CONTENT-4077-4077-13751-0017,4446,4077,,-18.92,7,1.0,1.0,1.0,-0.061446738354503996,-0.09095121332313216,-37.5609107368086,1,3.5,3.5,0.0,HUBERT_BASE,6
61-70968-0046_4970-29093-0008__T1__SCV3FIX__VOICE-61_CONTENT-4970-4970-29093-0008,61,4970,,10.91,6,0.0,0.0,0.0,0.1358179591828049,0.05806886001093581,41.69471913501582,0,0.0,0.0,-1.0,HUBERT_BASE,6
4446-2275-0006_61-70968-0039__T2__SCV3FIX__VOICE-61_CONTENT-4446-4446-2275-0006,61,4446,,11.77,6,0.0,0.0,0.0,0.04604786728548014,0.015868962439550383,26.8176027144183,0,0.0,0.0,-1.0,HUBERT_BASE,6
2961-960-0016_6829-68769-0005__T1__SCV3FIX__VOICE-2961_CONTENT-6829-6829-68769-0005,2961,6829,,6.84,12,0.0,0.0,0.0,0.10363591153143764,0.016855954786782257,25.73426478002706,0,0.0,0.0,-1.0,HUBERT_BASE,6
1284-1180-0019_672-122797-0057__T1__SCV3FIX__VOICE-1284_CONTENT-672-672-122797-0057,1284,672,,-10.87,11,1.0,1.0,1.0,-0.0718269428852961,-0.20675208644640386,-17.311100260372715,1,5.5,5.5,0.0,HUBERT_BASE,6
4507-16021-0059_260-123288-0006__T2__SCV3FIX__VOICE-260_CONTENT-4507-4507-16021-0059,260,4507,,13.0,7,0.0,0.0,0.0,0.11769352370267397,0.04304987600497168,43.1425728167554,0,0.0,0.0,-1.0,HUBERT_BASE,6
1320-122617-0015_672-122797-0051__T2__SCV3FIX__VOICE-672_CONTENT-1320-1320-122617-0015,672,1320,,-17.62,8,1.0,1.0,1.0,-0.09646480798797412,-0.17405116209972626,-24.68237933824755,1,4.0,4.0,0.0,HUBERT_BASE,6
4507-16021-0048_2300-131720-0012__T1__SCV3FIX__VOICE-4507_CONTENT-2300-2300-131720-0012,4507,2300,,-25.78,9,1.0,1.0,1.0,-0.10331489696681025,-0.21107495667040088,-35.79351372388285,1,4.5,4.5,0.0,HUBERT_BASE,6
1320-122617-0012_4446-2273-0029__T2__SCV3FIX__VOICE-4446_CONTENT-1320-1320-122617-0012,4446,1320,,-21.72,5,1.0,1.0,1.0,-0.12489079851397807,-0.20239008274550685,-38.91392349935459,1,2.5,2.5,0.0,HUBERT_BASE,6
7127-75947-0022_1284-1181-0005__T2__SCV3FIX__VOICE-1284_CONTENT-7127-7127-75947-0022,1284,7127,,-15.74,6,1.0,1.0,1.0,-0.047537458268883115,-0.07437217530113549,-25.96115960257774,1,3.0,3.0,0.0,HUBERT_BASE,6
61-70968-0040_4970-29093-0004__T1__SCV3FIX__VOICE-61_CONTENT-4970-4970-29093-0004,61,4970,,6.55,6,0.0,0.0,0.0,0.1127095176545021,0.06497437019184771,37.0640691600417,0,0.0,0.0,-1.0,HUBERT_BASE,6
7729-102255-0026_2961-961-0000__T1__SCV3FIX__VOICE-7729_CONTENT-2961-2961-961-0000,7729,2961,,15.49,8,0.0,0.0,0.0,0.08694223421235321,0.04233158429137085,33.934011730633244,0,0.0,0.0,-1.0,HUBERT_BASE,6
1320-122617-0037_1221-135767-0018__T2__SCV3FIX__VOICE-1221_CONTENT-1320-1320-122617-0037,1221,1320,,-19.02,13,1.0,1.0,1.0,-0.10217665781108697,-0.18927245477379373,-33.83317822822726,1,6.5,6.5,0.0,HUBERT_BASE,6
8463-287645-0011_1284-1181-0010__T1__SCV3FIX__VOICE-8463_CONTENT-1284-1284-1181-0010,8463,1284,,14.01,11,0.0,0.0,0.0,0.06748387022296089,0.018492226086981534,36.82988789524919,0,0.0,0.0,-1.0,HUBERT_BASE,6
1089-134686-0004_8463-294828-0016__T2__SCV3FIX__VOICE-8463_CONTENT-1089-1089-134686-0004,8463,1089,,-29.58,5,1.0,1.0,1.0,-0.08766190394603435,-0.1544131881849219,-43.89524728961568,1,2.5,2.5,0.0,HUBERT_BASE,6
6829-68769-0020_3570-5696-0010__T2__SCV3FIX__VOICE-3570_CONTENT-6829-6829-68769-0020,3570,6829,,-15.34,9,1.0,1.0,1.0,-0.06155480311509823,-0.10603993919008381,-34.88239620280255,1,4.5,4.5,0.0,HUBERT_BASE,6
7176-88083-0026_121-127105-0003__T1__SCV3FIX__VOICE-7176_CONTENT-121-121-127105-0003,7176,121,,11.25,10,0.0,0.0,0.0,0.12081755759428855,0.035245777572349146,39.90188130833648,0,0.0,0.0,-1.0,HUBERT_BASE,6
260-123288-0003_1089-134686-0026__T2__SCV3FIX__VOICE-1089_CONTENT-260-260-123288-0003,1089,260,,9.27,7,0.0,0.0,0.0,0.06294061591719043,0.017971277948684583,35.77338134181253,0,0.0,0.0,-1.0,HUBERT_BASE,6
3570-5696-0008_4446-2271-0005__T1__SCV3FIX__VOICE-3570_CONTENT-4446-4446-2271-0005,3570,4446,,-21.4,5,0.8,1.0,0.8,-0.032600691464700196,-0.08495349227241067,-21.416187583295574,1,2.0,2.0,0.5,HUBERT_BASE,6
4446-2273-0018_2094-142345-0005__T2__SCV3FIX__VOICE-2094_CONTENT-4446-4446-2273-0018,2094,4446,,2.33,5,0.4,0.0,0.0,0.006300295406205514,-0.08879798473145606,21.35279279587807,0,0.0,0.0,-1.0,HUBERT_BASE,6
1221-135766-0008_7127-75946-0003__T2__SCV3FIX__VOICE-7127_CONTENT-1221-1221-135766-0008,7127,1221,,11.54,7,0.0,0.0,0.0,0.11701654549980427,0.06212085361216668,40.82898158498569,0,0.0,0.0,-1.0,HUBERT_BASE,6
8455-210777-0030_8463-294825-0004__T2__SCV3FIX__VOICE-8463_CONTENT-8455-8455-210777-0030,8463,8455,,13.71,6,0.0,0.0,0.0,0.13515121753585804,0.06613284611358317,37.07109330583039,0,0.0,0.0,-1.0,HUBERT_BASE,6
3729-6852-0014_7021-85628-0016__T1__SCV3FIX__VOICE-3729_CONTENT-7021-7021-85628-0016,3729,7021,,-21.0,7,1.0,1.0,1.0,-0.11956385295086829,-0.2930299173448663,-36.052487171694686,1,3.5,3.5,0.0,HUBERT_BASE,6
7176-92135-0036_1320-122617-0026__T1__SCV3FIX__VOICE-7176_CONTENT-1320-1320-122617-0026,7176,1320,,-9.69,9,0.4444444444444444,0.7777777777777778,0.4444444444444444,0.004694164516489259,-0.07084560252595906,-11.905391805578668,1,1.0,1.0,1.0,HUBERT_BASE,6
61-70970-0015_4446-2275-0019__T1__SCV3FIX__VOICE-61_CONTENT-4446-4446-2275-0019,61,4446,,9.32,8,0.0,0.0,0.0,0.08892970677829265,0.04152960150745044,34.529586332567376,0,0.0,0.0,-1.0,HUBERT_BASE,6
8463-294828-0031_6829-68769-0051__T1__SCV3FIX__VOICE-8463_CONTENT-6829-6829-68769-0051,8463,6829,,8.79,6,0.0,0.0,0.0,0.0694476330887671,0.05040633878068801,34.766329889801746,0,0.0,0.0,-1.0,HUBERT_BASE,6
6829-68771-0032_7729-102255-0019__T1__SCV3FIX__VOICE-6829_CONTENT-7729-7729-102255-0019,6829,7729,,-14.65,12,1.0,1.0,1.0,-0.1023135299147004,-0.17279042609552842,-30.514626278098167,1,6.0,6.0,0.0,HUBERT_BASE,6
7176-88083-0002_8455-210777-0023__T1__SCV3FIX__VOICE-7176_CONTENT-8455-8455-210777-0023,7176,8455,,6.21,8,0.5,0.0,0.0,-0.008703676473301433,-0.07230287186532436,14.418765170571929,1,1.0,1.0,0.5,HUBERT_BASE,6
1188-133604-0003_8230-279154-0014__T1__SCV3FIX__VOICE-1188_CONTENT-8230-8230-279154-0014,1188,8230,,8.96,13,0.15384615384615385,0.0,0.0,0.08320490217917118,-0.0064520913834740234,18.957311996953884,1,1.0,1.0,4.0,HUBERT_BASE,6
4446-2275-0001_4077-13754-0001__T1__SCV3FIX__VOICE-4446_CONTENT-4077-4077-13754-0001,4446,4077,,-22.21,6,0.8333333333333334,1.0,0.8333333333333334,-0.054092288441014026,-0.11329615564824791,-31.64659300853386,1,2.5,2.5,0.0,HUBERT_BASE,6
5683-32865-0006_5142-33396-0043__T2__SCV3FIX__VOICE-5142_CONTENT-5683-5683-32865-0006,5142,5683,,-4.08,5,0.6,0.4,0.2,-0.00769869379478536,-0.08980858681641968,0.04703932418776811,1,1.0,1.0,0.5,HUBERT_BASE,6
2830-3980-0012_6930-81414-0010__T2__SCV3FIX__VOICE-6930_CONTENT-2830-2830-3980-0012,6930,2830,,12.83,5,0.0,0.0,0.0,0.08466672127452282,0.02070880018234722,32.27012240083351,0,0.0,0.0,-1.0,HUBERT_BASE,6
260-123288-0005_61-70968-0040__T1__SCV3FIX__VOICE-260_CONTENT-61-61-70968-0040,260,61,,-10.34,6,1.0,0.8333333333333334,0.8333333333333334,-0.10441921890375462,-0.15130394394581448,-11.022544458718414,1,3.0,3.0,0.0,HUBERT_BASE,6
260-123286-0031_2094-142345-0036__T1__SCV3FIX__VOICE-260_CONTENT-2094-2094-142345-0036,260,2094,,12.75,9,0.0,0.0,0.0,0.102788965203353,0.01749599049242201,41.08393918400199,0,0.0,0.0,-1.0,HUBERT_BASE,6
1284-1180-0010_4507-16021-0024__T1__SCV3FIX__VOICE-1284_CONTENT-4507-4507-16021-0024,1284,4507,,9.64,9,0.0,0.0,0.0,0.11373992534872482,0.01366871649517154,29.13299321891207,0,0.0,0.0,-1.0,HUBERT_BASE,6
1284-1180-0011_4446-2275-0043__T2__SCV3FIX__VOICE-4446_CONTENT-1284-1284-1180-0011,4446,1284,,-15.92,7,0.8571428571428571,1.0,0.8571428571428571,-0.06953609614777205,-0.20457171984655398,-25.592421800242587,1,2.5,2.5,1.0,HUBERT_BASE,6
1089-134686-0025_7127-75947-0035__T1__SCV3FIX__VOICE-1089_CONTENT-7127-7127-75947-0035,1089,7127,,8.45,7,0.0,0.0,0.0,0.06955371990454548,0.044394015377988816,32.14870572929816,0,0.0,0.0,-1.0,HUBERT_BASE,6
6930-81414-0010_5142-33396-0020__T2__SCV3FIX__VOICE-5142_CONTENT-6930-6930-81414-0010,5142,6930,,0.88,5,0.4,0.2,0.0,0.05679307130825897,-0.013427496488212065,23.65492999184538,1,1.0,1.0,0.5,HUBERT_BASE,6
4507-16021-0029_8455-210777-0070__T2__SCV3FIX__VOICE-8455_CONTENT-4507-4507-16021-0029,8455,4507,,16.02,6,0.0,0.0,0.0,0.09850352432348204,0.03862160597219144,30.34088373852258,0,0.0,0.0,-1.0,HUBERT_BASE,6
1188-133604-0010_5105-28240-0024__T1__SCV3FIX__VOICE-1188_CONTENT-5105-5105-28240-0024,1188,5105,,15.32,11,0.0,0.0,0.0,0.10174596577309272,0.02204262590331174,39.64747309718029,0,0.0,0.0,-1.0,HUBERT_BASE,6
6829-68771-0001_2094-142345-0027__T1__SCV3FIX__VOICE-6829_CONTENT-2094-2094-142345-0027,6829,2094,,9.57,10,0.0,0.0,0.0,0.05662855546826116,0.027178286962537768,25.97180233138122,0,0.0,0.0,-1.0,HUBERT_BASE,6
8224-274384-0008_61-70970-0035__T1__SCV3FIX__VOICE-8224_CONTENT-61-61-70970-0035,8224,61,,-7.54,13,1.0,1.0,1.0,-0.10834398297329259,-0.277405631388698,-20.707668674820944,1,6.5,6.5,0.0,HUBERT_BASE,6
4507-16021-0036_7021-85628-0027__T1__SCV3FIX__VOICE-4507_CONTENT-7021-7021-85628-0027,4507,7021,,16.37,9,0.0,0.0,0.0,0.1379104865948138,0.0332555221583396,46.20326537335515,0,0.0,0.0,-1.0,HUBERT_BASE,6
1089-134691-0005_908-157963-0011__T2__SCV3FIX__VOICE-908_CONTENT-1089-1089-134691-0005,908,1089,,-1.15,9,0.4444444444444444,0.3333333333333333,0.2222222222222222,0.0231315359802555,-0.08557396956003549,6.705711366129211,2,1.0,1.0,0.5,HUBERT_BASE,6
61-70968-0043_7021-85628-0019__T1__SCV3FIX__VOICE-61_CONTENT-7021-7021-85628-0019,61,7021,,4.7,5,0.0,0.0,0.0,0.10143359775507639,0.03234708244479423,16.85768408538121,0,0.0,0.0,-1.0,HUBERT_BASE,6
4446-2271-0001_1089-134691-0019__T2__SCV3FIX__VOICE-1089_CONTENT-4446-4446-2271-0001,1089,4446,,12.16,5,0.0,0.0,0.0,0.13760667509029176,0.11095791833214164,35.843188464452226,0,0.0,0.0,-1.0,HUBERT_BASE,6
1580-141084-0039_7176-88083-0004__T1__SCV3FIX__VOICE-1580_CONTENT-7176-7176-88083-0004,1580,7176,,-20.38,8,1.0,1.0,1.0,-0.0798152754958067,-0.14497399040191183,-36.662899099372865,1,4.0,4.0,0.0,HUBERT_BASE,6
2830-3980-0063_4446-2271-0024__T1__SCV3FIX__VOICE-2830_CONTENT-4446-4446-2271-0024,2830,4446,,10.95,5,0.0,0.0,0.0,0.06028486632818484,0.01659936609331447,31.611580959906483,0,0.0,0.0,-1.0,HUBERT_BASE,6
8463-294825-0005_1089-134691-0019__T2__SCV3FIX__VOICE-1089_CONTENT-8463-8463-294825-0005,1089,8463,,12.69,5,0.0,0.0,0.0,0.11558611340182205,0.09304273913152739,44.28794725932364,0,0.0,0.0,-1.0,HUBERT_BASE,6
2830-3979-0011_672-122797-0024__T2__SCV3FIX__VOICE-672_CONTENT-2830-2830-3979-0011,672,2830,,11.58,7,0.0,0.0,0.0,0.18375859833531036,0.11345153988523593,31.336665674294693,0,0.0,0.0,-1.0,HUBERT_BASE,6
5683-32866-0027_2830-3980-0030__T1__SCV3FIX__VOICE-5683_CONTENT-2830-2830-3980-0030,5683,2830,,-4.74,8,0.5,0.625,0.5,-0.0049976210365039325,-0.11474180971905812,-4.59379676546717,1,1.5,1.5,0.5,HUBERT_BASE,6
6930-76324-0028_7127-75947-0003__T2__SCV3FIX__VOICE-7127_CONTENT-6930-6930-76324-0028,7127,6930,,4.13,10,0.1,0.0,0.0,0.05116616745132493,-0.03786199956675995,17.883003067016272,0,0.0,0.0,-1.0,HUBERT_BASE,6
1995-1826-0015_908-157963-0005__T2__SCV3FIX__VOICE-908_CONTENT-1995-1995-1826-0015,908,1995,,15.96,6,0.0,0.0,0.0,0.11264367203092883,0.07816260896760119,38.844142112954785,0,0.0,0.0,-1.0,HUBERT_BASE,6
908-157963-0015_672-122797-0030__T1__SCV3FIX__VOICE-908_CONTENT-672-672-122797-0030,908,672,,7.84,8,0.375,0.0,0.0,0.024574738760420878,-0.15827505335825243,19.71672926543713,1,1.0,1.0,2.0,HUBERT_BASE,6
4970-29095-0004_1089-134686-0012__T1__SCV3FIX__VOICE-4970_CONTENT-1089-1089-134686-0012,4970,1089,,-27.82,18,1.0,1.0,1.0,-0.09937760793054344,-0.21469444721285902,-41.53259079945792,1,9.0,9.0,0.0,HUBERT_BASE,6
121-127105-0001_260-123440-0019__T2__SCV3FIX__VOICE-260_CONTENT-121-121-127105-0001,260,121,,6.76,9,0.1111111111111111,0.0,0.0,0.06613722356125797,-0.028301948530446208,22.331788960724694,0,0.0,0.0,-1.0,HUBERT_BASE,6
2300-131720-0021_260-123286-0003__T1__SCV3FIX__VOICE-2300_CONTENT-260-260-123286-0003,2300,260,,7.13,13,0.07692307692307693,0.07692307692307693,0.0,0.10929737444339813,-0.08406613283830189,23.94280510816422,0,0.0,0.0,-1.0,HUBERT_BASE,6
4446-2275-0016_7176-92135-0003__T1__SCV3FIX__VOICE-4446_CONTENT-7176-7176-92135-0003,4446,7176,,-22.89,6,1.0,1.0,1.0,-0.048737756448931226,-0.10661304419276973,-31.307198409355706,1,3.0,3.0,0.0,HUBERT_BASE,6
1995-1836-0006_2094-142345-0036__T1__SCV3FIX__VOICE-1995_CONTENT-2094-2094-142345-0036,1995,2094,,10.32,12,0.0,0.0,0.0,0.08447277064907062,0.0061138274706821205,26.161088771802294,0,0.0,0.0,-1.0,HUBERT_BASE,6
4507-16021-0059_260-123288-0006__T1__SCV3FIX__VOICE-4507_CONTENT-260-260-123288-0006,4507,260,,-26.19,7,1.0,1.0,1.0,-0.11730192094693519,-0.23092042838049065,-43.23539314117113,1,3.5,3.5,0.0,HUBERT_BASE,6
4970-29093-0011_260-123286-0001__T1__SCV3FIX__VOICE-4970_CONTENT-260-260-123286-0001,4970,260,,-22.82,5,1.0,1.0,1.0,-0.09422388360364117,-0.14102756695026164,-46.2459499629186,1,2.5,2.5,0.0,HUBERT_BASE,6
1320-122617-0017_4992-41797-0005__T2__SCV3FIX__VOICE-4992_CONTENT-1320-1320-122617-0017,4992,1320,,-22.6,6,1.0,1.0,1.0,-0.09040837460878011,-0.13941216189986716,-39.3931535631696,1,3.0,3.0,0.0,HUBERT_BASE,6
61-70968-0003_2830-3980-0008__T2__SCV3FIX__VOICE-2830_CONTENT-61-61-70968-0003,2830,61,,7.99,7,0.2857142857142857,0.0,0.0,0.02248578882572256,-0.01992212860081133,17.70386831538078,0,0.0,0.0,-1.0,HUBERT_BASE,6
260-123286-0005_237-134500-0039__T1__SCV3FIX__VOICE-260_CONTENT-237-237-134500-0039,260,237,,10.1,8,0.0,0.0,0.0,0.09886237940770776,0.05706697414364914,34.90330275656872,0,0.0,0.0,-1.0,HUBERT_BASE,6
5639-40744-0038_4446-2275-0042__T2__SCV3FIX__VOICE-4446_CONTENT-5639-5639-40744-0038,4446,5639,,-24.8,9,1.0,1.0,1.0,-0.12122590263456005,-0.2570306164494428,-35.59782026682983,1,4.5,4.5,0.0,HUBERT_BASE,6
4507-16021-0058_7729-102255-0029__T1__SCV3FIX__VOICE-4507_CONTENT-7729-7729-102255-0029,4507,7729,,11.94,5,0.0,0.0,0.0,0.1159915434509092,0.08721357409572483,39.88236948332663,0,0.0,0.0,-1.0,HUBERT_BASE,6
7176-92135-0045_3729-6852-0039__T1__SCV3FIX__VOICE-7176_CONTENT-3729-3729-6852-0039,7176,3729,,10.32,9,0.0,0.0,0.0,0.10925273588980049,0.03299087416654667,42.78229578473012,0,0.0,0.0,-1.0,HUBERT_BASE,6
3570-5694-0014_4507-16021-0052__T1__SCV3FIX__VOICE-3570_CONTENT-4507-4507-16021-0052,3570,4507,,-10.74,11,0.6363636363636364,0.9090909090909091,0.6363636363636364,-0.006451759204458437,-0.0474237790159715,-14.95656360552806,2,1.5,1.25,0.0,HUBERT_BASE,6
1089-134686-0031_61-70968-0026__T2__SCV3FIX__VOICE-61_CONTENT-1089-1089-134686-0031,61,1089,,-10.33,8,0.5,1.0,0.5,-0.01898526918815696,-0.10642928306564936,-14.617804501769369,1,1.5,1.5,2.0,HUBERT_BASE,6
5683-32879-0006_3575-170457-0035__T2__SCV3FIX__VOICE-3575_CONTENT-5683-5683-32879-0006,3575,5683,,-6.03,17,0.35294117647058826,0.5882352941176471,0.35294117647058826,0.02126021919499077,-0.16508656410015465,-3.9864021807819405,2,1.5,1.25,4.0,HUBERT_BASE,6
3575-170457-0052_260-123440-0007__T1__SCV3FIX__VOICE-3575_CONTENT-260-260-123440-0007,3575,260,,-8.99,5,0.6,0.8,0.6,-0.04957189722997026,-0.16710139101293175,-17.741393006738857,1,1.0,1.0,1.5,HUBERT_BASE,6
4446-2275-0002_8455-210777-0045__T1__SCV3FIX__VOICE-4446_CONTENT-8455-8455-210777-0045,4446,8455,,-23.32,14,1.0,1.0,1.0,-0.09703717244020223,-0.16252016528151558,-42.891776445985705,1,7.0,7.0,0.0,HUBERT_BASE,6
7176-92135-0005_3570-5694-0004__T1__SCV3FIX__VOICE-7176_CONTENT-3570-3570-5694-0004,7176,3570,,6.7,9,0.0,0.0,0.0,0.07642029048344791,0.03406739166789541,34.020404654079385,0,0.0,0.0,-1.0,HUBERT_BASE,6
3575-170457-0038_6829-68769-0009__T1__SCV3FIX__VOICE-3575_CONTENT-6829-6829-68769-0009,3575,6829,,-4.09,7,0.8571428571428571,1.0,0.8571428571428571,-0.0871914017253146,-0.2566075869737138,-13.071543812231562,2,1.5,1.5,0.0,HUBERT_BASE,6
260-123440-0013_1221-135767-0005__T2__SCV3FIX__VOICE-1221_CONTENT-260-260-123440-0013,1221,260,,-14.63,5,1.0,1.0,1.0,-0.03483900912346547,-0.069001849963779,-25.08509474959137,1,2.5,2.5,0.0,HUBERT_BASE,6
2300-131720-0000_1284-1181-0020__T1__SCV3FIX__VOICE-2300_CONTENT-1284-1284-1181-0020,2300,1284,,15.88,9,0.0,0.0,0.0,0.11112163778266766,0.07552777259685906,37.928954260198175,0,0.0,0.0,-1.0,HUBERT_BASE,6
2830-3980-0071_5142-33396-0024__T2__SCV3FIX__VOICE-5142_CONTENT-2830-2830-3980-0071,5142,2830,,-31.35,6,1.0,1.0,1.0,-0.04952579243809957,-0.11460093677710292,-41.08855619298469,1,3.0,3.0,0.0,HUBERT_BASE,6
237-134493-0013_908-31957-0018__T2__SCV3FIX__VOICE-908_CONTENT-237-237-134493-0013,908,237,,12.98,6,0.0,0.0,0.0,0.09102394345671887,0.022492524055110374,38.48121127303455,0,0.0,0.0,-1.0,HUBERT_BASE,6
8555-284449-0009_3570-5694-0014__T2__SCV3FIX__VOICE-3570_CONTENT-8555-8555-284449-0009,3570,8555,,-23.7,5,1.0,1.0,1.0,-0.04100061791632568,-0.06550633776305437,-24.9401455206701,1,2.5,2.5,0.0,HUBERT_BASE,6
4507-16021-0025_5142-33396-0044__T1__SCV3FIX__VOICE-4507_CONTENT-5142-5142-33396-0044,4507,5142,,12.75,8,0.0,0.0,0.0,0.09215293964086875,0.06538301965261217,50.16111827981568,0,0.0,0.0,-1.0,HUBERT_BASE,6
7021-79759-0000_8230-279154-0018__T2__SCV3FIX__VOICE-8230_CONTENT-7021-7021-79759-0000,8230,7021,,-17.77,8,1.0,1.0,1.0,-0.11142733699593155,-0.16830020430787862,-38.68725467585786,1,4.0,4.0,0.0,HUBERT_BASE,6
4077-13754-0000_2830-3980-0074__T2__SCV3FIX__VOICE-2830_CONTENT-4077-4077-13754-0000,2830,4077,,11.21,8,0.125,0.0,0.0,0.07385726289530171,-0.008675341808251136,28.490388100893693,0,0.0,0.0,-1.0,HUBERT_BASE,6
61-70968-0004_1188-133604-0014__T2__SCV3FIX__VOICE-1188_CONTENT-61-61-70968-0004,1188,61,,4.93,6,0.16666666666666666,0.0,0.0,0.042036681758062654,-0.03318488531500108,13.819269925543722,0,0.0,0.0,-1.0,HUBERT_BASE,6
7176-88083-0010_121-127105-0022__T2__SCV3FIX__VOICE-121_CONTENT-7176-7176-88083-0010,121,7176,,14.97,9,0.0,0.0,0.0,0.060723940884672305,0.0005683244065197712,23.50924016844166,0,0.0,0.0,-1.0,HUBERT_BASE,6
7021-79730-0001_5142-33396-0064__T2__SCV3FIX__VOICE-5142_CONTENT-7021-7021-79730-0001,5142,7021,,11.86,5,0.0,0.0,0.0,0.13129434109138158,0.07262487116461969,33.21415349840889,0,0.0,0.0,-1.0,HUBERT_BASE,6
2830-3980-0075_8463-294825-0003__T1__SCV3FIX__VOICE-2830_CONTENT-8463-8463-294825-0003,2830,8463,,14.0,10,0.0,0.0,0.0,0.10768289988491038,0.018201000767223308,42.31603125970226,0,0.0,0.0,-1.0,HUBERT_BASE,6
8230-279154-0039_4446-2273-0007__T1__SCV3FIX__VOICE-8230_CONTENT-4446-4446-2273-0007,8230,4446,,11.89,5,0.0,0.0,0.0,0.09378836422828954,0.032804428875008895,41.82831579960439,0,0.0,0.0,-1.0,HUBERT_BASE,6
8555-284449-0019_5142-33396-0054__T2__SCV3FIX__VOICE-5142_CONTENT-8555-8555-284449-0019,5142,8555,,-27.58,10,1.0,1.0,1.0,-0.07196464584636468,-0.12187181206720943,-44.850381062984845,1,5.0,5.0,0.0,HUBERT_BASE,6
8455-210777-0015_61-70968-0030__T2__SCV3FIX__VOICE-61_CONTENT-8455-8455-210777-0015,61,8455,,-7.16,10,0.4,0.9,0.4,0.003414131843595014,-0.07614893022761282,-8.083153059149328,1,1.0,1.0,4.0,HUBERT_BASE,6
4507-16021-0052_2830-3980-0069__T1__SCV3FIX__VOICE-4507_CONTENT-2830-2830-3980-0069,4507,2830,,-31.17,10,1.0,1.0,1.0,-0.12866639743227,-0.31860382462461323,-41.00619029725554,1,5.0,5.0,0.0,HUBERT_BASE,6
8455-210777-0065_1089-134691-0015__T2__SCV3FIX__VOICE-1089_CONTENT-8455-8455-210777-0065,1089,8455,,8.08,4,0.5,0.0,0.0,0.014529545146311218,-0.058630468783220535,26.360383395140328,0,0.0,0.0,-1.0,HUBERT_BASE,6
5142-33396-0065_121-127105-0032__T1__SCV3FIX__VOICE-5142_CONTENT-121-121-127105-0032,5142,121,,-1.98,5,0.8,0.8,0.8,-0.03792276348402779,-0.12340557133362096,-14.823926344688408,1,2.0,2.0,0.5,HUBERT_BASE,6
3575-170457-0033_1320-122617-0016__T1__SCV3FIX__VOICE-3575_CONTENT-1320-1320-122617-0016,3575,1320,,-31.35,15,1.0,1.0,1.0,-0.0795721636236353,-0.17457739728919797,-40.53148616401816,1,7.5,7.5,0.0,HUBERT_BASE,6
2300-131720-0037_4970-29095-0001__T2__SCV3FIX__VOICE-4970_CONTENT-2300-2300-131720-0037,4970,2300,,-21.34,14,1.0,1.0,1.0,-0.11154706955815692,-0.21608906212098034,-38.91857221194539,1,7.0,7.0,0.0,HUBERT_BASE,6
1320-122617-0014_1089-134686-0008__T1__SCV3FIX__VOICE-1320_CONTENT-1089-1089-134686-0008,1320,1089,,-12.15,8,1.0,1.0,1.0,-0.08778357408458685,-0.1647849049989797,-28.63278970657131,1,4.0,4.0,0.0,HUBERT_BASE,6
1580-141083-0027_6930-75918-0005__T1__SCV3FIX__VOICE-1580_CONTENT-6930-6930-75918-0005,1580,6930,,-19.07,9,1.0,1.0,1.0,-0.08209910886361299,-0.14638853780715944,-36.659783991070896,1,4.5,4.5,0.0,HUBERT_BASE,6
8230-279154-0004_7127-75947-0023__T1__SCV3FIX__VOICE-8230_CONTENT-7127-7127-75947-0023,8230,7127,,9.52,9,0.1111111111111111,0.0,0.0,0.05628822846339719,-0.01933425395750954,29.937089311420568,0,0.0,0.0,-1.0,HUBERT_BASE,6
1188-133604-0025_4992-23283-0016__T1__SCV3FIX__VOICE-1188_CONTENT-4992-4992-23283-0016,1188,4992,,8.73,7,0.0,0.0,0.0,0.09548543247877046,0.06124102585370528,25.663744437963363,0,0.0,0.0,-1.0,HUBERT_BASE,6
7127-75946-0010_260-123286-0030__T2__SCV3FIX__VOICE-260_CONTENT-7127-7127-75946-0010,260,7127,,6.75,6,0.16666666666666666,0.0,0.0,0.03341713697350448,-0.010434866364807283,24.960740363369954,0,0.0,0.0,-1.0,HUBERT_BASE,6
1188-133604-0041_61-70968-0003__T1__SCV3FIX__VOICE-1188_CONTENT-61-61-70968-0003,1188,61,,9.42,7,0.14285714285714285,0.0,0.0,0.0829938294412861,-0.016329407365367477,30.864178069687075,0,0.0,0.0,-1.0,HUBERT_BASE,6
6829-68769-0051_61-70968-0024__T2__SCV3FIX__VOICE-61_CONTENT-6829-6829-68769-0051,61,6829,,-3.22,6,0.3333333333333333,0.3333333333333333,0.3333333333333333,0.022382908456864636,-0.1230736905344949,16.955534455710936,1,1.0,1.0,2.0,HUBERT_BASE,6
121-127105-0000_2961-961-0016__T1__SCV3FIX__VOICE-121_CONTENT-2961-2961-961-0016,121,2961,,-20.87,14,0.9285714285714286,1.0,0.9285714285714286,-0.0749712813663823,-0.18246203296040908,-29.857036828104746,2,4.5,3.25,0.0,HUBERT_BASE,6
7176-92135-0031_7729-102255-0025__T2__SCV3FIX__VOICE-7729_CONTENT-7176-7176-92135-0031,7729,7176,,7.06,9,0.0,0.0,0.0,0.0691245433155956,0.014652079942477303,23.846367878747078,0,0.0,0.0,-1.0,HUBERT_BASE,6
7127-75946-0023_1320-122612-0004__T2__SCV3FIX__VOICE-1320_CONTENT-7127-7127-75946-0023,1320,7127,,7.31,6,0.3333333333333333,0.0,0.0,0.021712107458326763,-0.05984876756921298,26.598965789054105,1,1.0,1.0,2.0,HUBERT_BASE,6
5683-32865-0015_4970-29095-0016__T2__SCV3FIX__VOICE-4970_CONTENT-5683-5683-32865-0015,4970,5683,,-7.07,6,1.0,1.0,1.0,-0.07266410424193631,-0.1383872100634016,-20.615536042639576,1,3.0,3.0,0.0,HUBERT_BASE,6
4507-16021-0055_1089-134691-0007__T2__SCV3FIX__VOICE-1089_CONTENT-4507-4507-16021-0055,1089,4507,,13.25,5,0.0,0.0,0.0,0.13146707141158367,0.09314972356340634,33.10733244361926,0,0.0,0.0,-1.0,HUBERT_BASE,6
4992-41806-0017_8555-292519-0003__T1__SCV3FIX__VOICE-4992_CONTENT-8555-8555-292519-0003,4992,8555,,15.71,20,0.0,0.0,0.0,0.10614475974105342,0.002683464787909595,33.361707829123745,0,0.0,0.0,-1.0,HUBERT_BASE,6
2830-3979-0009_1580-141083-0026__T1__SCV3FIX__VOICE-2830_CONTENT-1580-1580-141083-0026,2830,1580,,12.9,8,0.0,0.0,0.0,0.09595926419993663,0.07187803312971253,43.35936467220858,0,0.0,0.0,-1.0,HUBERT_BASE,6
1995-1836-0005_2300-131720-0012__T1__SCV3FIX__VOICE-1995_CONTENT-2300-2300-131720-0012,1995,2300,,-18.02,20,1.0,1.0,1.0,-0.12280098195272067,-0.22052408138087276,-34.142212589350436,1,10.0,10.0,0.0,HUBERT_BASE,6
8224-274381-0010_6930-75918-0018__T2__SCV3FIX__VOICE-6930_CONTENT-8224-8224-274381-0010,6930,8224,,-0.07,20,0.45,0.9,0.45,0.0075216685565882456,-0.09883177082762484,-10.53931022670476,3,1.0,1.0,3.0,HUBERT_BASE,6
672-122797-0052_4507-16021-0018__T2__SCV3FIX__VOICE-4507_CONTENT-672-672-122797-0052,4507,672,,-6.24,5,1.0,0.6,0.6,-0.021778617609804818,-0.04372639055095684,-4.014007505047138,1,2.5,2.5,0.0,HUBERT_BASE,6
4446-2271-0005_1320-122617-0041__T1__SCV3FIX__VOICE-4446_CONTENT-1320-1320-122617-0041,4446,1320,,15.61,5,0.0,0.0,0.0,0.08874876391304423,0.04480582653114118,41.225731198221496,0,0.0,0.0,-1.0,HUBERT_BASE,6
2830-3980-0052_8455-210777-0035__T1__SCV3FIX__VOICE-2830_CONTENT-8455-8455-210777-0035,2830,8455,,-0.84,8,0.5,0.375,0.375,0.04046714092424017,-0.09426360723472904,5.0714781206478055,1,2.0,2.0,0.0,HUBERT_BASE,6
1580-141083-0008_1284-1181-0002__T1__SCV3FIX__VOICE-1580_CONTENT-1284-1284-1181-0002,1580,1284,,-25.05,6,1.0,1.0,1.0,-0.09281983290109781,-0.2403279638104011,-44.392449446390685,1,3.0,3.0,0.0,HUBERT_BASE,6
4077-13751-0017_5105-28241-0009__T2__SCV3FIX__VOICE-5105_CONTENT-4077-4077-13751-0017,5105,4077,,7.31,9,0.1111111111111111,0.2222222222222222,0.1111111111111111,0.07672598281123785,-0.057805471028890776,21.56700703371679,0,0.0,0.0,-1.0,HUBERT_BASE,6
1580-141083-0046_7021-79730-0005__T1__SCV3FIX__VOICE-1580_CONTENT-7021-7021-79730-0005,1580,7021,,-27.43,5,1.0,1.0,1.0,-0.08159475844975314,-0.14045131762764917,-45.97822690787731,1,2.5,2.5,0.0,HUBERT_BASE,6
8230-279154-0017_8224-274384-0004__T2__SCV3FIX__VOICE-8224_CONTENT-8230-8230-279154-0017,8224,8230,,1.65,14,0.5714285714285714,0.35714285714285715,0.35714285714285715,-0.0205432694105357,-0.16803860099420231,2.9336243880680777,2,2.0,1.75,2.5,HUBERT_BASE,6
4970-29093-0009_672-122797-0007__T2__SCV3FIX__VOICE-672_CONTENT-4970-4970-29093-0009,672,4970,,13.85,11,0.0,0.0,0.0,0.14482953920534666,0.045705144776562956,39.86609670092512,0,0.0,0.0,-1.0,HUBERT_BASE,6
1580-141083-0023_121-127105-0012__T2__SCV3FIX__VOICE-121_CONTENT-1580-1580-141083-0023,121,1580,,-22.02,5,1.0,1.0,1.0,-0.05435202060596696,-0.08872859434905256,-30.63004024252457,1,2.5,2.5,0.0,HUBERT_BASE,6
1580-141083-0044_8555-284449-0016__T2__SCV3FIX__VOICE-8555_CONTENT-1580-1580-141083-0044,8555,1580,,11.01,10,0.1,0.0,0.0,0.0572444405414862,-0.018045713842742117,35.0323821109587,0,0.0,0.0,-1.0,HUBERT_BASE,6
3570-5695-0015_8463-294828-0037__T2__SCV3FIX__VOICE-8463_CONTENT-3570-3570-5695-0015,8463,3570,,15.14,9,0.0,0.0,0.0,0.0667620173868944,0.01604414444489355,35.004830715790234,0,0.0,0.0,-1.0,HUBERT_BASE,6
3570-5694-0007_2300-131720-0027__T2__SCV3FIX__VOICE-2300_CONTENT-3570-3570-5694-0007,2300,3570,,12.53,16,0.0,0.0,0.0,0.12863505581081902,0.021021609689225285,37.86141017514076,0,0.0,0.0,-1.0,HUBERT_BASE,6
1188-133604-0020_3729-6852-0044__T2__SCV3FIX__VOICE-3729_CONTENT-1188-1188-133604-0020,3729,1188,,-22.9,12,1.0,1.0,1.0,-0.13593853279795814,-0.1975010811162441,-40.87717779988196,1,6.0,6.0,0.0,HUBERT_BASE,6
5639-40744-0029_1995-1837-0015__T2__SCV3FIX__VOICE-1995_CONTENT-5639-5639-40744-0029,1995,5639,,-16.22,7,1.0,1.0,1.0,-0.10044253194281463,-0.14873826007222413,-39.283014915785316,1,3.5,3.5,0.0,HUBERT_BASE,6
4446-2275-0008_2300-131720-0032__T2__SCV3FIX__VOICE-2300_CONTENT-4446-4446-2275-0008,2300,4446,,9.55,7,0.0,0.0,0.0,0.13201159272837903,0.07501315920530327,43.780318081045955,0,0.0,0.0,-1.0,HUBERT_BASE,6
8463-294828-0033_1995-1837-0017__T1__SCV3FIX__VOICE-8463_CONTENT-1995-1995-1837-0017,8463,1995,,13.12,5,0.0,0.0,0.0,0.09892675647964846,0.028295577693054574,41.95600836312088,0,0.0,0.0,-1.0,HUBERT_BASE,6
121-127105-0031_260-123288-0009__T2__SCV3FIX__VOICE-260_CONTENT-121-121-127105-0031,260,121,,10.93,5,0.0,0.0,0.0,0.1404541357683986,0.09389424862559781,34.95195851499799,0,0.0,0.0,-1.0,HUBERT_BASE,6
7127-75946-0003_3729-6852-0022__T2__SCV3FIX__VOICE-3729_CONTENT-7127-7127-75946-0003,3729,7127,,-19.88,8,1.0,1.0,1.0,-0.10139762693554273,-0.17060076849197636,-39.32597484607933,1,4.0,4.0,0.0,HUBERT_BASE,6
8455-210777-0041_5683-32879-0019__T2__SCV3FIX__VOICE-5683_CONTENT-8455-8455-210777-0041,5683,8455,,-16.9,11,0.9090909090909091,1.0,0.9090909090909091,-0.0776982586056285,-0.14360303714928224,-34.164233238996914,2,3.0,2.5,0.0,HUBERT_BASE,6
8555-284449-0009_6829-68771-0024__T2__SCV3FIX__VOICE-6829_CONTENT-8555-8555-284449-0009,6829,8555,,2.0,5,0.2,0.0,0.0,0.08514550928575529,-0.011242509333500239,12.180998961057984,0,0.0,0.0,-1.0,HUBERT_BASE,6
8224-274384-0002_4446-2275-0019__T1__SCV3FIX__VOICE-8224_CONTENT-4446-4446-2275-0019,8224,4446,,15.66,8,0.0,0.0,0.0,0.04746313404563052,0.019742971116774588,36.841942971460895,0,0.0,0.0,-1.0,HUBERT_BASE,6
4446-2273-0016_1580-141083-0000__T1__SCV3FIX__VOICE-4446_CONTENT-1580-1580-141083-0000,4446,1580,,-4.65,16,0.6875,0.4375,0.3125,-0.0094028726710527,-0.09134280498924507,1.502051798484238,3,2.5,1.8333333333333333,0.0,HUBERT_BASE,6
5142-36377-0023_2830-3979-0009__T1__SCV3FIX__VOICE-5142_CONTENT-2830-2830-3979-0009,5142,2830,,-23.06,10,0.9,1.0,0.9,-0.0867259896335132,-0.1781426632538582,-41.33149055796194,1,4.0,4.0,0.0,HUBERT_BASE,6
7127-75947-0002_5639-40744-0028__T2__SCV3FIX__VOICE-5639_CONTENT-7127-7127-75947-0002,5639,7127,,-17.56,5,1.0,1.0,1.0,-0.09821212312057928,-0.12976842859130744,-39.480448337512144,1,2.5,2.5,0.0,HUBERT_BASE,6
2830-3980-0070_3570-5694-0005__T2__SCV3FIX__VOICE-3570_CONTENT-2830-2830-3980-0070,3570,2830,,-13.85,6,0.16666666666666666,0.8333333333333334,0.16666666666666666,0.07181834218909385,-0.025391102842763913,-18.82705276593339,0,0.0,0.0,-1.0,HUBERT_BASE,6
672-122797-0060_7729-102255-0035__T2__SCV3FIX__VOICE-7729_CONTENT-672-672-122797-0060,7729,672,,13.97,5,0.0,0.0,0.0,0.12478228732974543,0.09806251329753879,35.84612863695448,0,0.0,0.0,-1.0,HUBERT_BASE,6
1580-141084-0042_6930-75918-0010__T1__SCV3FIX__VOICE-1580_CONTENT-6930-6930-75918-0010,1580,6930,,-29.86,5,1.0,1.0,1.0,-0.06942218672937747,-0.09674107834929713,-30.03901152423354,1,2.5,2.5,0.0,HUBERT_BASE,6
7729-102255-0030_672-122797-0057__T2__SCV3FIX__VOICE-672_CONTENT-7729-7729-102255-0030,672,7729,,-17.18,12,1.0,1.0,1.0,-0.1696416476192577,-0.3492481042630544,-37.60858672289206,1,6.0,6.0,0.0,HUBERT_BASE,6
1188-133604-0025_6829-68769-0005__T1__SCV3FIX__VOICE-1188_CONTENT-6829-6829-68769-0005,1188,6829,,11.43,12,0.0,0.0,0.0,0.15109302776281916,0.05747264206673641,41.971941733631276,0,0.0,0.0,-1.0,HUBERT_BASE,6
5683-32865-0009_6829-68769-0016__T2__SCV3FIX__VOICE-6829_CONTENT-5683-5683-32865-0009,6829,5683,,10.27,7,0.42857142857142855,0.0,0.0,0.011344887400693409,-0.08144825173746928,20.25801342622854,0,0.0,0.0,-1.0,HUBERT_BASE,6
908-157963-0018_1320-122617-0014__T2__SCV3FIX__VOICE-1320_CONTENT-908-908-157963-0018,1320,908,,-12.59,7,1.0,1.0,1.0,-0.09898291675106054,-0.1841396652587045,-25.634414175575028,1,3.5,3.5,0.0,HUBERT_BASE,6
1089-134686-0028_8224-274384-0005__T2__SCV3FIX__VOICE-8224_CONTENT-1089-1089-134686-0028,8224,1089,,-3.29,14,0.6428571428571429,0.42857142857142855,0.2857142857142857,-0.05136474171063725,-0.3038696170990405,1.9134383381695856,3,2.5,1.5,1.0,HUBERT_BASE,6
4446-2275-0031_5683-32866-0016__T2__SCV3FIX__VOICE-5683_CONTENT-4446-4446-2275-0031,5683,4446,,13.05,5,0.0,0.0,0.0,0.08581540840644261,0.06225609777412766,39.34080661300263,0,0.0,0.0,-1.0,HUBERT_BASE,6
1580-141083-0041_3729-6852-0028__T1__SCV3FIX__VOICE-1580_CONTENT-3729-3729-6852-0028,1580,3729,,-2.08,6,0.8333333333333334,0.6666666666666666,0.6666666666666666,-0.03824832086553944,-0.08990335986770659,-7.0493415812110385,2,1.5,1.25,0.0,HUBERT_BASE,6
1284-1181-0020_2830-3980-0010__T2__SCV3FIX__VOICE-2830_CONTENT-1284-1284-1181-0020,2830,1284,,8.71,12,0.0,0.16666666666666666,0.0,0.09313538621701008,0.029755882786042354,21.722517217852545,0,0.0,0.0,-1.0,HUBERT_BASE,6
6930-75918-0004_8224-274384-0006__T2__SCV3FIX__VOICE-8224_CONTENT-6930-6930-75918-0004,8224,6930,,10.24,12,0.0,0.0,0.0,0.0696313656189166,0.015218734436836301,33.75033542989653,0,0.0,0.0,-1.0,HUBERT_BASE,6
5142-33396-0033_4507-16021-0029__T1__SCV3FIX__VOICE-5142_CONTENT-4507-4507-16021-0029,5142,4507,,-21.41,6,0.6666666666666666,1.0,0.6666666666666666,-0.04890874944548623,-0.11349719535807734,-35.84798377662128,1,1.5,1.5,0.0,HUBERT_BASE,6
61-70970-0004_4077-13754-0003__T1__SCV3FIX__VOICE-61_CONTENT-4077-4077-13754-0003,61,4077,,-0.6,10,0.2,0.2,0.2,0.06267413105207012,-0.07970702488748793,13.970692610102319,1,1.0,1.0,0.0,HUBERT_BASE,6
5105-28240-0015_2300-131720-0006__T1__SCV3FIX__VOICE-5105_CONTENT-2300-2300-131720-0006,5105,2300,,-9.6,7,1.0,1.0,1.0,-0.06406556829145553,-0.15076953769801127,-19.474805285299404,1,3.5,3.5,0.0,HUBERT_BASE,6
1284-1180-0006_1320-122612-0004__T2__SCV3FIX__VOICE-1320_CONTENT-1284-1284-1180-0006,1320,1284,,14.24,11,0.0,0.0,0.0,0.09035681144031385,0.03852963370511542,36.37004969646972,0,0.0,0.0,-1.0,HUBERT_BASE,6
3729-6852-0036_908-31957-0019__T2__SCV3FIX__VOICE-908_CONTENT-3729-3729-6852-0036,908,3729,,10.48,9,0.0,0.0,0.0,0.12285233579206206,0.016400158077300775,39.08625897538143,0,0.0,0.0,-1.0,HUBERT_BASE,6
2300-131720-0007_8224-274384-0007__T2__SCV3FIX__VOICE-8224_CONTENT-2300-2300-131720-0007,8224,2300,,-2.58,11,0.5454545454545454,0.7272727272727273,0.45454545454545453,-0.04766812201838892,-0.35745190859192866,-12.613308321364007,2,1.5,1.25,1.0,HUBERT_BASE,6
2961-960-0007_4446-2271-0020__T1__SCV3FIX__VOICE-2961_CONTENT-4446-4446-2271-0020,2961,4446,,-21.63,14,0.9285714285714286,1.0,0.9285714285714286,-0.06466610333100002,-0.16611618461470867,-30.202584379171576,2,4.5,3.25,0.0,HUBERT_BASE,6
3570-5694-0001_908-31957-0012__T2__SCV3FIX__VOICE-908_CONTENT-3570-3570-5694-0001,908,3570,,10.06,10,0.0,0.0,0.0,0.12026174830602802,0.06234192723521714,44.668260105177026,0,0.0,0.0,-1.0,HUBERT_BASE,6
8555-284449-0001_4446-2275-0041__T2__SCV3FIX__VOICE-4446_CONTENT-8555-8555-284449-0001,4446,8555,,-20.58,8,0.75,1.0,0.75,-0.05262350392655167,-0.13917880972023855,-26.01065727776976,2,1.5,1.25,0.0,HUBERT_BASE,6
5683-32866-0017_1580-141083-0053__T1__SCV3FIX__VOICE-5683_CONTENT-1580-1580-141083-0053,5683,1580,,11.22,7,0.0,0.0,0.0,0.10977992320724371,0.03169912036440026,49.0288144117789,0,0.0,0.0,-1.0,HUBERT_BASE,6
2300-131720-0010_1089-134686-0001__T1__SCV3FIX__VOICE-2300_CONTENT-1089-1089-134686-0001,2300,1089,,-13.43,5,1.0,1.0,1.0,-0.07511062722592762,-0.12628423633419916,-22.12326818631428,1,2.5,2.5,0.0,HUBERT_BASE,6
8463-294828-0015_121-127105-0002__T1__SCV3FIX__VOICE-8463_CONTENT-121-121-127105-0002,8463,121,,12.48,7,0.14285714285714285,0.0,0.0,0.09035238116341314,-0.039810895123581935,34.76302867691026,0,0.0,0.0,-1.0,HUBERT_BASE,6
2961-961-0006_1995-1837-0029__T2__SCV3FIX__VOICE-1995_CONTENT-2961-2961-961-0006,1995,2961,,-10.02,8,0.875,0.875,0.75,-0.06729051960006154,-0.18216741806520087,-24.539582546160435,1,3.0,3.0,1.0,HUBERT_BASE,6
7127-75946-0022_8230-279154-0017__T2__SCV3FIX__VOICE-8230_CONTENT-7127-7127-75946-0022,8230,7127,,9.86,14,0.07142857142857142,0.0,0.0,0.08000007993168924,-0.04821396954983237,32.049595750949386,0,0.0,0.0,-1.0,HUBERT_BASE,6
4077-13751-0009_908-31957-0007__T2__SCV3FIX__VOICE-908_CONTENT-4077-4077-13751-0009,908,4077,,11.95,10,0.1,0.0,0.0,0.04801478308049865,-0.023655779548548694,20.591048761199552,0,0.0,0.0,-1.0,HUBERT_BASE,6
8463-294828-0000_7176-92135-0008__T2__SCV3FIX__VOICE-7176_CONTENT-8463-8463-294828-0000,7176,8463,,11.05,6,0.0,0.0,0.0,0.19139345470218294,0.11186164393815168,52.587351027117506,0,0.0,0.0,-1.0,HUBERT_BASE,6
5105-28240-0017_6930-81414-0015__T2__SCV3FIX__VOICE-6930_CONTENT-5105-5105-28240-0017,6930,5105,,-12.66,6,0.5,1.0,0.5,-0.0013564200173487029,-0.1004147509519101,-18.7473544502355,1,1.5,1.5,1.5,HUBERT_BASE,6
1580-141084-0019_3575-170457-0003__T2__SCV3FIX__VOICE-3575_CONTENT-1580-1580-141084-0019,3575,1580,,9.09,5,0.0,0.0,0.0,0.07937882131874227,0.06993979075742374,43.3279007967097,0,0.0,0.0,-1.0,HUBERT_BASE,6
5105-28240-0019_1320-122612-0015__T2__SCV3FIX__VOICE-1320_CONTENT-5105-5105-28240-0019,1320,5105,,9.81,11,0.0,0.0,0.0,0.12043373904089942,0.04800570411419691,34.08932055478451,0,0.0,0.0,-1.0,HUBERT_BASE,6
1580-141083-0010_260-123440-0007__T2__SCV3FIX__VOICE-260_CONTENT-1580-1580-141083-0010,260,1580,,13.1,5,0.0,0.0,0.0,0.0606704828495926,0.016289107628311816,43.140789234761016,0,0.0,0.0,-1.0,HUBERT_BASE,6
4992-41797-0004_5142-36377-0017__T1__SCV3FIX__VOICE-4992_CONTENT-5142-5142-36377-0017,4992,5142,,-7.37,8,0.75,0.875,0.75,-0.008776736856650952,-0.046580435690321664,-7.1101831983218755,3,1.0,1.0,0.0,HUBERT_BASE,6
8455-210777-0041_5683-32879-0019__T1__SCV3FIX__VOICE-8455_CONTENT-5683-5683-32879-0019,8455,5683,,11.27,11,0.0,0.0,0.0,0.10804973958996132,0.040850703000675614,42.293504474443964,0,0.0,0.0,-1.0,HUBERT_BASE,6
2094-142345-0059_8555-292519-0006__T2__SCV3FIX__VOICE-8555_CONTENT-2094-2094-142345-0059,8555,2094,,-0.54,19,0.6842105263157895,0.6842105263157895,0.5789473684210527,-0.036555653815913414,-0.1558572226423055,-4.9439158367512706,3,3.0,2.0,2.5,HUBERT_BASE,6
8455-210777-0043_4992-41806-0005__T1__SCV3FIX__VOICE-8455_CONTENT-4992-4992-41806-0005,8455,4992,,14.09,5,0.0,0.0,0.0,0.08282015108218317,0.03311282527458703,32.49198322844893,0,0.0,0.0,-1.0,HUBERT_BASE,6
1995-1826-0025_8463-294825-0008__T2__SCV3FIX__VOICE-8463_CONTENT-1995-1995-1826-0025,8463,1995,,17.33,5,0.0,0.0,0.0,0.1348254143774362,0.048003854268576784,41.73889482042662,0,0.0,0.0,-1.0,HUBERT_BASE,6
8463-287645-0009_5683-32866-0001__T1__SCV3FIX__VOICE-8463_CONTENT-5683-5683-32866-0001,8463,5683,,-6.21,5,0.8,0.6,0.6,-0.015659963415005262,-0.029769416692008055,-5.964736353343662,1,1.5,1.5,1.0,HUBERT_BASE,6
4446-2273-0024_7176-92135-0036__T1__SCV3FIX__VOICE-4446_CONTENT-7176-7176-92135-0036,4446,7176,,-24.64,8,1.0,1.0,1.0,-0.08798813096473783,-0.1854799463297847,-40.40880396303271,1,4.0,4.0,0.0,HUBERT_BASE,6
8555-284447-0014_8463-287645-0006__T2__SCV3FIX__VOICE-8463_CONTENT-8555-8555-284447-0014,8463,8555,,5.92,14,0.07142857142857142,0.0,0.0,0.05688668571493338,-0.025679168046316203,23.733863072525672,0,0.0,0.0,-1.0,HUBERT_BASE,6
5105-28240-0003_1995-1826-0026__T2__SCV3FIX__VOICE-1995_CONTENT-5105-5105-28240-0003,1995,5105,,-28.36,9,1.0,1.0,1.0,-0.12101877076232517,-0.18441773391816652,-37.585095223529315,1,4.5,4.5,0.0,HUBERT_BASE,6
2830-3980-0042_2961-960-0001__T2__SCV3FIX__VOICE-2961_CONTENT-2830-2830-3980-0042,2961,2830,,-18.71,5,1.0,1.0,1.0,-0.05617941703286866,-0.08020639898597193,-32.1538266684383,1,2.5,2.5,0.0,HUBERT_BASE,6
8463-294828-0036_3570-5694-0019__T2__SCV3FIX__VOICE-3570_CONTENT-8463-8463-294828-0036,3570,8463,,-22.6,6,1.0,1.0,1.0,-0.06163332017080492,-0.08310299945564636,-35.50950215783431,1,3.0,3.0,0.0,HUBERT_BASE,6
6829-68771-0022_1995-1837-0018__T2__SCV3FIX__VOICE-1995_CONTENT-6829-6829-68771-0022,1995,6829,,10.36,6,0.0,0.0,0.0,0.040302524838332264,0.0032999514873457425,37.57021090947932,0,0.0,0.0,-1.0,HUBERT_BASE,6
7021-85628-0009_4992-41797-0016__T1__SCV3FIX__VOICE-7021_CONTENT-4992-4992-41797-0016,7021,4992,,9.25,5,0.0,0.0,0.0,0.07508706227032272,0.0003653817036002316,25.441992737709867,0,0.0,0.0,-1.0,HUBERT_BASE,6
61-70968-0027_2094-142345-0005__T2__SCV3FIX__VOICE-2094_CONTENT-61-61-70968-0027,2094,61,,-13.59,12,1.0,1.0,1.0,-0.1504448437485025,-0.3399651191675944,-21.799631937860994,1,6.0,6.0,0.0,HUBERT_BASE,6
7127-75947-0011_1284-1181-0011__T1__SCV3FIX__VOICE-7127_CONTENT-1284-1284-1181-0011,7127,1284,,10.54,6,0.0,0.0,0.0,0.09844881532508426,0.07096088148109059,32.567662845667925,0,0.0,0.0,-1.0,HUBERT_BASE,6
1284-1181-0007_1580-141084-0045__T1__SCV3FIX__VOICE-1284_CONTENT-1580-1580-141084-0045,1284,1580,,12.34,6,0.0,0.0,0.0,0.06576610981613092,0.0384309880199849,41.41522999789836,0,0.0,0.0,-1.0,HUBERT_BASE,6
5142-33396-0068_7127-75947-0013__T2__SCV3FIX__VOICE-7127_CONTENT-5142-5142-33396-0068,7127,5142,,-25.98,7,0.7142857142857143,1.0,0.7142857142857143,-0.06491733808630704,-0.21034544285653722,-33.80470782745005,2,1.5,1.25,0.0,HUBERT_BASE,6
1089-134686-0005_7176-92135-0020__T1__SCV3FIX__VOICE-1089_CONTENT-7176-7176-92135-0020,1089,7176,,8.73,13,0.07692307692307693,0.0,0.0,0.10096684534863204,-0.05893147521007902,29.834048372150612,0,0.0,0.0,-1.0,HUBERT_BASE,6
7729-102255-0021_8463-294825-0019__T1__SCV3FIX__VOICE-7729_CONTENT-8463-8463-294825-0019,7729,8463,,8.97,5,0.0,0.0,0.0,0.0858496373374535,0.06929683453035429,31.519339844225186,0,0.0,0.0,-1.0,HUBERT_BASE,6
6829-68769-0023_121-123859-0004__T2__SCV3FIX__VOICE-121_CONTENT-6829-6829-68769-0023,121,6829,,-5.61,7,1.0,0.7142857142857143,0.7142857142857143,-0.10137444323805567,-0.17734115961159358,-9.193348478206428,1,3.5,3.5,0.0,HUBERT_BASE,6
4507-16021-0042_260-123286-0011__T2__SCV3FIX__VOICE-260_CONTENT-4507-4507-16021-0042,260,4507,,13.37,7,0.0,0.0,0.0,0.0754603520313194,0.04534047751344805,36.56061100418109,0,0.0,0.0,-1.0,HUBERT_BASE,6
672-122797-0039_5142-33396-0053__T2__SCV3FIX__VOICE-5142_CONTENT-672-672-122797-0039,5142,672,,-25.62,6,0.6666666666666666,1.0,0.6666666666666666,-0.04635847580732896,-0.09416216271813083,-26.606695273098683,2,1.0,1.0,0.0,HUBERT_BASE,6
61-70968-0034_5105-28241-0006__T2__SCV3FIX__VOICE-5105_CONTENT-61-61-70968-0034,5105,61,,14.06,7,0.0,0.0,0.0,0.08019233578168826,0.036745078601011616,33.69103099479439,0,0.0,0.0,-1.0,HUBERT_BASE,6
8224-274381-0003_260-123440-0014__T2__SCV3FIX__VOICE-260_CONTENT-8224-8224-274381-0003,260,8224,,-19.75,6,1.0,1.0,1.0,-0.11105862890168829,-0.16565097034381204,-39.154767248763285,1,3.0,3.0,0.0,HUBERT_BASE,6
7729-102255-0031_2094-142345-0028__T1__SCV3FIX__VOICE-7729_CONTENT-2094-2094-142345-0028,7729,2094,,10.46,12,0.0,0.0,0.0,0.12946089067614655,0.053306516442956586,35.744293234343104,0,0.0,0.0,-1.0,HUBERT_BASE,6
61-70968-0004_1188-133604-0014__T1__SCV3FIX__VOICE-61_CONTENT-1188-1188-133604-0014,61,1188,,-13.48,6,0.8333333333333334,1.0,0.8333333333333334,-0.0623533209372805,-0.12861728178424348,-19.21738128646754,1,2.5,2.5,0.5,HUBERT_BASE,6
5105-28233-0002_121-127105-0022__T2__SCV3FIX__VOICE-121_CONTENT-5105-5105-28233-0002,121,5105,,-22.95,9,1.0,1.0,1.0,-0.1276497850563336,-0.26407372327689005,-36.655790293357796,1,4.5,4.5,0.0,HUBERT_BASE,6
7176-92135-0034_4992-41806-0012__T2__SCV3FIX__VOICE-4992_CONTENT-7176-7176-92135-0034,4992,7176,,11.2,7,0.0,0.0,0.0,0.11102342928643417,0.08531648767027311,34.131338991838774,0,0.0,0.0,-1.0,HUBERT_BASE,6
61-70968-0046_121-121726-0000__T1__SCV3FIX__VOICE-61_CONTENT-121-121-121726-0000,61,121,,12.36,6,0.0,0.0,0.0,0.09686594041578965,0.016928733065628587,38.93059840023959,0,0.0,0.0,-1.0,HUBERT_BASE,6
1580-141084-0039_7176-88083-0004__T2__SCV3FIX__VOICE-7176_CONTENT-1580-1580-141084-0039,7176,1580,,12.08,8,0.0,0.0,0.0,0.08233024241078872,0.04951381180393977,40.39266173700308,0,0.0,0.0,-1.0,HUBERT_BASE,6
5142-33396-0048_237-134493-0006__T1__SCV3FIX__VOICE-5142_CONTENT-237-237-134493-0006,5142,237,,13.78,6,0.16666666666666666,0.0,0.0,0.05505573368312424,-0.018839956076044828,29.409735550438544,0,0.0,0.0,-1.0,HUBERT_BASE,6
8555-284447-0004_5683-32879-0000__T2__SCV3FIX__VOICE-5683_CONTENT-8555-8555-284447-0004,5683,8555,,-15.69,9,0.5555555555555556,1.0,0.5555555555555556,-0.0166493052069264,-0.08897674436098957,-21.453512136282168,2,1.5,1.25,0.5,HUBERT_BASE,6
2830-3980-0076_237-126133-0009__T1__SCV3FIX__VOICE-2830_CONTENT-237-237-126133-0009,2830,237,,13.12,6,0.0,0.0,0.0,0.11400222471393079,0.06099946125355149,33.02262756976058,0,0.0,0.0,-1.0,HUBERT_BASE,6
4077-13751-0015_1284-1180-0029__T1__SCV3FIX__VOICE-4077_CONTENT-1284-1284-1180-0029,4077,1284,,14.74,9,0.0,0.0,0.0,0.0981548620304647,0.011863061570214883,36.32747903318897,0,0.0,0.0,-1.0,HUBERT_BASE,6
4077-13751-0011_7729-102255-0021__T1__SCV3FIX__VOICE-4077_CONTENT-7729-7729-102255-0021,4077,7729,,-4.5,14,1.0,1.0,1.0,-0.07989144892570656,-0.20706677022695075,-20.66984237253998,1,7.0,7.0,0.0,HUBERT_BASE,6
1580-141084-0029_5683-32879-0023__T2__SCV3FIX__VOICE-5683_CONTENT-1580-1580-141084-0029,5683,1580,,1.83,8,0.0,0.0,0.0,0.06291665741430152,0.0265837306427944,24.432086228341475,0,0.0,0.0,-1.0,HUBERT_BASE,6
1284-1181-0003_8463-294825-0015__T2__SCV3FIX__VOICE-8463_CONTENT-1284-1284-1181-0003,8463,1284,,11.56,5,0.0,0.0,0.0,0.0790865788419608,0.049990056945450334,30.151976263372397,0,0.0,0.0,-1.0,HUBERT_BASE,6
5639-40744-0025_6829-68769-0009__T2__SCV3FIX__VOICE-6829_CONTENT-5639-5639-40744-0025,6829,5639,,-17.17,7,1.0,1.0,1.0,-0.05404792503489174,-0.09299666057778355,-24.937354855624573,1,3.5,3.5,0.0,HUBERT_BASE,6
1995-1837-0012_8463-287645-0009__T2__SCV3FIX__VOICE-8463_CONTENT-1995-1995-1837-0012,8463,1995,,11.48,6,0.0,0.0,0.0,0.11675770114642449,0.04319095782628524,35.62951456809055,0,0.0,0.0,-1.0,HUBERT_BASE,6
4507-16021-0055_1580-141083-0013__T2__SCV3FIX__VOICE-1580_CONTENT-4507-4507-16021-0055,1580,4507,,-17.53,7,1.0,1.0,1.0,-0.07025837887715095,-0.1181215094617909,-38.009490496378,1,3.5,3.5,0.0,HUBERT_BASE,6
8463-287645-0008_4507-16021-0001__T1__SCV3FIX__VOICE-8463_CONTENT-4507-4507-16021-0001,8463,4507,,-4.43,5,0.6,0.8,0.6,-0.01454734678414571,-0.05275976552347905,-14.30234455227777,1,1.0,1.0,1.5,HUBERT_BASE,6
8455-210777-0015_1284-1180-0021__T2__SCV3FIX__VOICE-1284_CONTENT-8455-8455-210777-0015,1284,8455,,-29.58,16,1.0,1.0,1.0,-0.12409802416361268,-0.221047469787374,-42.87044524249843,1,8.0,8.0,0.0,HUBERT_BASE,6
1284-1180-0028_5683-32879-0001__T1__SCV3FIX__VOICE-1284_CONTENT-5683-5683-32879-0001,1284,5683,,-21.05,6,0.8333333333333334,1.0,0.8333333333333334,-0.022129778015776296,-0.05181497231804011,-23.7952456516153,1,2.5,2.5,0.0,HUBERT_BASE,6
1284-1180-0013_1089-134691-0006__T1__SCV3FIX__VOICE-1284_CONTENT-1089-1089-134691-0006,1284,1089,,-13.28,6,1.0,1.0,1.0,-0.13929922247218193,-0.2455639335801506,-33.414396838227624,1,3.0,3.0,0.0,HUBERT_BASE,6
61-70968-0050_7021-79740-0001__T1__SCV3FIX__VOICE-61_CONTENT-7021-7021-79740-0001,61,7021,,6.33,10,0.2,0.1,0.0,0.059396387280970665,-0.08382648561590822,10.052698171634034,0,0.0,0.0,-1.0,HUBERT_BASE,6
4992-23283-0002_672-122797-0073__T1__SCV3FIX__VOICE-4992_CONTENT-672-672-122797-0073,4992,672,,-14.16,5,1.0,1.0,1.0,-0.06962849570220753,-0.1332173500501973,-23.269452874094302,1,2.5,2.5,0.0,HUBERT_BASE,6
1320-122612-0003_7176-88083-0025__T2__SCV3FIX__VOICE-7176_CONTENT-1320-1320-122612-0003,7176,1320,,2.53,13,0.15384615384615385,0.0,0.0,0.0930080213009888,-0.015411195315925164,26.15683483379918,0,0.0,0.0,-1.0,HUBERT_BASE,6
4077-13754-0006_1995-1826-0007__T1__SCV3FIX__VOICE-4077_CONTENT-1995-1995-1826-0007,4077,1995,,15.64,13,0.0,0.0,0.0,0.1140951081731684,0.04425120004409289,33.50350922775704,0,0.0,0.0,-1.0,HUBERT_BASE,6
61-70968-0032_1995-1837-0020__T2__SCV3FIX__VOICE-1995_CONTENT-61-61-70968-0032,1995,61,,-22.88,5,0.8,1.0,0.8,-0.09592576395351289,-0.1539516601708959,-25.668012968121058,1,1.5,1.5,0.0,HUBERT_BASE,6
6930-75918-0010_6829-68769-0018__T1__SCV3FIX__VOICE-6930_CONTENT-6829-6829-68769-0018,6930,6829,,15.57,5,0.0,0.0,0.0,0.04011888810712334,0.017291788938987862,26.168222178638054,0,0.0,0.0,-1.0,HUBERT_BASE,6
260-123286-0003_2094-142345-0048__T1__SCV3FIX__VOICE-260_CONTENT-2094-2094-142345-0048,260,2094,,13.34,11,0.09090909090909091,0.0,0.0,0.10847559535392697,-0.0030316649030336373,38.338389351267374,0,0.0,0.0,-1.0,HUBERT_BASE,6
5683-32879-0004_6930-81414-0013__T1__SCV3FIX__VOICE-5683_CONTENT-6930-6930-81414-0013,5683,6930,,10.56,13,0.07692307692307693,0.0,0.0,0.056235886275645436,-0.016921699717266536,33.900566575711416,0,0.0,0.0,-1.0,HUBERT_BASE,6
61-70970-0001_1221-135766-0013__T2__SCV3FIX__VOICE-1221_CONTENT-61-61-70970-0001,1221,61,,0.78,6,0.16666666666666666,0.3333333333333333,0.16666666666666666,0.031691849689817496,-0.02119152742386754,4.236661898617516,0,0.0,0.0,-1.0,HUBERT_BASE,6
2300-131720-0022_8555-284447-0019__T1__SCV3FIX__VOICE-2300_CONTENT-8555-8555-284447-0019,2300,8555,,11.27,19,0.0,0.0,0.0,0.11126012680341485,0.06358462444928537,41.12745420460762,0,0.0,0.0,-1.0,HUBERT_BASE,6
1188-133604-0041_61-70968-0003__T2__SCV3FIX__VOICE-61_CONTENT-1188-1188-133604-0041,61,1188,,-16.56,7,0.8571428571428571,1.0,0.8571428571428571,-0.0779605963127522,-0.22718156283808244,-30.02911260310893,1,3.0,3.0,0.5,HUBERT_BASE,6
7127-75947-0027_3575-170457-0053__T2__SCV3FIX__VOICE-3575_CONTENT-7127-7127-75947-0027,3575,7127,,-29.58,15,1.0,1.0,1.0,-0.08127749548776445,-0.19891644311971435,-35.70524555576594,1,7.5,7.5,0.0,HUBERT_BASE,6
4970-29095-0025_3575-170457-0000__T2__SCV3FIX__VOICE-3575_CONTENT-4970-4970-29095-0025,3575,4970,,-27.18,6,0.6666666666666666,1.0,0.6666666666666666,-0.059498578211351516,-0.13261217404096803,-37.018469403501115,1,2.0,2.0,1.0,HUBERT_BASE,6
8230-279154-0032_3570-5695-0000__T1__SCV3FIX__VOICE-8230_CONTENT-3570-3570-5695-0000,8230,3570,,13.46,6,0.0,0.0,0.0,0.09056997220798092,0.06959843911201236,40.75348616772459,0,0.0,0.0,-1.0,HUBERT_BASE,6
908-31957-0007_5105-28233-0000__T2__SCV3FIX__VOICE-5105_CONTENT-908-908-31957-0007,5105,908,,-21.37,8,1.0,1.0,1.0,-0.10082140244349122,-0.15817863375560604,-38.99161351525753,1,4.0,4.0,0.0,HUBERT_BASE,6
260-123288-0002_1580-141084-0019__T1__SCV3FIX__VOICE-260_CONTENT-1580-1580-141084-0019,260,1580,,12.7,5,0.0,0.0,0.0,0.08506447061777136,0.04949150067388053,38.8745150124431,0,0.0,0.0,-1.0,HUBERT_BASE,6
5683-32865-0010_7176-92135-0024__T2__SCV3FIX__VOICE-7176_CONTENT-5683-5683-32865-0010,7176,5683,,3.75,7,0.14285714285714285,0.14285714285714285,0.14285714285714285,0.07135714492743947,-0.02311450980752472,17.086702850924244,0,0.0,0.0,-1.0,HUBERT_BASE,6
2830-3980-0032_8463-294828-0006__T2__SCV3FIX__VOICE-8463_CONTENT-2830-2830-3980-0032,8463,2830,,-25.29,13,1.0,1.0,1.0,-0.06795861718787556,-0.13179834264884926,-36.47196426895125,1,6.5,6.5,0.0,HUBERT_BASE,6
4970-29095-0017_3575-170457-0052__T1__SCV3FIX__VOICE-4970_CONTENT-3575-3575-170457-0052,4970,3575,,-16.82,5,0.8,1.0,0.8,-0.053527966017775055,-0.10365302464185722,-18.767489714259685,1,2.0,2.0,0.0,HUBERT_BASE,6
8230-279154-0011_5683-32879-0002__T2__SCV3FIX__VOICE-5683_CONTENT-8230-8230-279154-0011,5683,8230,,-5.39,11,0.5454545454545454,0.9090909090909091,0.5454545454545454,-0.022174426451886588,-0.18393595989165334,-16.407358043920365,1,2.0,2.0,3.0,HUBERT_BASE,6
4970-29093-0004_8455-210777-0070__T1__SCV3FIX__VOICE-4970_CONTENT-8455-8455-210777-0070,4970,8455,,-24.2,6,1.0,1.0,1.0,-0.09481831436460199,-0.18534619350161152,-37.09075877708404,1,3.0,3.0,0.0,HUBERT_BASE,6
8230-279154-0029_61-70970-0032__T2__SCV3FIX__VOICE-61_CONTENT-8230-8230-279154-0029,61,8230,,6.69,5,0.0,0.0,0.0,0.1041113272595672,0.027358650614020763,21.006052651547826,0,0.0,0.0,-1.0,HUBERT_BASE,6
61-70968-0027_4446-2273-0018__T2__SCV3FIX__VOICE-4446_CONTENT-61-61-70968-0027,4446,61,,-26.79,5,1.0,1.0,1.0,-0.0721657296501248,-0.09419000695813562,-29.49115516869843,1,2.5,2.5,0.0,HUBERT_BASE,6
61-70968-0013_8555-284449-0003__T1__SCV3FIX__VOICE-61_CONTENT-8555-8555-284449-0003,61,8555,,11.88,7,0.0,0.0,0.0,0.14345498330916767,0.1030091026685166,41.240233386660854,0,0.0,0.0,-1.0,HUBERT_BASE,6
8455-210777-0053_2830-3980-0009__T1__SCV3FIX__VOICE-8455_CONTENT-2830-2830-3980-0009,8455,2830,,10.33,6,0.0,0.0,0.0,0.1711465753842648,0.11330557078100567,20.640688785606766,0,0.0,0.0,-1.0,HUBERT_BASE,6
8455-210777-0044_5639-40744-0024__T1__SCV3FIX__VOICE-8455_CONTENT-5639-5639-40744-0024,8455,5639,,6.55,13,0.0,0.07692307692307693,0.0,0.09273526250937657,0.01718598672266769,27.139861009211593,0,0.0,0.0,-1.0,HUBERT_BASE,6
4970-29093-0022_6829-68771-0024__T2__SCV3FIX__VOICE-6829_CONTENT-4970-4970-29093-0022,6829,4970,,-0.6,11,0.2727272727272727,0.0,0.0,0.029900805336411505,-0.09300715388675451,15.163144334251818,1,1.0,1.0,2.5,HUBERT_BASE,6
7729-102255-0007_7021-85628-0010__T2__SCV3FIX__VOICE-7021_CONTENT-7729-7729-102255-0007,7021,7729,,11.83,15,0.0,0.0,0.0,0.08541806116059049,0.006131107376623479,34.07092160652289,0,0.0,0.0,-1.0,HUBERT_BASE,6
5142-33396-0038_3729-6852-0031__T1__SCV3FIX__VOICE-5142_CONTENT-3729-3729-6852-0031,5142,3729,,-22.75,7,1.0,1.0,1.0,-0.09983039101925364,-0.18603258952962287,-34.58717921657207,1,3.5,3.5,0.0,HUBERT_BASE,6
8555-284447-0000_7021-85628-0009__T2__SCV3FIX__VOICE-7021_CONTENT-8555-8555-284447-0000,7021,8555,,14.94,16,0.0,0.0,0.0,0.13142754706363416,0.0373508925799102,45.858008506846616,0,0.0,0.0,-1.0,HUBERT_BASE,6
7021-79759-0000_672-122797-0065__T1__SCV3FIX__VOICE-7021_CONTENT-672-672-122797-0065,7021,672,,12.41,5,0.4,0.0,0.0,0.043043424299096265,-0.08197069004149438,24.229704440226406,1,1.0,1.0,1.5,HUBERT_BASE,6
61-70970-0000_1284-134647-0006__T1__SCV3FIX__VOICE-61_CONTENT-1284-1284-134647-0006,61,1284,,11.47,11,0.0,0.0,0.0,0.10441934236000433,0.05051046508857615,34.30286288136624,0,0.0,0.0,-1.0,HUBERT_BASE,6
4077-13754-0004_5142-36377-0020__T1__SCV3FIX__VOICE-4077_CONTENT-5142-5142-36377-0020,4077,5142,,11.4,8,0.0,0.0,0.0,0.10199579895378018,0.051997009751034384,27.0022167359402,0,0.0,0.0,-1.0,HUBERT_BASE,6
1221-135767-0008_3570-5695-0015__T2__SCV3FIX__VOICE-3570_CONTENT-1221-1221-135767-0008,3570,1221,,10.57,5,0.0,0.0,0.0,0.09082688150631806,0.0415188661854613,51.60557047046988,0,0.0,0.0,-1.0,HUBERT_BASE,6
237-126133-0005_7176-92135-0005__T2__SCV3FIX__VOICE-7176_CONTENT-237-237-126133-0005,7176,237,,15.6,9,0.0,0.0,0.0,0.08556666055894951,0.04755639934794431,40.349223164698884,0,0.0,0.0,-1.0,HUBERT_BASE,6
4446-2273-0005_4992-23283-0009__T1__SCV3FIX__VOICE-4446_CONTENT-4992-4992-23283-0009,4446,4992,,-22.99,7,1.0,1.0,1.0,-0.07068893902401216,-0.1125077649805799,-35.87408065908926,1,3.5,3.5,0.0,HUBERT_BASE,6
3729-6852-0026_4992-41797-0021__T2__SCV3FIX__VOICE-4992_CONTENT-3729-3729-6852-0026,4992,3729,,13.11,8,0.125,0.0,0.0,0.03877552797387261,-0.004501283078767071,24.64219079271351,0,0.0,0.0,-1.0,HUBERT_BASE,6
6829-68771-0016_6930-76324-0003__T2__SCV3FIX__VOICE-6930_CONTENT-6829-6829-68771-0016,6930,6829,,14.9,5,0.0,0.0,0.0,0.05039496864083461,0.021966103756085875,35.328680966413806,0,0.0,0.0,-1.0,HUBERT_BASE,6
260-123440-0009_5105-28240-0011__T1__SCV3FIX__VOICE-260_CONTENT-5105-5105-28240-0011,260,5105,,5.87,5,0.4,0.0,0.0,0.05665843342210251,-0.017404853949540833,23.897741101544614,1,1.0,1.0,0.0,HUBERT_BASE,6
1320-122617-0009_4992-23283-0019__T1__SCV3FIX__VOICE-1320_CONTENT-4992-4992-23283-0019,1320,4992,,12.3,12,0.0,0.0,0.0,0.1269767585851526,0.0429178457393844,38.560318539072505,0,0.0,0.0,-1.0,HUBERT_BASE,6
5142-33396-0052_672-122797-0072__T2__SCV3FIX__VOICE-672_CONTENT-5142-5142-33396-0052,672,5142,,13.62,9,0.0,0.0,0.0,0.14740974724534098,0.0950940345692517,39.87308945168198,0,0.0,0.0,-1.0,HUBERT_BASE,6
7021-85628-0001_5683-32866-0008__T1__SCV3FIX__VOICE-7021_CONTENT-5683-5683-32866-0008,7021,5683,,17.87,5,0.0,0.0,0.0,0.09044844130948695,0.034829911746533715,49.25650849899286,0,0.0,0.0,-1.0,HUBERT_BASE,6
1995-1826-0017_1580-141083-0034__T1__SCV3FIX__VOICE-1995_CONTENT-1580-1580-141083-0034,1995,1580,,11.6,11,0.0,0.0,0.0,0.06681086076172625,0.0226024980792916,46.01574598228887,0,0.0,0.0,-1.0,HUBERT_BASE,6
7127-75946-0007_1580-141084-0034__T2__SCV3FIX__VOICE-1580_CONTENT-7127-7127-75946-0007,1580,7127,,-23.33,7,1.0,1.0,1.0,-0.10444789180361091,-0.228136889501937,-36.64527833326097,1,3.5,3.5,0.0,HUBERT_BASE,6
61-70970-0018_2300-131720-0010__T1__SCV3FIX__VOICE-61_CONTENT-2300-2300-131720-0010,61,2300,,0.42,8,0.125,0.0,0.0,0.05022381018878917,-0.07313025287340957,10.765414354006653,0,0.0,0.0,-1.0,HUBERT_BASE,6
5639-40744-0039_6930-81414-0009__T1__SCV3FIX__VOICE-5639_CONTENT-6930-6930-81414-0009,5639,6930,,10.63,22,0.0,0.0,0.0,0.12355395713101708,0.05906151419799732,37.19731684345489,0,0.0,0.0,-1.0,HUBERT_BASE,6
2830-3979-0000_1188-133604-0015__T2__SCV3FIX__VOICE-1188_CONTENT-2830-2830-3979-0000,1188,2830,,-0.62,11,0.36363636363636365,0.45454545454545453,0.09090909090909091,0.002329343851061094,-0.13807218990747094,4.7514493662098545,1,1.0,1.0,2.0,HUBERT_BASE,6
2830-3980-0076_8463-287645-0002__T2__SCV3FIX__VOICE-8463_CONTENT-2830-2830-3980-0076,8463,2830,,-25.43,8,0.75,1.0,0.75,-0.05317350063114232,-0.13775665230830958,-28.472440754179818,2,1.5,1.25,1.0,HUBERT_BASE,6
8555-284449-0007_5683-32866-0005__T2__SCV3FIX__VOICE-5683_CONTENT-8555-8555-284449-0007,5683,8555,,2.58,8,0.0,0.0,0.0,0.07642303029117153,0.009686708256583132,31.310137883626098,0,0.0,0.0,-1.0,HUBERT_BASE,6
6930-81414-0023_5142-33396-0012__T1__SCV3FIX__VOICE-6930_CONTENT-5142-5142-33396-0012,6930,5142,,10.78,8,0.0,0.0,0.0,0.13042047009854688,0.09560477542402512,36.72102915595188,0,0.0,0.0,-1.0,HUBERT_BASE,6
5105-28233-0006_7021-85628-0012__T2__SCV3FIX__VOICE-7021_CONTENT-5105-5105-28233-0006,7021,5105,,14.38,9,0.1111111111111111,0.0,0.0,0.05910823393144063,-0.021949998140197935,27.70796961950028,0,0.0,0.0,-1.0,HUBERT_BASE,6
1580-141084-0016_8455-210777-0037__T1__SCV3FIX__VOICE-1580_CONTENT-8455-8455-210777-0037,1580,8455,,-25.78,8,1.0,1.0,1.0,-0.09109677012522858,-0.18008572026994085,-38.02057180062627,1,4.0,4.0,0.0,HUBERT_BASE,6
2300-131720-0037_7021-79740-0013__T1__SCV3FIX__VOICE-2300_CONTENT-7021-7021-79740-0013,2300,7021,,10.44,13,0.3076923076923077,0.15384615384615385,0.15384615384615385,0.026909302654031422,-0.10242670569606427,17.096329265751198,1,1.5,1.5,2.5,HUBERT_BASE,6
6829-68771-0025_4970-29095-0022__T1__SCV3FIX__VOICE-6829_CONTENT-4970-4970-29095-0022,6829,4970,,-13.83,8,0.625,0.75,0.625,-0.04907676309475306,-0.2507230137343759,-21.66436742285931,1,2.5,2.5,0.5,HUBERT_BASE,6
6930-75918-0008_672-122797-0056__T1__SCV3FIX__VOICE-6930_CONTENT-672-672-122797-0056,6930,672,,2.3,8,0.375,0.5,0.375,0.05130759169048307,-0.05713104553777448,1.5913199044098159,1,1.5,1.5,2.0,HUBERT_BASE,6
61-70970-0035_5142-33396-0012__T2__SCV3FIX__VOICE-5142_CONTENT-61-61-70970-0035,5142,61,,-23.13,8,1.0,1.0,1.0,-0.1394844073677758,-0.21124651143613138,-39.19617335995292,1,4.0,4.0,0.0,HUBERT_BASE,6
1995-1837-0004_3575-170457-0034__T1__SCV3FIX__VOICE-1995_CONTENT-3575-3575-170457-0034,1995,3575,,5.0,5,0.4,0.0,0.0,0.020834124230225792,-0.0312970293042355,21.961116865692787,0,0.0,0.0,-1.0,HUBERT_BASE,6
121-127105-0026_4446-2273-0033__T2__SCV3FIX__VOICE-4446_CONTENT-121-121-127105-0026,4446,121,,3.07,5,0.6,0.0,0.0,-0.0003391490088357818,-0.04049491801334382,17.35591070285841,1,1.0,1.0,0.0,HUBERT_BASE,6
4446-2273-0025_4992-41797-0002__T2__SCV3FIX__VOICE-4992_CONTENT-4446-4446-2273-0025,4992,4446,,7.54,8,0.0,0.0,0.0,0.054947846313412735,0.016335069806507785,20.436372901247623,0,0.0,0.0,-1.0,HUBERT_BASE,6
5142-33396-0036_4446-2273-0032__T2__SCV3FIX__VOICE-4446_CONTENT-5142-5142-33396-0036,4446,5142,,12.34,7,0.0,0.0,0.0,0.06604218531222983,0.029806553721343332,26.518380425832714,0,0.0,0.0,-1.0,HUBERT_BASE,6
908-157963-0014_4507-16021-0056__T2__SCV3FIX__VOICE-4507_CONTENT-908-908-157963-0014,4507,908,,-19.9,8,1.0,1.0,1.0,-0.10809484642678824,-0.18512898313290016,-28.810157936860485,1,4.0,4.0,0.0,HUBERT_BASE,6
5105-28240-0022_2830-3980-0065__T2__SCV3FIX__VOICE-2830_CONTENT-5105-5105-28240-0022,2830,5105,,4.66,8,0.25,0.0,0.0,0.022230350286054676,-0.0637335688559666,22.332256215099147,1,1.0,1.0,2.5,HUBERT_BASE,6
1284-1181-0020_2830-3980-0010__T1__SCV3FIX__VOICE-1284_CONTENT-2830-2830-3980-0010,1284,2830,,-16.07,12,1.0,0.8333333333333334,0.8333333333333334,-0.09293517455858569,-0.19161618514778989,-19.93286671779991,1,6.0,6.0,0.0,HUBERT_BASE,6
4970-29093-0012_1188-133604-0027__T2__SCV3FIX__VOICE-1188_CONTENT-4970-4970-29093-0012,1188,4970,,17.05,16,0.0,0.0,0.0,0.09821971488093109,0.03829771431965434,46.10520566440004,0,0.0,0.0,-1.0,HUBERT_BASE,6
8230-279154-0035_1188-133604-0036__T2__SCV3FIX__VOICE-1188_CONTENT-8230-8230-279154-0035,1188,8230,,2.45,14,0.14285714285714285,0.14285714285714285,0.07142857142857142,0.03127655371558271,-0.021634935900003982,14.894184595896954,0,0.0,0.0,-1.0,HUBERT_BASE,6
672-122797-0036_7176-92135-0020__T1__SCV3FIX__VOICE-672_CONTENT-7176-7176-92135-0020,672,7176,,-13.22,9,0.8888888888888888,1.0,0.8888888888888888,-0.07155111190154753,-0.21932269011319927,-31.676140448466484,2,2.5,2.0,0.0,HUBERT_BASE,6
7127-75947-0038_8463-294828-0016__T2__SCV3FIX__VOICE-8463_CONTENT-7127-7127-75947-0038,8463,7127,,-2.97,5,0.6,1.0,0.6,-0.06950947045071143,-0.15291869334512953,-13.490657450459825,1,1.5,1.5,0.5,HUBERT_BASE,6
7021-85628-0022_2300-131720-0009__T2__SCV3FIX__VOICE-2300_CONTENT-7021-7021-85628-0022,2300,7021,,3.4,9,0.1111111111111111,0.2222222222222222,0.1111111111111111,0.032702327267285294,-0.003581941269638511,6.666150322039584,0,0.0,0.0,-1.0,HUBERT_BASE,6
2961-961-0013_8455-210777-0018__T1__SCV3FIX__VOICE-2961_CONTENT-8455-8455-210777-0018,2961,8455,,-24.77,8,1.0,1.0,1.0,-0.10815464107257856,-0.2168522433779515,-35.031469942958125,1,4.0,4.0,0.0,HUBERT_BASE,6
2830-3980-0050_672-122797-0025__T2__SCV3FIX__VOICE-672_CONTENT-2830-2830-3980-0050,672,2830,,6.52,13,0.15384615384615385,0.0,0.0,0.05517925951688219,-0.09600746272308569,15.251572970137845,0,0.0,0.0,-1.0,HUBERT_BASE,6
2961-960-0018_6930-76324-0020__T1__SCV3FIX__VOICE-2961_CONTENT-6930-6930-76324-0020,2961,6930,,11.09,11,0.09090909090909091,0.0,0.0,0.05967331863173091,-0.0012318492423599725,28.118207940535708,0,0.0,0.0,-1.0,HUBERT_BASE,6
121-121726-0007_1995-1826-0023__T2__SCV3FIX__VOICE-1995_CONTENT-121-121-121726-0007,1995,121,,10.07,11,0.0,0.0,0.0,0.13964747846375863,0.022325212502007252,42.690738682530885,0,0.0,0.0,-1.0,HUBERT_BASE,6
5639-40744-0029_5683-32865-0008__T1__SCV3FIX__VOICE-5639_CONTENT-5683-5683-32865-0008,5639,5683,,11.58,11,0.0,0.0,0.0,0.10011374322246348,0.03993368068936343,33.44599134047823,0,0.0,0.0,-1.0,HUBERT_BASE,6
1089-134691-0020_7021-85628-0000__T2__SCV3FIX__VOICE-7021_CONTENT-1089-1089-134691-0020,7021,1089,,14.31,5,0.0,0.0,0.0,0.11036283758083917,0.059287186002700776,42.64690946972404,0,0.0,0.0,-1.0,HUBERT_BASE,6
121-121726-0006_4507-16021-0056__T2__SCV3FIX__VOICE-4507_CONTENT-121-121-121726-0006,4507,121,,10.38,6,0.0,0.0,0.0,0.07102327667740971,0.03894495886160365,38.06006577266357,0,0.0,0.0,-1.0,HUBERT_BASE,6
5105-28240-0007_61-70970-0035__T2__SCV3FIX__VOICE-61_CONTENT-5105-5105-28240-0007,61,5105,,10.05,8,0.0,0.0,0.0,0.1126612924114634,0.037462648054567005,33.18480411999461,0,0.0,0.0,-1.0,HUBERT_BASE,6
7127-75947-0040_237-126133-0002__T1__SCV3FIX__VOICE-7127_CONTENT-237-237-126133-0002,7127,237,,9.59,16,0.0,0.0,0.0,0.1298107277989864,0.0586031577044237,39.66215469817609,0,0.0,0.0,-1.0,HUBERT_BASE,6
8463-294828-0009_2830-3980-0049__T2__SCV3FIX__VOICE-2830_CONTENT-8463-8463-294828-0009,2830,8463,,11.92,5,0.0,0.0,0.0,0.07400441171810597,0.006344616286224181,36.13650673596169,0,0.0,0.0,-1.0,HUBERT_BASE,6
6829-68769-0053_1221-135766-0002__T1__SCV3FIX__VOICE-6829_CONTENT-1221-1221-135766-0002,6829,1221,,6.57,8,0.125,0.0,0.0,0.06663582541688597,-0.013504204481516568,26.704759581682072,0,0.0,0.0,-1.0,HUBERT_BASE,6
7176-92135-0013_672-122797-0059__T2__SCV3FIX__VOICE-672_CONTENT-7176-7176-92135-0013,672,7176,,-15.73,5,1.0,1.0,1.0,-0.15955411556364357,-0.21541629506957605,-38.800115960619834,1,2.5,2.5,0.0,HUBERT_BASE,6
1221-135766-0004_5105-28240-0011__T1__SCV3FIX__VOICE-1221_CONTENT-5105-5105-28240-0011,1221,5105,,-27.86,11,1.0,1.0,1.0,-0.10531342953086784,-0.17759287002144586,-39.00168723996445,1,5.5,5.5,0.0,HUBERT_BASE,6
1580-141084-0003_3729-6852-0041__T2__SCV3FIX__VOICE-3729_CONTENT-1580-1580-141084-0003,3729,1580,,14.71,7,0.0,0.0,0.0,0.07058024907759161,0.02841019600707151,34.81436583267133,0,0.0,0.0,-1.0,HUBERT_BASE,6
5639-40744-0020_3570-5694-0009__T2__SCV3FIX__VOICE-3570_CONTENT-5639-5639-40744-0020,3570,5639,,-25.28,18,0.9444444444444444,1.0,0.9444444444444444,-0.09624666080977248,-0.31954438815422936,-34.030010225393625,2,6.0,4.25,0.0,HUBERT_BASE,6
8463-287645-0014_1320-122617-0041__T1__SCV3FIX__VOICE-8463_CONTENT-1320-1320-122617-0041,8463,1320,,-21.78,5,1.0,1.0,1.0,-0.1378660640710555,-0.2132630901599396,-36.09355058764169,1,2.5,2.5,0.0,HUBERT_BASE,6
2830-3980-0063_4446-2271-0024__T2__SCV3FIX__VOICE-4446_CONTENT-2830-2830-3980-0063,4446,2830,,5.29,5,0.0,0.0,0.0,0.11616309960757132,0.0037481277626575382,19.68780376311729,0,0.0,0.0,-1.0,HUBERT_BASE,6
3575-170457-0023_4507-16021-0002__T2__SCV3FIX__VOICE-4507_CONTENT-3575-3575-170457-0023,4507,3575,,-18.55,5,1.0,1.0,1.0,-0.080544377885132,-0.2045953828900564,-25.24221536642136,1,2.5,2.5,0.0,HUBERT_BASE,6
672-122797-0064_8455-210777-0057__T1__SCV3FIX__VOICE-672_CONTENT-8455-8455-210777-0057,672,8455,,-17.38,17,1.0,1.0,1.0,-0.16004191064054432,-0.27356180356816706,-31.97378368737684,1,8.5,8.5,0.0,HUBERT_BASE,6
1320-122612-0014_908-31957-0016__T1__SCV3FIX__VOICE-1320_CONTENT-908-908-31957-0016,1320,908,,-16.93,6,1.0,1.0,1.0,-0.17973063966777394,-0.32948745388024225,-34.97103982959484,1,3.0,3.0,0.0,HUBERT_BASE,6
4507-16021-0042_1995-1837-0000__T1__SCV3FIX__VOICE-4507_CONTENT-1995-1995-1837-0000,4507,1995,,-22.3,6,1.0,1.0,1.0,-0.125212083500929,-0.21532339710431436,-48.46492670951067,1,3.0,3.0,0.0,HUBERT_BASE,6
6829-68771-0015_8230-279154-0012__T2__SCV3FIX__VOICE-8230_CONTENT-6829-6829-68771-0015,8230,6829,,13.06,6,0.0,0.0,0.0,0.04651607331355314,0.010570526541688885,39.630745617151426,0,0.0,0.0,-1.0,HUBERT_BASE,6
8224-274381-0013_1284-1180-0026__T1__SCV3FIX__VOICE-8224_CONTENT-1284-1284-1180-0026,8224,1284,,9.32,15,0.0,0.0,0.0,0.10929090784214,0.06538838293903271,47.05396816592039,0,0.0,0.0,-1.0,HUBERT_BASE,6
5142-33396-0065_121-127105-0032__T2__SCV3FIX__VOICE-121_CONTENT-5142-5142-33396-0065,121,5142,,-12.8,5,0.8,0.8,0.8,-0.021828783917135608,-0.07843536449175026,-12.761950180614395,1,2.0,2.0,0.0,HUBERT_BASE,6
7021-85628-0015_1284-134647-0006__T1__SCV3FIX__VOICE-7021_CONTENT-1284-1284-134647-0006,7021,1284,,10.97,19,0.0,0.0,0.0,0.09380149562747435,0.04769074821458097,42.33800263606257,0,0.0,0.0,-1.0,HUBERT_BASE,6
7176-92135-0023_1188-133604-0032__T2__SCV3FIX__VOICE-1188_CONTENT-7176-7176-92135-0023,1188,7176,,8.71,11,0.09090909090909091,0.0,0.0,0.09856166011880822,-0.07028174259766107,30.016275510187096,0,0.0,0.0,-1.0,HUBERT_BASE,6
6829-68769-0053_1580-141084-0002__T1__SCV3FIX__VOICE-6829_CONTENT-1580-1580-141084-0002,6829,1580,,7.58,10,0.0,0.0,0.0,0.07161703151677505,0.003334999216554113,41.325136155108574,0,0.0,0.0,-1.0,HUBERT_BASE,6
7127-75947-0024_1089-134686-0026__T1__SCV3FIX__VOICE-7127_CONTENT-1089-1089-134686-0026,7127,1089,,12.02,7,0.0,0.0,0.0,0.09720268134675007,0.04062694229888075,30.6787577551095,0,0.0,0.0,-1.0,HUBERT_BASE,6
4970-29095-0026_6829-68769-0044__T1__SCV3FIX__VOICE-4970_CONTENT-6829-6829-68769-0044,4970,6829,,-19.21,5,0.6,1.0,0.6,-0.050379542714852635,-0.20172740847558712,-20.945594851641022,1,1.0,1.0,1.5,HUBERT_BASE,6
4446-2273-0009_8463-287645-0001__T2__SCV3FIX__VOICE-8463_CONTENT-4446-4446-2273-0009,8463,4446,,13.88,6,0.0,0.0,0.0,0.09599710653217097,0.07620692475051183,34.42022912817518,0,0.0,0.0,-1.0,HUBERT_BASE,6
908-31957-0005_3575-170457-0027__T2__SCV3FIX__VOICE-3575_CONTENT-908-908-31957-0005,3575,908,,-23.0,7,1.0,1.0,1.0,-0.10042406307940868,-0.23020806598549615,-37.04610142429379,1,3.5,3.5,0.0,HUBERT_BASE,6
61-70968-0014_8224-274384-0003__T1__SCV3FIX__VOICE-61_CONTENT-8224-8224-274384-0003,61,8224,,6.39,6,0.16666666666666666,0.0,0.0,0.06839074418004759,-0.008792585513669349,15.8451148679342,0,0.0,0.0,-1.0,HUBERT_BASE,6
121-127105-0012_6829-68771-0035__T2__SCV3FIX__VOICE-6829_CONTENT-121-121-127105-0012,6829,121,,-2.14,7,0.14285714285714285,0.2857142857142857,0.14285714285714285,0.04821847171082034,-0.042050607922659355,5.189498207542571,0,0.0,0.0,-1.0,HUBERT_BASE,6
1580-141084-0003_61-70968-0055__T2__SCV3FIX__VOICE-61_CONTENT-1580-1580-141084-0003,61,1580,,12.67,6,0.0,0.0,0.0,0.0901991165412046,0.031067435918520014,41.65966551009958,0,0.0,0.0,-1.0,HUBERT_BASE,6
1995-1826-0017_5639-40744-0001__T2__SCV3FIX__VOICE-5639_CONTENT-1995-1995-1826-0017,5639,1995,,13.32,11,0.0,0.0,0.0,0.11630107641978236,0.03981929937832718,41.117644786093585,0,0.0,0.0,-1.0,HUBERT_BASE,6
7176-88083-0005_672-122797-0022__T2__SCV3FIX__VOICE-672_CONTENT-7176-7176-88083-0005,672,7176,,-3.21,8,0.875,1.0,0.875,-0.11952062460156053,-0.2659329281270889,-9.835466248128549,2,2.5,1.75,0.0,HUBERT_BASE,6
4992-23283-0018_1188-133604-0013__T2__SCV3FIX__VOICE-1188_CONTENT-4992-4992-23283-0018,1188,4992,,10.86,5,0.0,0.0,0.0,0.11156402092670795,0.0401641788764312,32.5989833015148,0,0.0,0.0,-1.0,HUBERT_BASE,6
1284-134647-0001_2961-960-0015__T1__SCV3FIX__VOICE-1284_CONTENT-2961-2961-960-0015,1284,2961,,11.41,14,0.07142857142857142,0.0,0.0,0.09243690050586198,-0.004999637801768708,43.00447979922734,0,0.0,0.0,-1.0,HUBERT_BASE,6
1320-122617-0017_4992-41797-0005__T1__SCV3FIX__VOICE-1320_CONTENT-4992-4992-41797-0005,1320,4992,,13.17,6,0.0,0.0,0.0,0.1088964257386164,0.08777982193666878,43.97901352258989,0,0.0,0.0,-1.0,HUBERT_BASE,6
1089-134686-0024_5683-32865-0016__T2__SCV3FIX__VOICE-5683_CONTENT-1089-1089-134686-0024,5683,1089,,-21.43,5,1.0,1.0,1.0,-0.10703218502115941,-0.1520447679180662,-39.58264504953414,1,2.5,2.5,0.0,HUBERT_BASE,6
3575-170457-0031_7729-102255-0045__T1__SCV3FIX__VOICE-3575_CONTENT-7729-7729-102255-0045,3575,7729,,-25.15,7,1.0,1.0,1.0,-0.07664148318971378,-0.21895421247736835,-29.33835820887282,1,3.5,3.5,0.0,HUBERT_BASE,6
4507-16021-0003_672-122797-0003__T2__SCV3FIX__VOICE-672_CONTENT-4507-4507-16021-0003,672,4507,,11.87,8,0.0,0.0,0.0,0.1365608075425068,0.054668668224824524,46.46807845601025,0,0.0,0.0,-1.0,HUBERT_BASE,6
2300-131720-0024_7021-85628-0008__T1__SCV3FIX__VOICE-2300_CONTENT-7021-7021-85628-0008,2300,7021,,0.79,8,0.125,0.125,0.0,0.08665554258231264,-0.042885344052128516,12.27342170379401,0,0.0,0.0,-1.0,HUBERT_BASE,6
2830-3980-0052_1089-134691-0020__T2__SCV3FIX__VOICE-1089_CONTENT-2830-2830-3980-0052,1089,2830,,11.46,6,0.3333333333333333,0.0,0.0,0.06795993981758254,-0.04734987490247311,25.049849794281116,1,1.0,1.0,2.0,HUBERT_BASE,6
260-123440-0010_908-31957-0023__T2__SCV3FIX__VOICE-908_CONTENT-260-260-123440-0010,908,260,,10.96,15,0.4,0.0,0.0,0.007420991056840997,-0.1049045093817298,18.42045068484972,1,2.5,2.5,1.5,HUBERT_BASE,6
1995-1837-0022_4992-41797-0008__T2__SCV3FIX__VOICE-4992_CONTENT-1995-1995-1837-0022,4992,1995,,13.82,5,0.0,0.0,0.0,0.06553572499231675,0.035395567438161524,33.38430812756157,0,0.0,0.0,-1.0,HUBERT_BASE,6
1995-1837-0029_5683-32865-0013__T1__SCV3FIX__VOICE-1995_CONTENT-5683-5683-32865-0013,1995,5683,,-6.65,9,0.6666666666666666,0.6666666666666666,0.5555555555555556,-0.00727812252917902,-0.14309882831478127,-12.272768041442355,1,2.5,2.5,1.0,HUBERT_BASE,6
2300-131720-0030_1089-134686-0025__T2__SCV3FIX__VOICE-1089_CONTENT-2300-2300-131720-0030,1089,2300,,0.74,12,0.75,0.6666666666666666,0.5833333333333334,-0.026831457458555575,-0.13269406291695007,-6.399895638533606,2,3.0,2.0,0.0,HUBERT_BASE,6
908-157963-0012_4446-2271-0011__T2__SCV3FIX__VOICE-4446_CONTENT-908-908-157963-0012,4446,908,,11.19,6,0.0,0.0,0.0,0.09199011801512567,0.018280137860088086,29.44790380173734,0,0.0,0.0,-1.0,HUBERT_BASE,6
1320-122617-0005_3729-6852-0014__T2__SCV3FIX__VOICE-3729_CONTENT-1320-1320-122617-0005,3729,1320,,-24.29,7,1.0,1.0,1.0,-0.16909882961359093,-0.32485591715553064,-39.350963005904816,1,3.5,3.5,0.0,HUBERT_BASE,6
8463-287645-0002_260-123440-0015__T1__SCV3FIX__VOICE-8463_CONTENT-260-260-123440-0015,8463,260,,-20.37,11,1.0,1.0,1.0,-0.08279747783027068,-0.16856920382008322,-34.726446410856084,1,5.5,5.5,0.0,HUBERT_BASE,6
2830-3979-0011_1580-141084-0010__T2__SCV3FIX__VOICE-1580_CONTENT-2830-2830-3979-0011,1580,2830,,-35.62,7,1.0,1.0,1.0,-0.08385198690663771,-0.11828768721800609,-47.19589261561932,1,3.5,3.5,0.0,HUBERT_BASE,6
5142-36377-0024_2961-961-0015__T1__SCV3FIX__VOICE-5142_CONTENT-2961-2961-961-0015,5142,2961,,-6.55,10,0.8,1.0,0.8,-0.041428260325420005,-0.10614233746153978,-24.658300907121962,2,3.0,2.0,0.5,HUBERT_BASE,6
1221-135766-0008_7127-75946-0003__T1__SCV3FIX__VOICE-1221_CONTENT-7127-7127-75946-0003,1221,7127,,-21.79,7,1.0,1.0,1.0,-0.11437594531486284,-0.1850828491387666,-39.5111144923515,1,3.5,3.5,0.0,HUBERT_BASE,6
4970-29095-0033_2094-142345-0058__T1__SCV3FIX__VOICE-4970_CONTENT-2094-2094-142345-0058,4970,2094,,2.38,8,0.625,0.25,0.125,-0.007745800573359121,-0.04440689933958741,14.803820389728731,1,1.5,1.5,1.0,HUBERT_BASE,6
5142-36377-0004_1580-141083-0004__T1__SCV3FIX__VOICE-5142_CONTENT-1580-1580-141083-0004,5142,1580,,6.89,8,0.0,0.0,0.0,0.05137068103532587,0.02273565620820739,27.137743310954296,0,0.0,0.0,-1.0,HUBERT_BASE,6
5683-32879-0004_3575-170457-0010__T2__SCV3FIX__VOICE-3575_CONTENT-5683-5683-32879-0004,3575,5683,,-3.04,8,0.25,0.875,0.25,0.025622646728339055,-0.051658098325607305,-7.948984963605667,0,0.0,0.0,-1.0,HUBERT_BASE,6
6930-76324-0015_6829-68769-0052__T2__SCV3FIX__VOICE-6829_CONTENT-6930-6930-76324-0015,6829,6930,,-1.98,8,0.75,0.25,0.25,-0.028536873298141974,-0.08907216609193935,2.958318504084695,1,3.0,3.0,0.5,HUBERT_BASE,6
260-123286-0030_6829-68769-0020__T1__SCV3FIX__VOICE-260_CONTENT-6829-6829-68769-0020,260,6829,,10.16,9,0.1111111111111111,0.0,0.0,0.06608944725875794,-0.012354731312658851,36.36623742445823,0,0.0,0.0,-1.0,HUBERT_BASE,6
61-70970-0028_908-31957-0009__T1__SCV3FIX__VOICE-61_CONTENT-908-908-31957-0009,61,908,,-14.08,11,0.9090909090909091,1.0,0.9090909090909091,-0.06783909145975718,-0.17161267652609002,-19.086458723347224,1,5.0,5.0,0.0,HUBERT_BASE,6
2300-131720-0024_7021-85628-0008__T2__SCV3FIX__VOICE-7021_CONTENT-2300-2300-131720-0024,7021,2300,,-12.22,8,0.875,1.0,0.875,-0.11776053084108842,-0.2475213955012323,-25.623341995326836,2,2.5,1.75,0.0,HUBERT_BASE,6
4507-16021-0009_2300-131720-0029__T1__SCV3FIX__VOICE-4507_CONTENT-2300-2300-131720-0029,4507,2300,,-26.94,11,1.0,1.0,1.0,-0.10931943946566193,-0.27297153867707913,-41.3512770619142,1,5.5,5.5,0.0,HUBERT_BASE,6
7176-88083-0016_121-127105-0013__T1__SCV3FIX__VOICE-7176_CONTENT-121-121-127105-0013,7176,121,,13.48,6,0.0,0.0,0.0,0.04871613014180959,0.0196141012330473,31.411030186246617,0,0.0,0.0,-1.0,HUBERT_BASE,6
1320-122617-0020_6930-76324-0028__T1__SCV3FIX__VOICE-1320_CONTENT-6930-6930-76324-0028,1320,6930,,9.87,16,0.0,0.0,0.0,0.10058146293885396,0.03929829405271701,34.142508954776105,0,0.0,0.0,-1.0,HUBERT_BASE,6
2830-3979-0009_1580-141083-0026__T2__SCV3FIX__VOICE-1580_CONTENT-2830-2830-3979-0009,1580,2830,,-23.91,8,1.0,1.0,1.0,-0.09344112395364516,-0.12026631352454797,-43.60186707525543,1,4.0,4.0,0.0,HUBERT_BASE,6
2300-131720-0021_7176-88083-0009__T2__SCV3FIX__VOICE-7176_CONTENT-2300-2300-131720-0021,7176,2300,,9.6,7,0.0,0.0,0.0,0.10186109492339732,0.03624874496970687,31.089035354504315,0,0.0,0.0,-1.0,HUBERT_BASE,6
61-70968-0040_3570-5694-0012__T2__SCV3FIX__VOICE-3570_CONTENT-61-61-70968-0040,3570,61,,-17.72,5,1.0,1.0,1.0,-0.07883335000250209,-0.11754631761062151,-29.842750766492202,1,2.5,2.5,0.0,HUBERT_BASE,6
3729-6852-0038_8455-210777-0033__T2__SCV3FIX__VOICE-8455_CONTENT-3729-3729-6852-0038,8455,3729,,13.82,10,0.0,0.0,0.0,0.09472906173130693,0.037244256590889036,36.12789151827077,0,0.0,0.0,-1.0,HUBERT_BASE,6
1580-141084-0015_4992-41806-0008__T2__SCV3FIX__VOICE-4992_CONTENT-1580-1580-141084-0015,4992,1580,,11.62,5,0.0,0.0,0.0,0.046863188763279925,0.030501481479464077,37.74606144931549,0,0.0,0.0,-1.0,HUBERT_BASE,6
6930-81414-0000_5683-32866-0007__T2__SCV3FIX__VOICE-5683_CONTENT-6930-6930-81414-0000,5683,6930,,8.72,7,0.0,0.0,0.0,0.09175922764231734,0.03803527279123542,36.610567166728586,0,0.0,0.0,-1.0,HUBERT_BASE,6
908-157963-0026_61-70970-0012__T1__SCV3FIX__VOICE-908_CONTENT-61-61-70970-0012,908,61,,-0.73,5,0.6,0.4,0.4,-0.12000629541077652,-0.30820637181014066,0.7299811543580222,1,1.5,1.5,0.0,HUBERT_BASE,6
2830-3980-0061_908-31957-0018__T1__SCV3FIX__VOICE-2830_CONTENT-908-908-31957-0018,2830,908,,1.76,6,0.6666666666666666,0.0,0.0,-0.024000376260180274,-0.11414123682981403,9.034418033666343,2,1.0,1.0,0.0,HUBERT_BASE,6
5142-33396-0033_1320-122612-0016__T1__SCV3FIX__VOICE-5142_CONTENT-1320-1320-122612-0016,5142,1320,,-25.36,5,1.0,1.0,1.0,-0.11061899697441065,-0.1565322329675346,-38.70894067286671,1,2.5,2.5,0.0,HUBERT_BASE,6
2830-3980-0072_6930-81414-0008__T2__SCV3FIX__VOICE-6930_CONTENT-2830-2830-3980-0072,6930,2830,,12.04,8,0.0,0.0,0.0,0.12542323098658503,0.027320444037483904,22.755979501092543,0,0.0,0.0,-1.0,HUBERT_BASE,6
8224-274384-0003_3570-5694-0016__T2__SCV3FIX__VOICE-3570_CONTENT-8224-8224-274384-0003,3570,8224,,-25.25,6,1.0,1.0,1.0,-0.06948860488301438,-0.10072999991182219,-34.4058574348306,1,3.0,3.0,0.0,HUBERT_BASE,6
1580-141083-0010_260-123440-0007__T1__SCV3FIX__VOICE-1580_CONTENT-260-260-123440-0007,1580,260,,-24.56,5,1.0,1.0,1.0,-0.05947854403563577,-0.11184513345187908,-44.18937486197701,1,2.5,2.5,0.0,HUBERT_BASE,6
8455-210777-0035_7176-92135-0008__T2__SCV3FIX__VOICE-7176_CONTENT-8455-8455-210777-0035,7176,8455,,-8.08,7,0.42857142857142855,0.8571428571428571,0.42857142857142855,0.026838755412924655,-0.045404381636176216,-7.8956868129623246,1,1.0,1.0,1.0,HUBERT_BASE,6
2961-961-0013_8455-210777-0018__T2__SCV3FIX__VOICE-8455_CONTENT-2961-2961-961-0013,8455,2961,,13.75,8,0.125,0.0,0.0,0.09663283035497505,-0.007438555041295869,33.495727178216946,0,0.0,0.0,-1.0,HUBERT_BASE,6
61-70968-0016_4992-41797-0022__T1__SCV3FIX__VOICE-61_CONTENT-4992-4992-41797-0022,61,4992,,9.32,6,0.0,0.0,0.0,0.08742875205550098,0.047357325554217344,27.12492462113312,0,0.0,0.0,-1.0,HUBERT_BASE,6
4077-13751-0009_5142-36377-0009__T1__SCV3FIX__VOICE-4077_CONTENT-5142-5142-36377-0009,4077,5142,,5.91,9,0.2222222222222222,0.0,0.0,0.036946085191116515,-0.04663389418373931,32.25308077908963,0,0.0,0.0,-1.0,HUBERT_BASE,6
7127-75946-0004_2961-960-0013__T1__SCV3FIX__VOICE-7127_CONTENT-2961-2961-960-0013,7127,2961,,13.81,7,0.14285714285714285,0.0,0.0,0.02331751589046476,-0.01608490911738869,15.548716375678126,0,0.0,0.0,-1.0,HUBERT_BASE,6
3575-170457-0004_8463-294825-0008__T1__SCV3FIX__VOICE-3575_CONTENT-8463-8463-294825-0008,3575,8463,,-12.9,5,1.0,1.0,1.0,-0.10303760381291686,-0.20100657408695677,-35.31301952486459,1,2.5,2.5,0.0,HUBERT_BASE,6
4992-23283-0018_1188-133604-0013__T1__SCV3FIX__VOICE-4992_CONTENT-1188-1188-133604-0013,4992,1188,,-24.1,5,0.8,1.0,0.8,-0.09407085108200644,-0.18518328296320452,-32.596204303442825,1,2.0,2.0,0.0,HUBERT_BASE,6
4446-2273-0005_1284-1181-0003__T1__SCV3FIX__VOICE-4446_CONTENT-1284-1284-1181-0003,4446,1284,,-11.84,7,1.0,1.0,1.0,-0.09171120708815275,-0.12729812172555688,-34.71671485872578,1,3.5,3.5,0.0,HUBERT_BASE,6
5683-32866-0018_8463-294825-0012__T1__SCV3FIX__VOICE-5683_CONTENT-8463-8463-294825-0012,5683,8463,,11.96,9,0.0,0.0,0.0,0.08708752969017569,0.02037965971425293,43.482965458675444,0,0.0,0.0,-1.0,HUBERT_BASE,6
260-123286-0006_4992-41797-0000__T2__SCV3FIX__VOICE-4992_CONTENT-260-260-123286-0006,4992,260,,-10.97,9,0.8888888888888888,1.0,0.8888888888888888,-0.08301829470513204,-0.19688327158665375,-24.449537781062727,2,2.0,2.0,0.0,HUBERT_BASE,6
6930-75918-0017_4507-16021-0054__T1__SCV3FIX__VOICE-6930_CONTENT-4507-4507-16021-0054,6930,4507,,-12.88,7,1.0,1.0,1.0,-0.07538023266746674,-0.12367123647214018,-31.392290579389105,1,3.5,3.5,0.0,HUBERT_BASE,6
5142-33396-0044_8455-210777-0070__T2__SCV3FIX__VOICE-8455_CONTENT-5142-5142-33396-0044,8455,5142,,14.94,8,0.0,0.0,0.0,0.10406785943070715,0.042657913466947806,41.49898326512283,0,0.0,0.0,-1.0,HUBERT_BASE,6
8463-287645-0010_8555-284447-0009__T2__SCV3FIX__VOICE-8555_CONTENT-8463-8463-287645-0010,8555,8463,,-14.3,5,0.2,0.8,0.2,0.038805748231071614,-0.017426077546492946,-8.134915000000992,0,0.0,0.0,-1.0,HUBERT_BASE,6
6930-76324-0017_4077-13751-0004__T2__SCV3FIX__VOICE-4077_CONTENT-6930-6930-76324-0017,4077,6930,,7.99,9,0.0,0.0,0.0,0.07606249339114422,0.0350658311426455,28.22574504079806,0,0.0,0.0,-1.0,HUBERT_BASE,6
4970-29093-0008_1995-1837-0003__T2__SCV3FIX__VOICE-1995_CONTENT-4970-4970-29093-0008,1995,4970,,14.14,6,0.0,0.0,0.0,0.13469474670798712,0.06908894064040594,47.78542364945073,0,0.0,0.0,-1.0,HUBERT_BASE,6
8463-294825-0003_6930-81414-0013__T1__SCV3FIX__VOICE-8463_CONTENT-6930-6930-81414-0013,8463,6930,,-19.77,13,1.0,1.0,1.0,-0.07946825692091967,-0.16313290269742498,-28.72744219030619,1,6.5,6.5,0.0,HUBERT_BASE,6
1580-141083-0008_5142-33396-0056__T1__SCV3FIX__VOICE-1580_CONTENT-5142-5142-33396-0056,1580,5142,,-0.77,5,0.4,0.6,0.2,0.013976656956342782,-0.04041475217663126,2.825284829477013,0,0.0,0.0,-1.0,HUBERT_BASE,6
8463-287645-0012_121-127105-0032__T2__SCV3FIX__VOICE-121_CONTENT-8463-8463-287645-0012,121,8463,,9.43,5,0.4,0.0,0.0,0.007096315246282026,-0.038595383267543415,11.910152476011016,0,0.0,0.0,-1.0,HUBERT_BASE,6
5142-36377-0005_6930-81414-0019__T2__SCV3FIX__VOICE-6930_CONTENT-5142-5142-36377-0005,6930,5142,,-10.99,5,1.0,1.0,1.0,-0.10528360347849779,-0.17869239688162697,-29.314868899172943,1,2.5,2.5,0.0,HUBERT_BASE,6
2300-131720-0021_260-123286-0003__T2__SCV3FIX__VOICE-260_CONTENT-2300-2300-131720-0021,260,2300,,-10.22,13,0.8461538461538461,1.0,0.8461538461538461,-0.10559800981501608,-0.33704691375961215,-22.456048750312082,2,3.5,2.75,0.0,HUBERT_BASE,6
7729-102255-0012_5142-36377-0022__T2__SCV3FIX__VOICE-5142_CONTENT-7729-7729-102255-0012,5142,7729,,-27.15,7,1.0,1.0,1.0,-0.07750339760352029,-0.16296851309042226,-34.16460995935099,1,3.5,3.5,0.0,HUBERT_BASE,6
237-134500-0034_4077-13751-0011__T2__SCV3FIX__VOICE-4077_CONTENT-237-237-134500-0034,4077,237,,-10.98,5,0.4,0.0,0.0,0.026798034457786123,-0.02251578155819378,17.978283013902264,0,0.0,0.0,-1.0,HUBERT_BASE,6
672-122797-0016_6930-81414-0027__T1__SCV3FIX__VOICE-672_CONTENT-6930-6930-81414-0027,672,6930,,-19.57,6,1.0,1.0,1.0,-0.11361572150116288,-0.28700001299037947,-25.247211757232538,1,3.0,3.0,0.0,HUBERT_BASE,6
1089-134686-0036_6930-75918-0008__T1__SCV3FIX__VOICE-1089_CONTENT-6930-6930-75918-0008,1089,6930,,9.25,5,0.0,0.0,0.0,0.11440111966799056,0.054710984888669656,32.639440674413045,0,0.0,0.0,-1.0,HUBERT_BASE,6
1089-134686-0022_8455-210777-0023__T1__SCV3FIX__VOICE-1089_CONTENT-8455-8455-210777-0023,1089,8455,,7.19,8,0.125,0.0,0.0,0.053743219194183206,-0.017417371962849648,20.949420544533048,0,0.0,0.0,-1.0,HUBERT_BASE,6
5683-32866-0028_1995-1837-0015__T1__SCV3FIX__VOICE-5683_CONTENT-1995-1995-1837-0015,5683,1995,,16.63,7,0.0,0.0,0.0,0.08270288448940775,0.02871035059812599,41.384651116372346,0,0.0,0.0,-1.0,HUBERT_BASE,6
121-127105-0023_5142-33396-0058__T2__SCV3FIX__VOICE-5142_CONTENT-121-121-127105-0023,5142,121,,11.03,5,0.4,0.0,0.0,0.027804565581903716,-0.10310519149952124,22.18831983758137,1,1.0,1.0,1.5,HUBERT_BASE,6
6829-68769-0014_7127-75947-0032__T1__SCV3FIX__VOICE-6829_CONTENT-7127-7127-75947-0032,6829,7127,,-26.58,5,1.0,1.0,1.0,-0.09964014819776024,-0.14570123848911132,-42.07017420241614,1,2.5,2.5,0.0,HUBERT_BASE,6
6930-81414-0023_4507-16021-0014__T2__SCV3FIX__VOICE-4507_CONTENT-6930-6930-81414-0023,4507,6930,,6.48,8,0.0,0.0,0.0,0.08195428688146782,0.01857187149497297,37.64617003971445,0,0.0,0.0,-1.0,HUBERT_BASE,6
1188-133604-0025_6829-68769-0005__T2__SCV3FIX__VOICE-6829_CONTENT-1188-1188-133604-0025,6829,1188,,-21.8,12,1.0,1.0,1.0,-0.151058215487349,-0.2912155927589096,-40.287275533797455,1,6.0,6.0,0.0,HUBERT_BASE,6
3575-170457-0054_61-70970-0035__T2__SCV3FIX__VOICE-61_CONTENT-3575-3575-170457-0054,61,3575,,13.78,13,0.0,0.0,0.0,0.13864152080182113,0.038347770135403025,36.01493749979353,0,0.0,0.0,-1.0,HUBERT_BASE,6
6829-68769-0024_672-122797-0013__T2__SCV3FIX__VOICE-672_CONTENT-6829-6829-68769-0024,672,6829,,-0.32,8,1.0,1.0,1.0,-0.13100827122492958,-0.246687956571784,-17.00904702145647,1,4.0,4.0,0.0,HUBERT_BASE,6
6829-68769-0049_4992-41806-0001__T2__SCV3FIX__VOICE-4992_CONTENT-6829-6829-68769-0049,4992,6829,,5.67,13,0.07692307692307693,0.0,0.0,0.05391255683258057,-0.003486868386543329,30.766356638977854,0,0.0,0.0,-1.0,HUBERT_BASE,6
8463-294828-0014_260-123440-0005__T1__SCV3FIX__VOICE-8463_CONTENT-260-260-123440-0005,8463,260,,9.21,5,0.6,0.4,0.4,-0.018880462235217443,-0.11454200515544899,5.204058597738092,1,1.0,1.0,1.5,HUBERT_BASE,6
1284-1180-0001_1580-141083-0003__T1__SCV3FIX__VOICE-1284_CONTENT-1580-1580-141083-0003,1284,1580,,10.17,12,0.0,0.0,0.0,0.10334727011235915,0.025391457319811406,49.949274886877504,0,0.0,0.0,-1.0,HUBERT_BASE,6
4446-2275-0031_7127-75946-0011__T2__SCV3FIX__VOICE-7127_CONTENT-4446-4446-2275-0031,7127,4446,,8.36,5,0.2,0.0,0.0,0.059895073406565566,-0.006665110454771583,26.985896439720193,0,0.0,0.0,-1.0,HUBERT_BASE,6
7176-92135-0020_2830-3980-0010__T2__SCV3FIX__VOICE-2830_CONTENT-7176-7176-92135-0020,2830,7176,,4.02,12,0.3333333333333333,0.08333333333333333,0.08333333333333333,0.05924754037532712,-0.10308623722173194,16.82746039635281,2,1.0,1.0,1.5,HUBERT_BASE,6
2830-3980-0053_7127-75946-0008__T2__SCV3FIX__VOICE-7127_CONTENT-2830-2830-3980-0053,7127,2830,,8.73,7,0.0,0.0,0.0,0.13357329193591086,0.056097930274755736,20.894142561386452,0,0.0,0.0,-1.0,HUBERT_BASE,6
3575-170457-0012_2830-3980-0031__T1__SCV3FIX__VOICE-3575_CONTENT-2830-2830-3980-0031,3575,2830,,-29.12,10,1.0,1.0,1.0,-0.11756406302681395,-0.2558676270030815,-41.87768158936474,1,5.0,5.0,0.0,HUBERT_BASE,6
1188-133604-0036_2961-960-0007__T1__SCV3FIX__VOICE-1188_CONTENT-2961-2961-960-0007,1188,2961,,11.82,14,0.0,0.0,0.0,0.10320793406098527,0.004951772452243652,38.443076256965,0,0.0,0.0,-1.0,HUBERT_BASE,6
8555-284449-0009_4992-41797-0020__T2__SCV3FIX__VOICE-4992_CONTENT-8555-8555-284449-0009,4992,8555,,-5.12,5,0.2,0.2,0.0,0.029061176668977874,-0.06531417628517011,8.420964389446125,0,0.0,0.0,-1.0,HUBERT_BASE,6
4507-16021-0009_2300-131720-0029__T2__SCV3FIX__VOICE-2300_CONTENT-4507-4507-16021-0009,2300,4507,,16.05,11,0.0,0.0,0.0,0.1380210571585436,0.05672079549362985,53.222547283507744,0,0.0,0.0,-1.0,HUBERT_BASE,6
1284-1181-0004_2830-3980-0049__T2__SCV3FIX__VOICE-2830_CONTENT-1284-1284-1181-0004,2830,1284,,9.86,5,0.0,0.0,0.0,0.14137130155083008,0.10193943552371376,29.530420340555576,0,0.0,0.0,-1.0,HUBERT_BASE,6
3575-170457-0029_8463-287645-0004__T1__SCV3FIX__VOICE-3575_CONTENT-8463-8463-287645-0004,3575,8463,,-22.57,11,1.0,1.0,1.0,-0.11121063825584444,-0.16439091830489405,-41.85168974821806,1,5.5,5.5,0.0,HUBERT_BASE,6
7021-85628-0020_5142-33396-0046__T2__SCV3FIX__VOICE-5142_CONTENT-7021-7021-85628-0020,5142,7021,,-28.48,6,1.0,1.0,1.0,-0.08942298504767339,-0.10753607534866816,-49.480973419166354,1,3.0,3.0,0.0,HUBERT_BASE,6
2961-960-0007_3729-6852-0002__T1__SCV3FIX__VOICE-2961_CONTENT-3729-3729-6852-0002,2961,3729,,9.42,14,0.07142857142857142,0.0,0.0,0.059470027682655045,-0.0003289580279361992,33.32358907424576,0,0.0,0.0,-1.0,HUBERT_BASE,6
1995-1837-0015_1580-141083-0012__T2__SCV3FIX__VOICE-1580_CONTENT-1995-1995-1837-0015,1580,1995,,-22.21,7,1.0,1.0,1.0,-0.07218619829779616,-0.1007546762342656,-46.85538701375246,1,3.5,3.5,0.0,HUBERT_BASE,6
6930-81414-0014_1580-141083-0049__T2__SCV3FIX__VOICE-1580_CONTENT-6930-6930-81414-0014,1580,6930,,-18.25,6,1.0,1.0,1.0,-0.12588646518001026,-0.2721235697680999,-30.37556750548806,1,3.0,3.0,0.0,HUBERT_BASE,6
4446-2273-0009_237-126133-0010__T1__SCV3FIX__VOICE-4446_CONTENT-237-237-126133-0010,4446,237,,-20.5,7,0.8571428571428571,0.8571428571428571,0.8571428571428571,-0.05358197985029288,-0.09981942572150149,-30.224498671410807,1,3.0,3.0,0.0,HUBERT_BASE,6
3570-5695-0010_672-122797-0058__T1__SCV3FIX__VOICE-3570_CONTENT-672-672-122797-0058,3570,672,,-22.46,7,1.0,1.0,1.0,-0.062021681729415544,-0.10434549714864905,-35.66853550905802,1,3.5,3.5,0.0,HUBERT_BASE,6
4992-41806-0008_6930-75918-0015__T1__SCV3FIX__VOICE-4992_CONTENT-6930-6930-75918-0015,4992,6930,,11.34,11,0.0,0.0,0.0,0.07475371925999384,0.019353564706036552,32.25879252565332,0,0.0,0.0,-1.0,HUBERT_BASE,6
4970-29095-0009_5639-40744-0014__T2__SCV3FIX__VOICE-5639_CONTENT-4970-4970-29095-0009,5639,4970,,12.94,10,0.1,0.0,0.0,0.05921030277351558,-0.0025472643518333893,21.857114110548583,0,0.0,0.0,-1.0,HUBERT_BASE,6
5142-33396-0018_8463-294828-0011__T2__SCV3FIX__VOICE-8463_CONTENT-5142-5142-33396-0018,8463,5142,,6.69,6,0.16666666666666666,0.0,0.0,0.06766562632842328,-0.0005462765584409723,20.077125921052247,0,0.0,0.0,-1.0,HUBERT_BASE,6
4077-13751-0010_8463-294825-0002__T2__SCV3FIX__VOICE-8463_CONTENT-4077-4077-13751-0010,8463,4077,,-22.6,12,1.0,1.0,1.0,-0.08232316051245411,-0.17204665616285975,-39.5665089850141,1,6.0,6.0,0.0,HUBERT_BASE,6
8230-279154-0014_121-123859-0003__T2__SCV3FIX__VOICE-121_CONTENT-8230-8230-279154-0014,121,8230,,-26.84,13,1.0,1.0,1.0,-0.15191448707913716,-0.3761594444478322,-41.97540749443541,1,6.5,6.5,0.0,HUBERT_BASE,6
1580-141083-0046_7021-79730-0005__T2__SCV3FIX__VOICE-7021_CONTENT-1580-1580-141083-0046,7021,1580,,13.39,5,0.0,0.0,0.0,0.08394244512004374,0.0030996743247764247,48.96557288626007,0,0.0,0.0,-1.0,HUBERT_BASE,6
5142-36377-0006_8463-294828-0010__T2__SCV3FIX__VOICE-8463_CONTENT-5142-5142-36377-0006,8463,5142,,-8.94,8,1.0,1.0,1.0,-0.07087281549889562,-0.0979281106632286,-26.68659855410901,1,4.0,4.0,0.0,HUBERT_BASE,6
7127-75946-0018_1580-141084-0041__T2__SCV3FIX__VOICE-1580_CONTENT-7127-7127-75946-0018,1580,7127,,-15.81,14,1.0,1.0,1.0,-0.1041255423123657,-0.16982665444475564,-39.21973504177674,1,7.0,7.0,0.0,HUBERT_BASE,6
1188-133604-0017_6930-81414-0007__T2__SCV3FIX__VOICE-6930_CONTENT-1188-1188-133604-0017,6930,1188,,12.56,7,0.0,0.0,0.0,0.09092022339647844,0.006759524613106582,26.756701240816078,0,0.0,0.0,-1.0,HUBERT_BASE,6
61-70968-0000_8455-210777-0012__T2__SCV3FIX__VOICE-8455_CONTENT-61-61-70968-0000,8455,61,,11.62,6,0.3333333333333333,0.0,0.0,0.0309143949427599,-0.020385748857072672,21.21561792519152,1,1.0,1.0,1.0,HUBERT_BASE,6
908-31957-0022_6930-81414-0014__T1__SCV3FIX__VOICE-908_CONTENT-6930-6930-81414-0014,908,6930,,13.24,13,0.0,0.0,0.0,0.10321050464050942,0.06350845929637772,35.44296365563594,0,0.0,0.0,-1.0,HUBERT_BASE,6
908-31957-0023_5142-33396-0065__T2__SCV3FIX__VOICE-5142_CONTENT-908-908-31957-0023,5142,908,,-26.26,9,1.0,1.0,1.0,-0.11490659961376432,-0.18383288015818133,-44.87614045078077,1,4.5,4.5,0.0,HUBERT_BASE,6
3570-5694-0015_6829-68771-0010__T2__SCV3FIX__VOICE-6829_CONTENT-3570-3570-5694-0015,6829,3570,,12.49,15,0.06666666666666667,0.0,0.0,0.07237465636262644,-0.016966282982054937,35.29412234566096,0,0.0,0.0,-1.0,HUBERT_BASE,6
1995-1826-0001_8463-287645-0012__T1__SCV3FIX__VOICE-1995_CONTENT-8463-8463-287645-0012,1995,8463,,13.53,9,0.1111111111111111,0.0,0.0,0.06492698896376457,-0.0016642260713324308,40.37354078827626,0,0.0,0.0,-1.0,HUBERT_BASE,6
8224-274384-0000_5683-32865-0004__T1__SCV3FIX__VOICE-8224_CONTENT-5683-5683-32865-0004,8224,5683,,14.24,13,0.0,0.0,0.0,0.07391482414251103,0.021664074713121373,31.861952890372155,0,0.0,0.0,-1.0,HUBERT_BASE,6
6829-68769-0049_4992-41806-0001__T1__SCV3FIX__VOICE-6829_CONTENT-4992-4992-41806-0001,6829,4992,,-5.7,13,0.7692307692307693,0.9230769230769231,0.6923076923076923,-0.04258597751867889,-0.11979252425222564,-16.17460494436765,2,3.5,2.5,1.0,HUBERT_BASE,6
4507-16021-0053_8455-210777-0009__T1__SCV3FIX__VOICE-4507_CONTENT-8455-8455-210777-0009,4507,8455,,14.67,8,0.0,0.0,0.0,0.09977719493464103,0.03842222150432606,29.423274228486537,0,0.0,0.0,-1.0,HUBERT_BASE,6
2830-3980-0038_121-127105-0007__T2__SCV3FIX__VOICE-121_CONTENT-2830-2830-3980-0038,121,2830,,-14.5,10,0.7,1.0,0.7,-0.022160952500146536,-0.1415400561122354,-22.16387676667869,1,2.5,2.5,0.0,HUBERT_BASE,6
1580-141083-0026_1188-133604-0037__T2__SCV3FIX__VOICE-1188_CONTENT-1580-1580-141083-0026,1188,1580,,13.17,8,0.0,0.0,0.0,0.10862092124495026,0.05579530933746235,55.95330467240468,0,0.0,0.0,-1.0,HUBERT_BASE,6
1320-122617-0037_3570-5695-0009__T1__SCV3FIX__VOICE-1320_CONTENT-3570-3570-5695-0009,1320,3570,,12.2,9,0.0,0.0,0.0,0.1089537528844362,0.06632501288959136,46.78186193587663,0,0.0,0.0,-1.0,HUBERT_BASE,6
4446-2275-0022_8455-210777-0014__T1__SCV3FIX__VOICE-4446_CONTENT-8455-8455-210777-0014,4446,8455,,-8.84,5,1.0,1.0,1.0,-0.03314617798862227,-0.056657016269309524,-24.70799253674565,1,2.5,2.5,0.0,HUBERT_BASE,6
5683-32866-0011_4970-29095-0002__T2__SCV3FIX__VOICE-4970_CONTENT-5683-5683-32866-0011,4970,5683,,-25.21,9,1.0,1.0,1.0,-0.09264052471005838,-0.1315446462874883,-37.53407569717,1,4.5,4.5,0.0,HUBERT_BASE,6
4446-2273-0008_61-70968-0004__T1__SCV3FIX__VOICE-4446_CONTENT-61-61-70968-0004,4446,61,,-14.95,6,1.0,1.0,1.0,-0.09475377555475455,-0.18675967067427457,-33.49757655092567,1,3.0,3.0,0.0,HUBERT_BASE,6
5683-32866-0025_1995-1837-0019__T2__SCV3FIX__VOICE-1995_CONTENT-5683-5683-32866-0025,1995,5683,,-24.32,5,1.0,1.0,1.0,-0.11634919306120992,-0.2235159696033323,-31.487799262726675,1,2.5,2.5,0.0,HUBERT_BASE,6
121-127105-0028_4507-16021-0025__T2__SCV3FIX__VOICE-4507_CONTENT-121-121-127105-0028,4507,121,,4.84,12,0.0,0.0,0.0,0.07763086534380768,0.03961843539387766,32.222103767874124,0,0.0,0.0,-1.0,HUBERT_BASE,6
1995-1836-0014_3570-5695-0002__T2__SCV3FIX__VOICE-3570_CONTENT-1995-1995-1836-0014,3570,1995,,-7.45,14,0.5714285714285714,0.7857142857142857,0.42857142857142855,-0.007454152507237434,-0.11529147872159673,-9.777403599149537,1,2.5,2.5,3.0,HUBERT_BASE,6
5105-28240-0000_2830-3979-0003__T1__SCV3FIX__VOICE-5105_CONTENT-2830-2830-3979-0003,5105,2830,,-17.08,9,1.0,1.0,1.0,-0.07039606867914493,-0.13050836971430457,-31.532811691113825,1,4.5,4.5,0.0,HUBERT_BASE,6
260-123288-0017_1580-141084-0049__T1__SCV3FIX__VOICE-260_CONTENT-1580-1580-141084-0049,260,1580,,11.04,9,0.0,0.0,0.0,0.11034473971148724,0.0457152703610334,36.54931587403297,0,0.0,0.0,-1.0,HUBERT_BASE,6
1580-141083-0030_260-123288-0018__T2__SCV3FIX__VOICE-260_CONTENT-1580-1580-141083-0030,260,1580,,12.86,5,0.0,0.0,0.0,0.058340145402452845,0.03203242953131791,34.43187484729657,0,0.0,0.0,-1.0,HUBERT_BASE,6
8555-292519-0010_1089-134686-0013__T2__SCV3FIX__VOICE-1089_CONTENT-8555-8555-292519-0010,1089,8555,,11.88,10,0.0,0.0,0.0,0.1031479533263826,0.030400402734761522,38.79244499250675,0,0.0,0.0,-1.0,HUBERT_BASE,6
1320-122617-0033_3575-170457-0045__T2__SCV3FIX__VOICE-3575_CONTENT-1320-1320-122617-0033,3575,1320,,-22.63,12,1.0,1.0,1.0,-0.09820014565317954,-0.20717918458474882,-36.77044617421556,1,6.0,6.0,0.0,HUBERT_BASE,6
3570-5694-0007_5142-36377-0003__T1__SCV3FIX__VOICE-3570_CONTENT-5142-5142-36377-0003,3570,5142,,-30.76,6,1.0,1.0,1.0,-0.05695153289113227,-0.10144215619335539,-30.318467045279533,1,3.0,3.0,0.0,HUBERT_BASE,6
2830-3980-0045_260-123288-0010__T2__SCV3FIX__VOICE-260_CONTENT-2830-2830-3980-0045,260,2830,,-20.96,6,1.0,1.0,1.0,-0.08145798805434218,-0.10719128398785838,-35.19681327845725,1,3.0,3.0,0.0,HUBERT_BASE,6
1995-1837-0016_8230-279154-0006__T1__SCV3FIX__VOICE-1995_CONTENT-8230-8230-279154-0006,1995,8230,,-22.96,13,1.0,1.0,1.0,-0.12879528372502638,-0.22692167159176535,-39.01199680296026,1,6.5,6.5,0.0,HUBERT_BASE,6
7127-75946-0015_4446-2273-0035__T1__SCV3FIX__VOICE-7127_CONTENT-4446-4446-2273-0035,7127,4446,,12.69,11,0.0,0.0,0.0,0.13372431518024508,0.04194861359292912,38.865270420044844,0,0.0,0.0,-1.0,HUBERT_BASE,6
4446-2273-0023_6930-81414-0020__T1__SCV3FIX__VOICE-4446_CONTENT-6930-6930-81414-0020,4446,6930,,-23.12,9,1.0,1.0,1.0,-0.06026597825411176,-0.1302889979591113,-28.87974760427132,1,4.5,4.5,0.0,HUBERT_BASE,6
1089-134686-0007_1995-1836-0000__T2__SCV3FIX__VOICE-1995_CONTENT-1089-1089-134686-0007,1995,1089,,-24.63,7,1.0,1.0,1.0,-0.1054177652020873,-0.1619298425713397,-37.991030117887526,1,3.5,3.5,0.0,HUBERT_BASE,6
2830-3980-0062_7021-79730-0009__T2__SCV3FIX__VOICE-7021_CONTENT-2830-2830-3980-0062,7021,2830,,-0.37,9,0.6666666666666666,0.8888888888888888,0.5555555555555556,-0.07904891910652205,-0.18690430265825952,-8.615528096923732,2,1.5,1.25,0.5,HUBERT_BASE,6
5142-33396-0025_2961-961-0019__T2__SCV3FIX__VOICE-2961_CONTENT-5142-5142-33396-0025,2961,5142,,10.87,5,0.0,0.0,0.0,0.08370948938979692,0.0462742421118737,37.97214024177766,0,0.0,0.0,-1.0,HUBERT_BASE,6
7127-75946-0025_2830-3980-0020__T2__SCV3FIX__VOICE-2830_CONTENT-7127-7127-75946-0025,2830,7127,,6.27,5,0.0,0.0,0.0,0.11461460690498826,0.04939430853283522,30.353214433663773,0,0.0,0.0,-1.0,HUBERT_BASE,6
8555-284449-0008_4077-13751-0012__T2__SCV3FIX__VOICE-4077_CONTENT-8555-8555-284449-0008,4077,8555,,14.82,11,0.0,0.0,0.0,0.08638238542658858,0.04113858855939989,39.88317326770315,0,0.0,0.0,-1.0,HUBERT_BASE,6
5683-32879-0021_1995-1837-0010__T2__SCV3FIX__VOICE-1995_CONTENT-5683-5683-32879-0021,1995,5683,,6.75,5,0.0,0.0,0.0,0.038935492776146455,0.026851349176219008,27.051277623314867,0,0.0,0.0,-1.0,HUBERT_BASE,6
5639-40744-0010_2961-961-0018__T1__SCV3FIX__VOICE-5639_CONTENT-2961-2961-961-0018,5639,2961,,9.42,7,0.42857142857142855,0.14285714285714285,0.14285714285714285,0.019497082238391337,-0.06205830868466777,13.442923111948017,1,1.0,1.0,1.0,HUBERT_BASE,6
4970-29095-0002_8463-294825-0005__T2__SCV3FIX__VOICE-8463_CONTENT-4970-4970-29095-0002,8463,4970,,14.65,9,0.0,0.0,0.0,0.07527406500125619,0.0059823438195846235,39.0211902954134,0,0.0,0.0,-1.0,HUBERT_BASE,6
5142-33396-0037_672-122797-0032__T2__SCV3FIX__VOICE-672_CONTENT-5142-5142-33396-0037,672,5142,,8.63,6,0.0,0.0,0.0,0.13157960189579285,0.08692616651042506,39.74418722072799,0,0.0,0.0,-1.0,HUBERT_BASE,6
4992-23283-0013_4507-16021-0011__T1__SCV3FIX__VOICE-4992_CONTENT-4507-4507-16021-0011,4992,4507,,5.46,10,0.2,0.0,0.0,0.060617693900957795,-0.013612863047044232,22.1007783173906,0,0.0,0.0,-1.0,HUBERT_BASE,6
61-70968-0029_1320-122612-0003__T2__SCV3FIX__VOICE-1320_CONTENT-61-61-70968-0029,1320,61,,8.53,5,0.0,0.0,0.0,0.06179277624672177,0.014295518112374617,29.873717924909414,0,0.0,0.0,-1.0,HUBERT_BASE,6
2830-3980-0075_8463-294825-0003__T2__SCV3FIX__VOICE-8463_CONTENT-2830-2830-3980-0075,8463,2830,,-28.89,10,1.0,1.0,1.0,-0.10468773965825302,-0.20596898045350398,-42.642437366261944,1,5.0,5.0,0.0,HUBERT_BASE,6
3575-170457-0028_7127-75947-0010__T1__SCV3FIX__VOICE-3575_CONTENT-7127-7127-75947-0010,3575,7127,,-18.81,10,1.0,1.0,1.0,-0.1541869136430471,-0.413961665482921,-44.569001863257085,1,5.0,5.0,0.0,HUBERT_BASE,6
1089-134686-0033_1320-122612-0001__T1__SCV3FIX__VOICE-1089_CONTENT-1320-1320-122612-0001,1089,1320,,13.63,5,0.0,0.0,0.0,0.1069443719635301,0.04667711164580346,35.431591178373274,0,0.0,0.0,-1.0,HUBERT_BASE,6
1995-1837-0027_7176-88083-0008__T1__SCV3FIX__VOICE-1995_CONTENT-7176-7176-88083-0008,1995,7176,,2.79,5,0.2,0.0,0.0,0.04677576934284013,-0.002240657761583331,7.591132301884971,0,0.0,0.0,-1.0,HUBERT_BASE,6
1284-1180-0015_260-123288-0001__T2__SCV3FIX__VOICE-260_CONTENT-1284-1284-1180-0015,260,1284,,16.22,8,0.0,0.0,0.0,0.08005431136186851,0.03286838161259509,47.458387991954886,0,0.0,0.0,-1.0,HUBERT_BASE,6
61-70968-0060_3575-170457-0037__T2__SCV3FIX__VOICE-3575_CONTENT-61-61-70968-0060,3575,61,,-19.88,6,1.0,1.0,1.0,-0.10462771684901016,-0.11763477090169905,-33.81024736622114,1,3.0,3.0,0.0,HUBERT_BASE,6
4446-2271-0012_1580-141083-0012__T2__SCV3FIX__VOICE-1580_CONTENT-4446-4446-2271-0012,1580,4446,,-28.44,6,1.0,1.0,1.0,-0.05239496717775055,-0.06711435583797187,-43.46739191046296,1,3.0,3.0,0.0,HUBERT_BASE,6
908-31957-0014_3729-6852-0031__T2__SCV3FIX__VOICE-3729_CONTENT-908-908-31957-0014,3729,908,,-19.79,7,1.0,1.0,1.0,-0.08907710844725544,-0.17676370733317104,-30.86583227768686,1,3.5,3.5,0.0,HUBERT_BASE,6
8555-284447-0004_8463-287645-0009__T1__SCV3FIX__VOICE-8555_CONTENT-8463-8463-287645-0009,8555,8463,,13.28,6,0.0,0.0,0.0,0.07358604809115434,0.035837528283460096,37.872557350943005,0,0.0,0.0,-1.0,HUBERT_BASE,6
1320-122617-0027_1580-141084-0048__T2__SCV3FIX__VOICE-1580_CONTENT-1320-1320-122617-0027,1580,1320,,-30.94,10,1.0,1.0,1.0,-0.06279919261688603,-0.108748195380578,-37.33083425887064,1,5.0,5.0,0.0,HUBERT_BASE,6
2300-131720-0041_1320-122617-0006__T1__SCV3FIX__VOICE-2300_CONTENT-1320-1320-122617-0006,2300,1320,,11.9,6,0.3333333333333333,0.0,0.0,0.038839582898011926,-0.023045779187256032,24.152193257249987,1,1.0,1.0,2.0,HUBERT_BASE,6
61-70968-0035_672-122797-0025__T2__SCV3FIX__VOICE-672_CONTENT-61-61-70968-0035,672,61,,11.2,14,0.14285714285714285,0.0,0.0,0.06402439274125213,-0.06106977616208675,17.367147206093815,0,0.0,0.0,-1.0,HUBERT_BASE,6
61-70968-0007_7176-88083-0021__T2__SCV3FIX__VOICE-7176_CONTENT-61-61-70968-0007,7176,61,,-18.43,6,0.6666666666666666,1.0,0.6666666666666666,-0.036654829800924806,-0.08934396463406802,-16.961012712314794,1,1.5,1.5,1.5,HUBERT_BASE,6
4077-13751-0009_908-157963-0017__T1__SCV3FIX__VOICE-4077_CONTENT-908-908-157963-0017,4077,908,,-27.92,8,1.0,1.0,1.0,-0.06114838346545809,-0.09816426427518143,-32.0991836099371,1,4.0,4.0,0.0,HUBERT_BASE,6
5105-28240-0007_61-70970-0035__T1__SCV3FIX__VOICE-5105_CONTENT-61-61-70970-0035,5105,61,,11.51,8,0.0,0.0,0.0,0.07835594454473196,0.0019252223674810498,26.224940032974985,0,0.0,0.0,-1.0,HUBERT_BASE,6
2830-3980-0041_7021-79740-0004__T2__SCV3FIX__VOICE-7021_CONTENT-2830-2830-3980-0041,7021,2830,,5.16,8,0.125,0.0,0.0,0.09033718111351002,-0.02356851194263887,19.05994272708617,0,0.0,0.0,-1.0,HUBERT_BASE,6
5683-32866-0012_121-121726-0001__T2__SCV3FIX__VOICE-121_CONTENT-5683-5683-32866-0012,121,5683,,-22.31,9,1.0,1.0,1.0,-0.1598640739517596,-0.27946513332289835,-42.55213856693262,1,4.5,4.5,0.0,HUBERT_BASE,6
3575-170457-0019_61-70970-0010__T2__SCV3FIX__VOICE-61_CONTENT-3575-3575-170457-0019,61,3575,,10.04,5,0.0,0.0,0.0,0.09963675805420924,0.0665506111186338,32.86668410158772,0,0.0,0.0,-1.0,HUBERT_BASE,6
61-70970-0032_7176-88083-0017__T1__SCV3FIX__VOICE-61_CONTENT-7176-7176-88083-0017,61,7176,,1.13,5,0.4,0.2,0.2,-0.007290365954811873,-0.0604826235883249,8.142036738431393,1,1.0,1.0,0.5,HUBERT_BASE,6
1580-141083-0037_61-70968-0048__T1__SCV3FIX__VOICE-1580_CONTENT-61-61-70968-0048,1580,61,,-20.73,5,1.0,1.0,1.0,-0.07368924795206085,-0.09646279777997513,-30.544080742810916,1,2.5,2.5,0.0,HUBERT_BASE,6
121-127105-0026_4446-2275-0029__T2__SCV3FIX__VOICE-4446_CONTENT-121-121-127105-0026,4446,121,,-2.93,11,0.2727272727272727,0.36363636363636365,0.18181818181818182,0.027766143747978367,-0.053967236393189455,8.397782717096517,0,0.0,0.0,-1.0,HUBERT_BASE,6
4992-41806-0006_7729-102255-0040__T2__SCV3FIX__VOICE-7729_CONTENT-4992-4992-41806-0006,7729,4992,,10.14,18,0.0,0.0,0.0,0.11381417579771032,0.011112150296429757,39.19938407213608,0,0.0,0.0,-1.0,HUBERT_BASE,6
1089-134691-0014_7127-75947-0023__T2__SCV3FIX__VOICE-7127_CONTENT-1089-1089-134691-0014,7127,1089,,-14.62,8,0.75,1.0,0.75,-0.037529431176442835,-0.09639139981154576,-23.228195256099614,1,2.0,2.0,2.0,HUBERT_BASE,6
61-70968-0010_3575-170457-0003__T2__SCV3FIX__VOICE-3575_CONTENT-61-61-70968-0010,3575,61,,-22.54,14,1.0,1.0,1.0,-0.12259656168885281,-0.3601736950365164,-29.993369357454277,1,7.0,7.0,0.0,HUBERT_BASE,6
1284-1180-0021_2961-961-0007__T2__SCV3FIX__VOICE-2961_CONTENT-1284-1284-1180-0021,2961,1284,,8.05,16,0.0625,0.0,0.0,0.07011101549221986,-0.00010991440521668228,26.120847508210964,0,0.0,0.0,-1.0,HUBERT_BASE,6
2961-961-0010_7127-75946-0007__T1__SCV3FIX__VOICE-2961_CONTENT-7127-7127-75946-0007,2961,7127,,-5.51,8,0.625,0.625,0.5,-0.026355508277198417,-0.23661159995831982,-4.518355249574176,1,2.0,2.0,0.0,HUBERT_BASE,6
8555-284449-0006_1580-141083-0009__T2__SCV3FIX__VOICE-1580_CONTENT-8555-8555-284449-0006,1580,8555,,9.92,6,0.0,0.0,0.0,0.07082607280789412,0.028362638066450008,19.991175225669085,0,0.0,0.0,-1.0,HUBERT_BASE,6
1089-134686-0022_1580-141083-0044__T2__SCV3FIX__VOICE-1580_CONTENT-1089-1089-134686-0022,1580,1089,,-16.1,10,1.0,1.0,1.0,-0.06026172647293926,-0.14222245900789499,-29.975717047515097,1,5.0,5.0,0.0,HUBERT_BASE,6
7729-102255-0039_4992-41797-0014__T2__SCV3FIX__VOICE-4992_CONTENT-7729-7729-102255-0039,4992,7729,,12.77,12,0.0,0.0,0.0,0.10976447566586116,0.03258263296905273,30.117761994696536,0,0.0,0.0,-1.0,HUBERT_BASE,6
4507-16021-0029_8455-210777-0070__T1__SCV3FIX__VOICE-4507_CONTENT-8455-8455-210777-0070,4507,8455,,-28.67,6,1.0,1.0,1.0,-0.10951514826899651,-0.1952514885218536,-33.67415312029754,1,3.0,3.0,0.0,HUBERT_BASE,6
1284-1181-0012_672-122797-0040__T2__SCV3FIX__VOICE-672_CONTENT-1284-1284-1181-0012,672,1284,,17.77,9,0.0,0.0,0.0,0.1142733512426929,0.036911248422541565,39.14769469986965,0,0.0,0.0,-1.0,HUBERT_BASE,6
61-70970-0020_4507-16021-0031__T2__SCV3FIX__VOICE-4507_CONTENT-61-61-70970-0020,4507,61,,-16.69,9,1.0,1.0,1.0,-0.11883355607450057,-0.21249162665448018,-34.20033149835939,1,4.5,4.5,0.0,HUBERT_BASE,6
2094-142345-0054_1995-1836-0005__T2__SCV3FIX__VOICE-1995_CONTENT-2094-2094-142345-0054,1995,2094,,-5.21,10,0.2,0.6,0.1,0.06389502491369056,-0.01607042518899804,-6.124061800259303,0,0.0,0.0,-1.0,HUBERT_BASE,6
3729-6852-0022_4992-41806-0011__T1__SCV3FIX__VOICE-3729_CONTENT-4992-4992-41806-0011,3729,4992,,-17.56,14,0.7857142857142857,1.0,0.7857142857142857,-0.03143955280373528,-0.12575549385302986,-26.249571444891654,3,2.5,1.8333333333333333,0.0,HUBERT_BASE,6
4507-16021-0024_4446-2273-0034__T1__SCV3FIX__VOICE-4507_CONTENT-4446-4446-2273-0034,4507,4446,,10.1,6,0.0,0.0,0.0,0.08437588885793344,0.05212145638814292,32.98718382412714,0,0.0,0.0,-1.0,HUBERT_BASE,6
908-31957-0009_2094-142345-0024__T1__SCV3FIX__VOICE-908_CONTENT-2094-2094-142345-0024,908,2094,,18.89,9,0.0,0.0,0.0,0.11167325766921252,0.0543996046463604,39.99096963552707,0,0.0,0.0,-1.0,HUBERT_BASE,6
4446-2273-0021_7176-92135-0024__T2__SCV3FIX__VOICE-7176_CONTENT-4446-4446-2273-0021,7176,4446,,14.15,7,0.0,0.0,0.0,0.06032872070212585,0.011495888003267063,37.202290215258905,0,0.0,0.0,-1.0,HUBERT_BASE,6
7176-92135-0023_1995-1826-0019__T1__SCV3FIX__VOICE-7176_CONTENT-1995-1995-1826-0019,7176,1995,,13.76,9,0.0,0.0,0.0,0.10887429785816677,0.06788999111115279,34.79093791011259,0,0.0,0.0,-1.0,HUBERT_BASE,6
3570-5695-0015_1580-141084-0000__T1__SCV3FIX__VOICE-3570_CONTENT-1580-1580-141084-0000,3570,1580,,15.07,8,0.0,0.0,0.0,0.06991998199935376,0.03738898409797575,49.29759869603356,0,0.0,0.0,-1.0,HUBERT_BASE,6
6829-68771-0036_7729-102255-0039__T2__SCV3FIX__VOICE-7729_CONTENT-6829-6829-68771-0036,7729,6829,,12.07,9,0.0,0.0,0.0,0.08339924650124077,0.03623926345490902,35.35392841999973,0,0.0,0.0,-1.0,HUBERT_BASE,6
5683-32866-0001_1284-1180-0005__T1__SCV3FIX__VOICE-5683_CONTENT-1284-1284-1180-0005,5683,1284,,16.56,5,0.0,0.0,0.0,0.09637089965488584,0.06709003613654652,41.01150105160451,0,0.0,0.0,-1.0,HUBERT_BASE,6
1580-141084-0001_260-123286-0029__T1__SCV3FIX__VOICE-1580_CONTENT-260-260-123286-0029,1580,260,,-16.14,5,1.0,1.0,1.0,-0.05980374778009503,-0.07510823308861814,-38.64804963796128,1,2.5,2.5,0.0,HUBERT_BASE,6
6930-76324-0004_3729-6852-0000__T1__SCV3FIX__VOICE-6930_CONTENT-3729-3729-6852-0000,6930,3729,,12.81,11,0.0,0.0,0.0,0.08443969521855345,0.02869302639106741,28.9354762129321,0,0.0,0.0,-1.0,HUBERT_BASE,6
5105-28240-0003_61-70970-0023__T1__SCV3FIX__VOICE-5105_CONTENT-61-61-70970-0023,5105,61,,-19.19,6,1.0,1.0,1.0,-0.05395771116658569,-0.08471441604429342,-26.65036125833467,1,3.0,3.0,0.0,HUBERT_BASE,6
8555-284449-0007_5683-32866-0005__T1__SCV3FIX__VOICE-8555_CONTENT-5683-5683-32866-0005,8555,5683,,-6.24,8,1.0,1.0,1.0,-0.06331028959326633,-0.11004609414484501,-24.541156867480915,1,4.0,4.0,0.0,HUBERT_BASE,6
4992-41806-0005_8455-210777-0004__T1__SCV3FIX__VOICE-4992_CONTENT-8455-8455-210777-0004,4992,8455,,-12.96,6,0.8333333333333334,1.0,0.8333333333333334,-0.03704113694293339,-0.08714210812806844,-20.019954010939944,1,2.0,2.0,1.0,HUBERT_BASE,6
4970-29095-0006_7127-75947-0026__T1__SCV3FIX__VOICE-4970_CONTENT-7127-7127-75947-0026,4970,7127,,-28.58,7,1.0,1.0,1.0,-0.11014893903384938,-0.16258179816285379,-35.433116173007825,1,3.5,3.5,0.0,HUBERT_BASE,6
3729-6852-0028_3575-170457-0055__T1__SCV3FIX__VOICE-3729_CONTENT-3575-3575-170457-0055,3729,3575,,10.43,8,0.0,0.0,0.0,0.0797186867602877,0.03714293380096512,32.41337852505671,0,0.0,0.0,-1.0,HUBERT_BASE,6
2830-3980-0022_8555-292519-0010__T1__SCV3FIX__VOICE-2830_CONTENT-8555-8555-292519-0010,2830,8555,,15.28,5,0.0,0.0,0.0,0.10439633064827887,0.03426420824331333,36.64898917893596,0,0.0,0.0,-1.0,HUBERT_BASE,6
3575-170457-0040_8455-210777-0002__T1__SCV3FIX__VOICE-3575_CONTENT-8455-8455-210777-0002,3575,8455,,-19.18,11,1.0,1.0,1.0,-0.10375752301563751,-0.17826258779674775,-38.35871122419463,1,5.5,5.5,0.0,HUBERT_BASE,6
7021-79730-0005_5142-36377-0007__T2__SCV3FIX__VOICE-5142_CONTENT-7021-7021-79730-0005,5142,7021,,-22.47,11,0.7272727272727273,1.0,0.7272727272727273,-0.04503369384317455,-0.1273997461775097,-39.44560536098094,2,2.5,2.0,0.5,HUBERT_BASE,6
3575-170457-0023_8230-279154-0008__T1__SCV3FIX__VOICE-3575_CONTENT-8230-8230-279154-0008,3575,8230,,-10.8,6,1.0,1.0,1.0,-0.04913493729666524,-0.1020359157687003,-23.08260486061465,1,3.0,3.0,0.0,HUBERT_BASE,6
5639-40744-0006_4446-2275-0041__T1__SCV3FIX__VOICE-5639_CONTENT-4446-4446-2275-0041,5639,4446,,12.79,8,0.0,0.0,0.0,0.12570140912692024,0.05079490147536758,38.14317479372301,0,0.0,0.0,-1.0,HUBERT_BASE,6
7021-79759-0000_8230-279154-0018__T1__SCV3FIX__VOICE-7021_CONTENT-8230-8230-279154-0018,7021,8230,,8.91,8,0.0,0.0,0.0,0.10280761945431029,0.03252917463094118,37.79215677410079,0,0.0,0.0,-1.0,HUBERT_BASE,6
5683-32879-0007_6829-68771-0011__T2__SCV3FIX__VOICE-6829_CONTENT-5683-5683-32879-0007,6829,5683,,-3.06,10,0.3,0.4,0.1,0.01397835824692808,-0.08165895775555376,1.4382881479880139,1,1.0,1.0,2.0,HUBERT_BASE,6
6829-68771-0016_6930-76324-0003__T1__SCV3FIX__VOICE-6829_CONTENT-6930-6930-76324-0003,6829,6930,,-15.34,5,0.6,1.0,0.6,-0.023246209142088126,-0.0664914311288024,-18.027428329687158,1,1.5,1.5,1.0,HUBERT_BASE,6
4992-41806-0013_672-122797-0021__T1__SCV3FIX__VOICE-4992_CONTENT-672-672-122797-0021,4992,672,,-25.1,7,1.0,1.0,1.0,-0.06999332340115817,-0.10614532019993916,-29.89564112384628,1,3.5,3.5,0.0,HUBERT_BASE,6
260-123286-0027_6930-75918-0011__T1__SCV3FIX__VOICE-260_CONTENT-6930-6930-75918-0011,260,6930,,9.49,5,0.0,0.0,0.0,0.06568131452960628,0.014345766537063875,33.150221420056816,0,0.0,0.0,-1.0,HUBERT_BASE,6
6930-75918-0011_1580-141083-0042__T1__SCV3FIX__VOICE-6930_CONTENT-1580-1580-141083-0042,6930,1580,,13.18,5,0.0,0.0,0.0,0.041858923421261275,0.007964967572537951,22.241642630742724,0,0.0,0.0,-1.0,HUBERT_BASE,6
1995-1837-0016_1320-122617-0006__T1__SCV3FIX__VOICE-1995_CONTENT-1320-1320-122617-0006,1995,1320,,-27.35,10,1.0,1.0,1.0,-0.13924917435736534,-0.18214487665190227,-43.08171480222069,1,5.0,5.0,0.0,HUBERT_BASE,6
1284-1180-0009_1580-141083-0045__T2__SCV3FIX__VOICE-1580_CONTENT-1284-1284-1180-0009,1580,1284,,14.13,7,0.2857142857142857,0.0,0.0,0.037577132161281855,-0.018642961606053055,22.75878028399043,1,1.0,1.0,2.0,HUBERT_BASE,6
8463-294828-0017_4446-2273-0027__T2__SCV3FIX__VOICE-4446_CONTENT-8463-8463-294828-0017,4446,8463,,2.89,6,0.16666666666666666,0.16666666666666666,0.0,0.029216130784176692,-0.046705848224550484,13.00986832876193,0,0.0,0.0,-1.0,HUBERT_BASE,6
5142-33396-0067_1995-1836-0012__T2__SCV3FIX__VOICE-1995_CONTENT-5142-5142-33396-0067,1995,5142,,-34.47,6,1.0,1.0,1.0,-0.09035247976573478,-0.24003047701654523,-36.87008816983188,1,3.0,3.0,0.0,HUBERT_BASE,6
1284-1180-0014_6829-68769-0006__T1__SCV3FIX__VOICE-1284_CONTENT-6829-6829-68769-0006,1284,6829,,-8.27,6,0.5,0.8333333333333334,0.3333333333333333,-0.0038896401736872033,-0.02267974569737563,-10.910140974518177,0,0.0,0.0,-1.0,HUBERT_BASE,6
2961-960-0005_6829-68771-0003__T1__SCV3FIX__VOICE-2961_CONTENT-6829-6829-68771-0003,2961,6829,,15.13,7,0.0,0.0,0.0,0.05291596875026464,0.00648523014957092,36.99376315807664,0,0.0,0.0,-1.0,HUBERT_BASE,6
1580-141083-0025_4446-2275-0035__T1__SCV3FIX__VOICE-1580_CONTENT-4446-4446-2275-0035,1580,4446,,-15.71,6,1.0,1.0,1.0,-0.09959684116479563,-0.15213246742466047,-36.00497704493957,1,3.0,3.0,0.0,HUBERT_BASE,6
61-70970-0011_1995-1826-0009__T1__SCV3FIX__VOICE-61_CONTENT-1995-1995-1826-0009,61,1995,,12.07,11,0.0,0.0,0.0,0.12002451489807173,0.05932850743986373,34.495718867432906,0,0.0,0.0,-1.0,HUBERT_BASE,6
4992-23283-0008_237-126133-0015__T1__SCV3FIX__VOICE-4992_CONTENT-237-237-126133-0015,4992,237,,0.28,8,0.0,0.125,0.0,0.05316938055955105,0.006834626061122395,19.54799220742213,0,0.0,0.0,-1.0,HUBERT_BASE,6
2830-3980-0051_4446-2273-0029__T2__SCV3FIX__VOICE-4446_CONTENT-2830-2830-3980-0051,4446,2830,,-25.54,5,1.0,1.0,1.0,-0.07679152297890102,-0.09838407620016765,-35.72826988031447,1,2.5,2.5,0.0,HUBERT_BASE,6
1580-141084-0032_260-123440-0016__T1__SCV3FIX__VOICE-1580_CONTENT-260-260-123440-0016,1580,260,,-24.06,8,1.0,1.0,1.0,-0.0773598426925217,-0.13114351760478016,-41.37419755408454,1,4.0,4.0,0.0,HUBERT_BASE,6
6930-76324-0014_1995-1837-0024__T2__SCV3FIX__VOICE-1995_CONTENT-6930-6930-76324-0014,1995,6930,,-27.75,8,1.0,1.0,1.0,-0.11173922075923444,-0.1705799873789141,-41.174502694665385,1,4.0,4.0,0.0,HUBERT_BASE,6
3729-6852-0001_4077-13751-0008__T1__SCV3FIX__VOICE-3729_CONTENT-4077-4077-13751-0008,3729,4077,,-29.97,20,0.9,1.0,0.9,-0.05739569820907263,-0.13854908666078103,-31.589636975832025,3,5.0,3.0,0.0,HUBERT_BASE,6
1089-134686-0037_4446-2271-0000__T1__SCV3FIX__VOICE-1089_CONTENT-4446-4446-2271-0000,1089,4446,,8.61,5,0.0,0.0,0.0,0.13304684627727645,0.1026111881840579,31.66043594019581,0,0.0,0.0,-1.0,HUBERT_BASE,6
4507-16021-0051_8455-210777-0005__T1__SCV3FIX__VOICE-4507_CONTENT-8455-8455-210777-0005,4507,8455,,14.01,10,0.0,0.0,0.0,0.07086253418262396,0.012226934333402495,32.72209546862184,0,0.0,0.0,-1.0,HUBERT_BASE,6
1284-1181-0016_1188-133604-0031__T1__SCV3FIX__VOICE-1284_CONTENT-1188-1188-133604-0031,1284,1188,,-3.94,7,0.14285714285714285,0.8571428571428571,0.14285714285714285,0.07061502762781294,-0.03788059119299669,-11.238234161069979,0,0.0,0.0,-1.0,HUBERT_BASE,6
1284-1181-0008_2300-131720-0030__T1__SCV3FIX__VOICE-1284_CONTENT-2300-2300-131720-0030,1284,2300,,-21.99,11,1.0,1.0,1.0,-0.13392354149161012,-0.35396432168658276,-37.69227354228971,1,5.5,5.5,0.0,HUBERT_BASE,6
8224-274381-0010_5105-28240-0000__T1__SCV3FIX__VOICE-8224_CONTENT-5105-5105-28240-0000,8224,5105,,9.53,9,0.0,0.0,0.0,0.0805614661554816,0.004771774499046533,32.65696134788419,0,0.0,0.0,-1.0,HUBERT_BASE,6
5683-32865-0015_5639-40744-0015__T2__SCV3FIX__VOICE-5639_CONTENT-5683-5683-32865-0015,5639,5683,,12.18,6,0.0,0.0,0.0,0.09853472919804379,0.022141874713438425,41.293080702496255,0,0.0,0.0,-1.0,HUBERT_BASE,6
260-123288-0012_4446-2273-0025__T1__SCV3FIX__VOICE-260_CONTENT-4446-4446-2273-0025,260,4446,,15.44,6,0.0,0.0,0.0,0.11346176011572036,0.019792139134339193,32.83604461074337,0,0.0,0.0,-1.0,HUBERT_BASE,6
6829-68769-0004_908-31957-0006__T2__SCV3FIX__VOICE-908_CONTENT-6829-6829-68769-0004,908,6829,,11.01,10,0.0,0.0,0.0,0.08237339151716952,0.04049748420283561,40.99138286109657,0,0.0,0.0,-1.0,HUBERT_BASE,6
8455-210777-0069_2300-131720-0034__T2__SCV3FIX__VOICE-2300_CONTENT-8455-8455-210777-0069,2300,8455,,10.34,16,0.0625,0.0,0.0,0.09698462953228174,-0.010747498629663288,34.0336579641354,0,0.0,0.0,-1.0,HUBERT_BASE,6
6829-68771-0009_1089-134691-0010__T2__SCV3FIX__VOICE-1089_CONTENT-6829-6829-68771-0009,1089,6829,,16.04,5,0.0,0.0,0.0,0.06351927659304905,0.04377151355811626,38.42842476969979,0,0.0,0.0,-1.0,HUBERT_BASE,6
7729-102255-0021_8463-294825-0019__T2__SCV3FIX__VOICE-8463_CONTENT-7729-7729-102255-0021,8463,7729,,-11.82,5,1.0,1.0,1.0,-0.0451871300955762,-0.060686949745281105,-25.903269034671574,1,2.5,2.5,0.0,HUBERT_BASE,6
4446-2273-0023_260-123288-0011__T1__SCV3FIX__VOICE-4446_CONTENT-260-260-123288-0011,4446,260,,-28.94,11,1.0,1.0,1.0,-0.10105224558689593,-0.16304176719738617,-46.18329658261684,1,5.5,5.5,0.0,HUBERT_BASE,6
1580-141083-0022_4446-2271-0017__T2__SCV3FIX__VOICE-4446_CONTENT-1580-1580-141083-0022,4446,1580,,9.3,4,0.0,0.0,0.0,0.06983463361700012,0.04658204779230091,43.7215995315445,0,0.0,0.0,-1.0,HUBERT_BASE,6
6829-68771-0009_2830-3980-0025__T2__SCV3FIX__VOICE-2830_CONTENT-6829-6829-68771-0009,2830,6829,,11.46,16,0.0,0.0,0.0,0.09633692763675866,0.023766578185071885,41.88484129567729,0,0.0,0.0,-1.0,HUBERT_BASE,6
7127-75947-0015_8555-284447-0003__T2__SCV3FIX__VOICE-8555_CONTENT-7127-7127-75947-0015,8555,7127,,-26.08,7,1.0,1.0,1.0,-0.11253334748236996,-0.21543223603265016,-37.36369173534174,1,3.5,3.5,0.0,HUBERT_BASE,6
6829-68769-0001_7127-75946-0011__T2__SCV3FIX__VOICE-7127_CONTENT-6829-6829-68769-0001,7127,6829,,14.03,5,0.2,0.0,0.0,0.02671586144597802,-0.00592303946675643,26.761261300139967,0,0.0,0.0,-1.0,HUBERT_BASE,6
7021-79740-0012_2830-3980-0057__T1__SCV3FIX__VOICE-7021_CONTENT-2830-2830-3980-0057,7021,2830,,8.55,5,0.0,0.0,0.0,0.07247918355225713,0.0030771642380115205,22.711823956374865,0,0.0,0.0,-1.0,HUBERT_BASE,6
7127-75946-0023_7729-102255-0045__T1__SCV3FIX__VOICE-7127_CONTENT-7729-7729-102255-0045,7127,7729,,11.43,6,0.0,0.0,0.0,0.16040279779268055,0.05541349502269888,24.438151413812886,0,0.0,0.0,-1.0,HUBERT_BASE,6
260-123288-0012_7021-85628-0010__T1__SCV3FIX__VOICE-260_CONTENT-7021-7021-85628-0010,260,7021,,-20.34,6,1.0,1.0,1.0,-0.09036269581096427,-0.17945092557586806,-33.47204638701013,1,3.0,3.0,0.0,HUBERT_BASE,6
8555-292519-0007_2830-3980-0011__T1__SCV3FIX__VOICE-8555_CONTENT-2830-2830-3980-0011,8555,2830,,-23.25,10,1.0,1.0,1.0,-0.10797717410695692,-0.21809875447513938,-33.74211040189833,1,5.0,5.0,0.0,HUBERT_BASE,6
1320-122617-0011_61-70968-0000__T1__SCV3FIX__VOICE-1320_CONTENT-61-61-70968-0000,1320,61,,7.1,8,0.125,0.0,0.0,0.07007397682810056,-0.013821720800530901,21.24928825069658,0,0.0,0.0,-1.0,HUBERT_BASE,6
4446-2271-0000_1221-135766-0006__T2__SCV3FIX__VOICE-1221_CONTENT-4446-4446-2271-0000,1221,4446,,-15.14,5,0.6,0.8,0.6,-0.01431655804802252,-0.04394400031893497,-8.97428421633811,1,1.5,1.5,1.0,HUBERT_BASE,6
4970-29095-0006_4507-16021-0021__T2__SCV3FIX__VOICE-4507_CONTENT-4970-4970-29095-0006,4507,4970,,-0.07,7,0.14285714285714285,0.0,0.0,0.018246101617458543,-0.18285889157662572,14.586752330816909,0,0.0,0.0,-1.0,HUBERT_BASE,6
8463-294825-0005_1089-134691-0019__T1__SCV3FIX__VOICE-8463_CONTENT-1089-1089-134691-0019,8463,1089,,-23.4,5,1.0,1.0,1.0,-0.1205167014391332,-0.14726751597553656,-43.64131458505533,1,2.5,2.5,0.0,HUBERT_BASE,6
5142-33396-0006_672-122797-0061__T1__SCV3FIX__VOICE-5142_CONTENT-672-672-122797-0061,5142,672,,0.28,11,0.5454545454545454,0.7272727272727273,0.36363636363636365,-0.004137298550283098,-0.0952048935448786,-5.69535760035756,2,2.0,1.5,2.0,HUBERT_BASE,6
1995-1836-0012_7021-79730-0006__T2__SCV3FIX__VOICE-7021_CONTENT-1995-1995-1836-0012,7021,1995,,14.52,6,0.0,0.0,0.0,0.12231679954551257,0.0962082128356625,41.229914115636284,0,0.0,0.0,-1.0,HUBERT_BASE,6
7176-92135-0028_8455-210777-0024__T2__SCV3FIX__VOICE-8455_CONTENT-7176-7176-92135-0028,8455,7176,,8.48,5,0.0,0.0,0.0,0.056765657314775717,0.021463937139789113,30.059939351566328,0,0.0,0.0,-1.0,HUBERT_BASE,6
7127-75946-0008_5142-33396-0020__T2__SCV3FIX__VOICE-5142_CONTENT-7127-7127-75946-0008,5142,7127,,-19.41,5,1.0,1.0,1.0,-0.13672415466718663,-0.19189263150120683,-35.03848439395988,1,2.5,2.5,0.0,HUBERT_BASE,6
3570-5695-0015_6829-68771-0036__T1__SCV3FIX__VOICE-3570_CONTENT-6829-6829-68771-0036,3570,6829,,12.8,9,0.0,0.0,0.0,0.04604208795934331,0.009313226115001738,41.766994087750625,0,0.0,0.0,-1.0,HUBERT_BASE,6
7729-102255-0012_1320-122617-0000__T2__SCV3FIX__VOICE-1320_CONTENT-7729-7729-102255-0012,1320,7729,,-19.84,7,0.8571428571428571,1.0,0.8571428571428571,-0.049893739853415574,-0.10467618798414702,-26.546380388403684,2,2.0,1.5,0.0,HUBERT_BASE,6
61-70968-0039_8463-294828-0020__T2__SCV3FIX__VOICE-8463_CONTENT-61-61-70968-0039,8463,61,,9.51,6,0.0,0.0,0.0,0.08544819845980933,0.02995669781852961,31.23875727036274,0,0.0,0.0,-1.0,HUBERT_BASE,6
5683-32865-0010_121-127105-0022__T1__SCV3FIX__VOICE-5683_CONTENT-121-121-127105-0022,5683,121,,9.88,9,0.0,0.0,0.0,0.07992836628909611,0.02424430943186695,28.942768462492616,0,0.0,0.0,-1.0,HUBERT_BASE,6
237-126133-0013_908-157963-0010__T2__SCV3FIX__VOICE-908_CONTENT-237-237-126133-0013,908,237,,11.54,11,0.0,0.0,0.0,0.15934544418328245,0.10571080983567216,44.19798041333465,0,0.0,0.0,-1.0,HUBERT_BASE,6
2830-3979-0006_237-126133-0014__T1__SCV3FIX__VOICE-2830_CONTENT-237-237-126133-0014,2830,237,,11.86,8,0.0,0.0,0.0,0.14166133101963418,0.07235722664697286,39.661666251606746,0,0.0,0.0,-1.0,HUBERT_BASE,6
2830-3980-0041_4970-29095-0036__T1__SCV3FIX__VOICE-2830_CONTENT-4970-4970-29095-0036,2830,4970,,15.14,8,0.0,0.0,0.0,0.10569060547631447,0.04799087819564685,41.962741274993206,0,0.0,0.0,-1.0,HUBERT_BASE,6
1221-135766-0013_121-127105-0028__T1__SCV3FIX__VOICE-1221_CONTENT-121-121-127105-0028,1221,121,,-21.64,6,1.0,1.0,1.0,-0.04605022264162887,-0.0677850232872439,-23.066402358094447,1,3.0,3.0,0.0,HUBERT_BASE,6
2961-961-0010_7127-75946-0007__T2__SCV3FIX__VOICE-7127_CONTENT-2961-2961-961-0010,7127,2961,,11.6,8,0.0,0.0,0.0,0.10943470490177432,0.026933729762182446,23.777568926867893,0,0.0,0.0,-1.0,HUBERT_BASE,6
3570-5695-0004_8455-210777-0010__T1__SCV3FIX__VOICE-3570_CONTENT-8455-8455-210777-0010,3570,8455,,-26.39,5,1.0,1.0,1.0,-0.07154015585823106,-0.09428107549932718,-30.35915681350736,1,2.5,2.5,0.0,HUBERT_BASE,6
908-157963-0020_5683-32879-0007__T2__SCV3FIX__VOICE-5683_CONTENT-908-908-157963-0020,5683,908,,-24.35,12,0.9166666666666666,1.0,0.9166666666666666,-0.08231606305497798,-0.23071717754508025,-40.13754793271109,1,5.0,5.0,0.0,HUBERT_BASE,6
121-121726-0004_2830-3980-0020__T1__SCV3FIX__VOICE-121_CONTENT-2830-2830-3980-0020,121,2830,,-23.89,5,1.0,1.0,1.0,-0.11297595280082195,-0.2751285727489786,-30.649120541458807,1,2.5,2.5,0.0,HUBERT_BASE,6
8463-294828-0001_4507-16021-0028__T1__SCV3FIX__VOICE-8463_CONTENT-4507-4507-16021-0028,8463,4507,,9.68,5,0.0,0.0,0.0,0.1121260120543259,0.040336367458032485,27.837807795520757,0,0.0,0.0,-1.0,HUBERT_BASE,6
5683-32866-0021_672-122797-0050__T1__SCV3FIX__VOICE-5683_CONTENT-672-672-122797-0050,5683,672,,12.66,8,0.0,0.0,0.0,0.13628402818099583,0.0870665398191448,41.579129774782146,0,0.0,0.0,-1.0,HUBERT_BASE,6
6930-76324-0020_7127-75946-0015__T1__SCV3FIX__VOICE-6930_CONTENT-7127-7127-75946-0015,6930,7127,,-4.63,10,0.5,0.8,0.5,-0.007325152479738683,-0.0753763302986562,-6.162927665673051,2,1.0,1.0,0.0,HUBERT_BASE,6
8455-210777-0029_1089-134686-0020__T2__SCV3FIX__VOICE-1089_CONTENT-8455-8455-210777-0029,1089,8455,,9.97,5,0.2,0.0,0.0,0.08924835671882125,-0.029390872688825787,27.834569200440523,0,0.0,0.0,-1.0,HUBERT_BASE,6
4992-41806-0015_2961-961-0004__T1__SCV3FIX__VOICE-4992_CONTENT-2961-2961-961-0004,4992,2961,,-11.99,21,0.42857142857142855,0.8095238095238095,0.42857142857142855,0.020281630217209405,-0.1088649012727142,-7.585232765423088,3,2.0,1.3333333333333333,0.0,HUBERT_BASE,6
1995-1837-0027_1089-134686-0017__T1__SCV3FIX__VOICE-1995_CONTENT-1089-1089-134686-0017,1995,1089,,-32.07,12,1.0,1.0,1.0,-0.11253027022288624,-0.16383697551936482,-34.30548674882864,1,6.0,6.0,0.0,HUBERT_BASE,6
1995-1836-0005_6930-81414-0019__T1__SCV3FIX__VOICE-1995_CONTENT-6930-6930-81414-0019,1995,6930,,-24.21,5,1.0,1.0,1.0,-0.06359853802384659,-0.08250051571830641,-29.294724981820558,1,2.5,2.5,0.0,HUBERT_BASE,6
260-123440-0007_1320-122612-0005__T1__SCV3FIX__VOICE-260_CONTENT-1320-1320-122612-0005,260,1320,,-16.1,5,1.0,1.0,1.0,-0.06812472301844971,-0.10965788624523698,-26.455472817299714,1,2.5,2.5,0.0,HUBERT_BASE,6
5142-36377-0013_3729-6852-0040__T2__SCV3FIX__VOICE-3729_CONTENT-5142-5142-36377-0013,3729,5142,,-4.92,12,0.5,0.5,0.5,0.010629475075939846,-0.09402406027619614,9.084380438666615,1,3.0,3.0,2.0,HUBERT_BASE,6
672-122797-0058_2300-131720-0029__T1__SCV3FIX__VOICE-672_CONTENT-2300-2300-131720-0029,672,2300,,11.92,7,0.14285714285714285,0.0,0.0,0.08636834888332019,-0.008611804044673321,18.570020456130557,0,0.0,0.0,-1.0,HUBERT_BASE,6
3570-5694-0007_2300-131720-0027__T1__SCV3FIX__VOICE-3570_CONTENT-2300-2300-131720-0027,3570,2300,,-24.23,16,1.0,1.0,1.0,-0.1300899186570746,-0.3326153886919133,-39.27011395422395,1,8.0,8.0,0.0,HUBERT_BASE,6
260-123286-0000_1320-122617-0031__T1__SCV3FIX__VOICE-260_CONTENT-1320-1320-122617-0031,260,1320,,-4.86,11,0.8181818181818182,0.6363636363636364,0.6363636363636364,-0.10671101773604472,-0.23411245081170495,-4.096672342508098,2,3.5,2.25,0.0,HUBERT_BASE,6
5142-33396-0037_4446-2271-0010__T2__SCV3FIX__VOICE-4446_CONTENT-5142-5142-33396-0037,4446,5142,,14.48,5,0.0,0.0,0.0,0.07672161352846181,0.043010770414351196,45.46933374726876,0,0.0,0.0,-1.0,HUBERT_BASE,6
8555-292519-0010_1089-134686-0013__T1__SCV3FIX__VOICE-8555_CONTENT-1089-1089-134686-0013,8555,1089,,-15.88,10,0.9,1.0,0.9,-0.06773834723647774,-0.1313865832865574,-24.96636499080493,2,2.5,2.25,0.0,HUBERT_BASE,6
8463-287645-0000_4970-29095-0023__T1__SCV3FIX__VOICE-8463_CONTENT-4970-4970-29095-0023,8463,4970,,8.31,6,0.0,0.0,0.0,0.0730658462089266,0.04917531863363778,26.864074988376444,0,0.0,0.0,-1.0,HUBERT_BASE,6
5683-32866-0027_7021-85628-0027__T2__SCV3FIX__VOICE-7021_CONTENT-5683-5683-32866-0027,7021,5683,,13.32,8,0.0,0.0,0.0,0.0753854970336554,0.03659582501126091,46.330036878201405,0,0.0,0.0,-1.0,HUBERT_BASE,6
7176-92135-0023_1995-1826-0019__T2__SCV3FIX__VOICE-1995_CONTENT-7176-7176-92135-0023,1995,7176,,-18.01,9,0.8888888888888888,1.0,0.8888888888888888,-0.07136226431896442,-0.13627117599695804,-24.479754210513743,2,2.5,2.0,0.0,HUBERT_BASE,6
1580-141084-0040_7176-88083-0026__T2__SCV3FIX__VOICE-7176_CONTENT-1580-1580-141084-0040,7176,1580,,11.63,10,0.0,0.0,0.0,0.0647909776237808,0.033486069574952704,45.907969869391295,0,0.0,0.0,-1.0,HUBERT_BASE,6
1320-122617-0033_3575-170457-0045__T1__SCV3FIX__VOICE-1320_CONTENT-3575-3575-170457-0045,1320,3575,,12.72,12,0.0,0.0,0.0,0.10926497788894889,0.03199751306751886,43.65690025701098,0,0.0,0.0,-1.0,HUBERT_BASE,6
672-122797-0038_5683-32866-0002__T2__SCV3FIX__VOICE-5683_CONTENT-672-672-122797-0038,5683,672,,16.58,9,0.0,0.0,0.0,0.1580946940457865,0.11619633896394477,48.67164805073341,0,0.0,0.0,-1.0,HUBERT_BASE,6
2830-3979-0002_1188-133604-0013__T2__SCV3FIX__VOICE-1188_CONTENT-2830-2830-3979-0002,1188,2830,,15.48,5,0.0,0.0,0.0,0.18534853254994926,0.01927148324008432,37.006546582018835,0,0.0,0.0,-1.0,HUBERT_BASE,6
8555-284449-0018_8455-210777-0057__T2__SCV3FIX__VOICE-8455_CONTENT-8555-8555-284449-0018,8455,8555,,12.03,13,0.0,0.0,0.0,0.11997608583361571,0.0708883381101405,45.8652070367578,0,0.0,0.0,-1.0,HUBERT_BASE,6
7176-92135-0020_2830-3980-0010__T1__SCV3FIX__VOICE-7176_CONTENT-2830-2830-3980-0010,7176,2830,,-11.61,12,0.9166666666666666,1.0,0.9166666666666666,-0.08752386056770385,-0.24078674077940698,-23.14492307347908,1,5.0,5.0,0.0,HUBERT_BASE,6
1995-1837-0000_237-134493-0014__T1__SCV3FIX__VOICE-1995_CONTENT-237-237-134493-0014,1995,237,,-23.37,6,1.0,1.0,1.0,-0.061943541522734645,-0.09440845062266479,-28.09912811366908,1,3.0,3.0,0.0,HUBERT_BASE,6
4970-29095-0032_237-134500-0026__T1__SCV3FIX__VOICE-4970_CONTENT-237-237-134500-0026,4970,237,,-19.24,5,1.0,1.0,1.0,-0.08469967862048595,-0.1062859889967912,-27.690074674951084,1,2.5,2.5,0.0,HUBERT_BASE,6
61-70968-0026_3729-6852-0038__T2__SCV3FIX__VOICE-3729_CONTENT-61-61-70968-0026,3729,61,,-11.52,8,1.0,1.0,1.0,-0.15684188387604786,-0.31338371127049336,-35.49052089699292,1,4.0,4.0,0.0,HUBERT_BASE,6
6829-68771-0004_672-122797-0047__T2__SCV3FIX__VOICE-672_CONTENT-6829-6829-68771-0004,672,6829,,3.76,5,0.2,0.0,0.0,0.08721398382443421,-0.003418152389424778,15.512873828171626,0,0.0,0.0,-1.0,HUBERT_BASE,6
1995-1837-0011_4446-2275-0013__T1__SCV3FIX__VOICE-1995_CONTENT-4446-4446-2275-0013,1995,4446,,10.77,5,0.0,0.0,0.0,0.10606702707894022,0.05729824189984212,51.850174737448995,0,0.0,0.0,-1.0,HUBERT_BASE,6
6930-76324-0027_5683-32879-0011__T1__SCV3FIX__VOICE-6930_CONTENT-5683-5683-32879-0011,6930,5683,,5.55,15,0.0,0.0,0.0,0.05613671213357839,0.005997542377401022,16.897863389260824,0,0.0,0.0,-1.0,HUBERT_BASE,6
6829-68771-0027_3570-5696-0010__T1__SCV3FIX__VOICE-6829_CONTENT-3570-3570-5696-0010,6829,3570,,9.98,9,0.0,0.0,0.0,0.07915439995772312,0.03385675087549145,36.841530859045754,0,0.0,0.0,-1.0,HUBERT_BASE,6
61-70968-0046_3570-5694-0004__T1__SCV3FIX__VOICE-61_CONTENT-3570-3570-5694-0004,61,3570,,15.12,6,0.0,0.0,0.0,0.0805742248826586,0.04195731380858447,36.9488373695596,0,0.0,0.0,-1.0,HUBERT_BASE,6
3575-170457-0047_5105-28240-0009__T1__SCV3FIX__VOICE-3575_CONTENT-5105-5105-28240-0009,3575,5105,,-22.6,12,1.0,1.0,1.0,-0.13153967486061915,-0.25868363239666814,-40.68504649576781,1,6.0,6.0,0.0,HUBERT_BASE,6
8455-210777-0034_5639-40744-0023__T2__SCV3FIX__VOICE-5639_CONTENT-8455-8455-210777-0034,5639,8455,,-17.82,14,1.0,1.0,1.0,-0.11361559061030095,-0.3127280597563945,-39.85033875444934,1,7.0,7.0,0.0,HUBERT_BASE,6
6829-68771-0019_7176-92135-0035__T2__SCV3FIX__VOICE-7176_CONTENT-6829-6829-68771-0019,7176,6829,,9.74,5,0.0,0.0,0.0,0.1027495771644806,0.06924081122919623,39.18761804544393,0,0.0,0.0,-1.0,HUBERT_BASE,6
4992-41806-0011_4077-13751-0010__T2__SCV3FIX__VOICE-4077_CONTENT-4992-4992-41806-0011,4077,4992,,13.52,12,0.0,0.0,0.0,0.09176695424412394,0.029975598284766813,34.302346788471276,0,0.0,0.0,-1.0,HUBERT_BASE,6
6829-68769-0026_1284-1180-0030__T2__SCV3FIX__VOICE-1284_CONTENT-6829-6829-68769-0026,1284,6829,,-7.66,8,0.875,1.0,0.875,-0.04342086825870822,-0.1555823745356556,-15.659203421438852,1,3.5,3.5,0.5,HUBERT_BASE,6
908-157963-0028_7127-75946-0013__T2__SCV3FIX__VOICE-7127_CONTENT-908-908-157963-0028,7127,908,,-13.45,8,1.0,1.0,1.0,-0.1324320557066738,-0.37653222001940445,-34.80127355000144,1,4.0,4.0,0.0,HUBERT_BASE,6
5683-32879-0006_3575-170457-0035__T1__SCV3FIX__VOICE-5683_CONTENT-3575-3575-170457-0035,5683,3575,,7.21,17,0.5294117647058824,0.29411764705882354,0.29411764705882354,-0.0017812660514266148,-0.07627671589147056,13.8410233282496,3,1.5,1.1666666666666667,0.0,HUBERT_BASE,6
6930-76324-0012_8463-294828-0034__T1__SCV3FIX__VOICE-6930_CONTENT-8463-8463-294828-0034,6930,8463,,7.19,6,0.0,0.0,0.0,0.06450291273561387,0.015755177168167656,21.69114861421893,0,0.0,0.0,-1.0,HUBERT_BASE,6
2830-3980-0051_4446-2273-0029__T1__SCV3FIX__VOICE-2830_CONTENT-4446-4446-2273-0029,2830,4446,,10.93,5,0.0,0.0,0.0,0.09163928811163258,0.051498057497631144,31.615781162244296,0,0.0,0.0,-1.0,HUBERT_BASE,6
4446-2275-0001_4077-13754-0001__T2__SCV3FIX__VOICE-4077_CONTENT-4446-4446-2275-0001,4077,4446,,11.88,6,0.0,0.0,0.0,0.06845792358390697,0.021958593041163432,33.31548240807718,0,0.0,0.0,-1.0,HUBERT_BASE,6
8224-274384-0007_2961-961-0019__T1__SCV3FIX__VOICE-8224_CONTENT-2961-2961-961-0019,8224,2961,,15.71,11,0.0,0.0,0.0,0.0855569487853266,0.023256062996182436,46.858493418083526,0,0.0,0.0,-1.0,HUBERT_BASE,6
5683-32866-0009_5142-33396-0031__T2__SCV3FIX__VOICE-5142_CONTENT-5683-5683-32866-0009,5142,5683,,-18.76,14,1.0,1.0,1.0,-0.08411022180289804,-0.19093399641628706,-26.731933169886855,1,7.0,7.0,0.0,HUBERT_BASE,6
4077-13751-0016_5142-33396-0006__T1__SCV3FIX__VOICE-4077_CONTENT-5142-5142-33396-0006,4077,5142,,14.91,11,0.0,0.0,0.0,0.11784497405929964,0.0646052943660056,43.900822484526266,0,0.0,0.0,-1.0,HUBERT_BASE,6
4446-2271-0024_61-70970-0025__T1__SCV3FIX__VOICE-4446_CONTENT-61-61-70970-0025,4446,61,,9.91,5,0.0,0.0,0.0,0.10017818679820198,0.08094740097446196,38.82195471121825,0,0.0,0.0,-1.0,HUBERT_BASE,6
2830-3980-0062_1995-1836-0013__T1__SCV3FIX__VOICE-2830_CONTENT-1995-1995-1836-0013,2830,1995,,13.17,9,0.0,0.0,0.0,0.12350525425161211,0.04833340224898519,40.579723221956996,0,0.0,0.0,-1.0,HUBERT_BASE,6
6930-81414-0021_61-70968-0032__T2__SCV3FIX__VOICE-61_CONTENT-6930-6930-81414-0021,61,6930,,14.63,5,0.0,0.0,0.0,0.08896600784187503,0.06616562472572929,33.64661201727326,0,0.0,0.0,-1.0,HUBERT_BASE,6
4507-16021-0056_7021-85628-0002__T1__SCV3FIX__VOICE-4507_CONTENT-7021-7021-85628-0002,4507,7021,,15.35,11,0.09090909090909091,0.0,0.0,0.10431339937958467,-0.0032237767528462413,46.003275416916225,0,0.0,0.0,-1.0,HUBERT_BASE,6
1284-1180-0027_8230-279154-0013__T2__SCV3FIX__VOICE-8230_CONTENT-1284-1284-1180-0027,8230,1284,,11.92,5,0.0,0.0,0.0,0.14393969689089012,0.12240785115520603,36.213231399752615,0,0.0,0.0,-1.0,HUBERT_BASE,6
61-70970-0007_1995-1836-0011__T2__SCV3FIX__VOICE-1995_CONTENT-61-61-70970-0007,1995,61,,-24.32,7,1.0,1.0,1.0,-0.10971046047660114,-0.1512739139980147,-33.7261418305353,1,3.5,3.5,0.0,HUBERT_BASE,6
8230-279154-0032_2830-3980-0028__T2__SCV3FIX__VOICE-2830_CONTENT-8230-8230-279154-0032,2830,8230,,-2.56,6,0.16666666666666666,0.3333333333333333,0.16666666666666666,0.07621120795044677,-0.07559871522386563,4.729146965698317,0,0.0,0.0,-1.0,HUBERT_BASE,6
3729-6852-0027_1995-1837-0024__T1__SCV3FIX__VOICE-3729_CONTENT-1995-1995-1837-0024,3729,1995,,9.6,5,0.0,0.0,0.0,0.06342554144847759,0.01816010438838489,18.926579723580993,0,0.0,0.0,-1.0,HUBERT_BASE,6
61-70968-0032_1995-1837-0020__T1__SCV3FIX__VOICE-61_CONTENT-1995-1995-1837-0020,61,1995,,15.54,5,0.0,0.0,0.0,0.14978264495456506,0.13723181585793753,36.03450430375815,0,0.0,0.0,-1.0,HUBERT_BASE,6
1089-134686-0000_260-123440-0016__T1__SCV3FIX__VOICE-1089_CONTENT-260-260-123440-0016,1089,260,,8.95,8,0.0,0.0,0.0,0.08592799705228764,0.04937273459470237,37.1453128529197,0,0.0,0.0,-1.0,HUBERT_BASE,6
5142-33396-0028_61-70968-0055__T2__SCV3FIX__VOICE-61_CONTENT-5142-5142-33396-0028,61,5142,,11.07,6,0.0,0.0,0.0,0.0795935112148387,0.03152334509138688,37.269740652308585,0,0.0,0.0,-1.0,HUBERT_BASE,6
5142-33396-0037_5105-28240-0012__T1__SCV3FIX__VOICE-5142_CONTENT-5105-5105-28240-0012,5142,5105,,-30.28,6,1.0,1.0,1.0,-0.09949017704086223,-0.13128448176056096,-34.735602414991796,1,3.0,3.0,0.0,HUBERT_BASE,6
4992-41797-0018_6930-75918-0017__T2__SCV3FIX__VOICE-6930_CONTENT-4992-4992-41797-0018,6930,4992,,15.19,11,0.0,0.0,0.0,0.10434124840091402,0.045866974064652344,32.90802852748419,0,0.0,0.0,-1.0,HUBERT_BASE,6
1188-133604-0010_61-70970-0014__T1__SCV3FIX__VOICE-1188_CONTENT-61-61-70970-0014,1188,61,,5.63,5,0.4,0.0,0.0,0.019050787921741197,-0.017902315371948196,10.509902393536406,0,0.0,0.0,-1.0,HUBERT_BASE,6
6829-68771-0036_908-157963-0013__T1__SCV3FIX__VOICE-6829_CONTENT-908-908-157963-0013,6829,908,,-16.31,7,1.0,1.0,1.0,-0.0905498256124213,-0.15766907487516024,-37.073995343598185,1,3.5,3.5,0.0,HUBERT_BASE,6
3575-170457-0038_6829-68769-0009__T2__SCV3FIX__VOICE-6829_CONTENT-3575-3575-170457-0038,6829,3575,,3.42,7,0.14285714285714285,0.0,0.0,0.09432698566068198,-0.022830128213136236,14.951821480262023,0,0.0,0.0,-1.0,HUBERT_BASE,6
1284-1180-0008_2830-3980-0008__T1__SCV3FIX__VOICE-1284_CONTENT-2830-2830-3980-0008,1284,2830,,-9.77,8,1.0,1.0,1.0,-0.09889968858294038,-0.17075007540877696,-28.71658279728137,1,4.0,4.0,0.0,HUBERT_BASE,6
121-121726-0001_672-122797-0015__T1__SCV3FIX__VOICE-121_CONTENT-672-672-122797-0015,121,672,,-7.73,6,1.0,1.0,1.0,-0.17946831884951653,-0.3939447324165155,-15.739917845478535,1,3.0,3.0,0.0,HUBERT_BASE,6
1580-141083-0035_8463-294828-0006__T2__SCV3FIX__VOICE-8463_CONTENT-1580-1580-141083-0035,8463,1580,,4.64,6,0.0,0.0,0.0,0.08682828122328977,0.03814178481660435,20.71159303168194,0,0.0,0.0,-1.0,HUBERT_BASE,6
3575-170457-0024_61-70968-0041__T2__SCV3FIX__VOICE-61_CONTENT-3575-3575-170457-0024,61,3575,,8.85,12,0.0,0.0,0.0,0.06996913631280023,0.02876728509033666,30.122614892658632,0,0.0,0.0,-1.0,HUBERT_BASE,6
4970-29095-0002_672-122797-0048__T1__SCV3FIX__VOICE-4970_CONTENT-672-672-122797-0048,4970,672,,-26.19,8,0.875,1.0,0.875,-0.09546654882036516,-0.16233128706336675,-33.67049372640989,1,3.5,3.5,0.0,HUBERT_BASE,6
2961-960-0019_1320-122612-0007__T2__SCV3FIX__VOICE-1320_CONTENT-2961-2961-960-0019,1320,2961,,16.03,10,0.0,0.0,0.0,0.11340508603849428,0.019092386169989872,46.849527035049434,0,0.0,0.0,-1.0,HUBERT_BASE,6
2961-961-0001_7127-75947-0013__T1__SCV3FIX__VOICE-2961_CONTENT-7127-7127-75947-0013,2961,7127,,-18.06,9,0.8888888888888888,1.0,0.8888888888888888,-0.11310871531370213,-0.24683051807745837,-34.087336642546525,1,4.0,4.0,0.0,HUBERT_BASE,6
2830-3980-0024_1188-133604-0000__T2__SCV3FIX__VOICE-1188_CONTENT-2830-2830-3980-0024,1188,2830,,10.92,6,0.3333333333333333,0.0,0.0,0.054301240713622335,-0.04604811966297717,20.028183366063388,0,0.0,0.0,-1.0,HUBERT_BASE,6
6829-68771-0014_260-123288-0004__T1__SCV3FIX__VOICE-6829_CONTENT-260-260-123288-0004,6829,260,,-27.98,7,0.7142857142857143,1.0,0.7142857142857143,-0.04050867116381961,-0.09522117128917074,-31.83126248475877,2,1.5,1.25,0.0,HUBERT_BASE,6
2300-131720-0015_5105-28241-0000__T2__SCV3FIX__VOICE-5105_CONTENT-2300-2300-131720-0015,5105,2300,,13.21,11,0.0,0.0,0.0,0.11673419603253943,0.05576736381105718,29.62770534156906,0,0.0,0.0,-1.0,HUBERT_BASE,6
7021-79740-0003_1320-122617-0010__T1__SCV3FIX__VOICE-7021_CONTENT-1320-1320-122617-0010,7021,1320,,3.47,8,0.375,0.5,0.375,-0.013917351097762265,-0.2228503315492969,-1.1344477289767543,1,1.5,1.5,1.5,HUBERT_BASE,6
5105-28241-0016_7176-92135-0034__T1__SCV3FIX__VOICE-5105_CONTENT-7176-7176-92135-0034,5105,7176,,-20.5,7,1.0,1.0,1.0,-0.08255932334059786,-0.18708598094805606,-31.314421530763266,1,3.5,3.5,0.0,HUBERT_BASE,6
4970-29093-0015_237-126133-0012__T1__SCV3FIX__VOICE-4970_CONTENT-237-237-126133-0012,4970,237,,-10.61,5,0.6,1.0,0.6,-0.012949754482877607,-0.06702137803829289,-18.517809834894386,1,1.5,1.5,0.0,HUBERT_BASE,6
1580-141084-0027_5639-40744-0005__T1__SCV3FIX__VOICE-1580_CONTENT-5639-5639-40744-0005,1580,5639,,10.5,5,0.0,0.0,0.0,0.11258872029655317,0.05240267722721448,32.02947436279895,0,0.0,0.0,-1.0,HUBERT_BASE,6
3570-5694-0020_4446-2273-0000__T1__SCV3FIX__VOICE-3570_CONTENT-4446-4446-2273-0000,3570,4446,,12.67,16,0.0,0.0,0.0,0.08631393605550428,0.01935929021263727,38.09425563134582,0,0.0,0.0,-1.0,HUBERT_BASE,6
908-157963-0017_237-134500-0028__T1__SCV3FIX__VOICE-908_CONTENT-237-237-134500-0028,908,237,,12.96,8,0.0,0.0,0.0,0.1015222568949015,0.04598868075355533,40.323788745277824,0,0.0,0.0,-1.0,HUBERT_BASE,6
7021-79759-0005_61-70968-0041__T2__SCV3FIX__VOICE-61_CONTENT-7021-7021-79759-0005,61,7021,,-14.12,12,0.9166666666666666,1.0,0.9166666666666666,-0.0672339369296251,-0.18600744745693842,-32.638059594044215,2,3.5,2.75,0.0,HUBERT_BASE,6
3575-170457-0021_4992-41797-0015__T1__SCV3FIX__VOICE-3575_CONTENT-4992-4992-41797-0015,3575,4992,,-25.03,7,1.0,1.0,1.0,-0.04973606409192999,-0.0732871340725596,-31.09592541182165,1,3.5,3.5,0.0,HUBERT_BASE,6
1284-1180-0010_4507-16021-0024__T2__SCV3FIX__VOICE-4507_CONTENT-1284-1284-1180-0010,4507,1284,,5.24,9,0.6666666666666666,0.3333333333333333,0.3333333333333333,-0.0180735587763433,-0.06503772605520253,13.719101654219715,2,1.5,1.25,0.5,HUBERT_BASE,6
672-122797-0063_1320-122617-0025__T1__SCV3FIX__VOICE-672_CONTENT-1320-1320-122617-0025,672,1320,,-17.37,9,1.0,1.0,1.0,-0.14785725769062522,-0.24123832252665467,-33.63530814890088,1,4.5,4.5,0.0,HUBERT_BASE,6
6829-68771-0028_2300-131720-0007__T1__SCV3FIX__VOICE-6829_CONTENT-2300-2300-131720-0007,6829,2300,,-24.09,6,1.0,1.0,1.0,-0.12677323520057748,-0.19172921485866778,-42.87757536272661,1,3.0,3.0,0.0,HUBERT_BASE,6
4446-2275-0034_6930-75918-0016__T2__SCV3FIX__VOICE-6930_CONTENT-4446-4446-2275-0034,6930,4446,,10.37,5,0.0,0.0,0.0,0.07789431267112448,0.023088335529139026,27.152272022533584,0,0.0,0.0,-1.0,HUBERT_BASE,6
5639-40744-0033_4446-2273-0035__T1__SCV3FIX__VOICE-5639_CONTENT-4446-4446-2273-0035,5639,4446,,6.81,11,0.45454545454545453,0.36363636363636365,0.09090909090909091,0.04343592239712989,-0.11944132804406526,6.863432275084772,1,1.5,1.5,1.5,HUBERT_BASE,6
7127-75947-0011_6930-75918-0004__T1__SCV3FIX__VOICE-7127_CONTENT-6930-6930-75918-0004,7127,6930,,-7.88,6,0.3333333333333333,1.0,0.3333333333333333,-0.002648831701121105,-0.03938949029344796,-19.023829542738913,1,1.0,1.0,1.0,HUBERT_BASE,6
3575-170457-0020_1320-122617-0024__T2__SCV3FIX__VOICE-1320_CONTENT-3575-3575-170457-0020,1320,3575,,13.68,14,0.0,0.0,0.0,0.09175231442602053,0.03382712047356384,39.74238096511414,0,0.0,0.0,-1.0,HUBERT_BASE,6
1320-122612-0005_8230-279154-0027__T1__SCV3FIX__VOICE-1320_CONTENT-8230-8230-279154-0027,1320,8230,,-4.53,10,0.7,0.7,0.6,-0.033109990117097185,-0.14708288426021332,-7.852891603602478,1,3.5,3.5,0.0,HUBERT_BASE,6
4992-41797-0011_5142-36377-0010__T2__SCV3FIX__VOICE-5142_CONTENT-4992-4992-41797-0011,5142,4992,,-5.92,7,0.8571428571428571,0.8571428571428571,0.8571428571428571,-0.03390585415702106,-0.11067539232155688,-7.603883513800626,1,3.0,3.0,0.0,HUBERT_BASE,6
61-70968-0037_1221-135766-0008__T1__SCV3FIX__VOICE-61_CONTENT-1221-1221-135766-0008,61,1221,,4.71,7,0.0,0.0,0.0,0.09845738932784445,0.022098596684360983,30.037961096230557,0,0.0,0.0,-1.0,HUBERT_BASE,6
6829-68769-0048_3575-170457-0009__T2__SCV3FIX__VOICE-3575_CONTENT-6829-6829-68769-0048,3575,6829,,-9.39,11,0.8181818181818182,0.8181818181818182,0.7272727272727273,-0.04411244099476836,-0.09987957276374804,-18.56829839664045,1,3.5,3.5,2.0,HUBERT_BASE,6
7127-75946-0025_2961-960-0016__T2__SCV3FIX__VOICE-2961_CONTENT-7127-7127-75946-0025,2961,7127,,-21.31,6,1.0,1.0,1.0,-0.03885454967099724,-0.06750523625401439,-29.318568664319287,1,3.0,3.0,0.0,HUBERT_BASE,6
8555-284449-0017_6829-68771-0022__T1__SCV3FIX__VOICE-8555_CONTENT-6829-6829-68771-0022,8555,6829,,4.43,6,0.3333333333333333,0.16666666666666666,0.16666666666666666,-0.01570055892768374,-0.11660873366942293,13.26100672569406,1,1.0,1.0,2.0,HUBERT_BASE,6
1089-134686-0013_3570-5695-0000__T1__SCV3FIX__VOICE-1089_CONTENT-3570-3570-5695-0000,1089,3570,,14.69,8,0.0,0.0,0.0,0.07714521036719807,0.03584028067554845,38.49598277158124,0,0.0,0.0,-1.0,HUBERT_BASE,6
7176-88083-0023_7127-75946-0022__T1__SCV3FIX__VOICE-7176_CONTENT-7127-7127-75946-0022,7176,7127,,10.3,18,0.05555555555555555,0.0,0.0,0.08343114605615384,-0.004988372523459961,32.9723857566173,0,0.0,0.0,-1.0,HUBERT_BASE,6
4992-41797-0004_5142-36377-0017__T2__SCV3FIX__VOICE-5142_CONTENT-4992-4992-41797-0004,5142,4992,,-3.38,8,0.375,0.5,0.25,0.0012694629560871251,-0.10172897597822073,2.0000318618617587,0,0.0,0.0,-1.0,HUBERT_BASE,6
7729-102255-0014_1320-122617-0023__T1__SCV3FIX__VOICE-7729_CONTENT-1320-1320-122617-0023,7729,1320,,-17.78,9,1.0,1.0,1.0,-0.12392744987178379,-0.2274602771685933,-32.61872085575694,1,4.5,4.5,0.0,HUBERT_BASE,6
8463-287645-0010_237-126133-0022__T1__SCV3FIX__VOICE-8463_CONTENT-237-237-126133-0022,8463,237,,17.39,7,0.0,0.0,0.0,0.07492080845472907,0.0317306574738353,40.1279613732987,0,0.0,0.0,-1.0,HUBERT_BASE,6
5142-33396-0010_6930-76324-0017__T2__SCV3FIX__VOICE-6930_CONTENT-5142-5142-33396-0010,6930,5142,,-15.16,5,0.8,1.0,0.8,-0.009018241735764598,-0.029898285267818014,-15.921364969532778,1,1.5,1.5,0.0,HUBERT_BASE,6
5105-28240-0007_1089-134686-0001__T2__SCV3FIX__VOICE-1089_CONTENT-5105-5105-28240-0007,1089,5105,,14.75,5,0.0,0.0,0.0,0.06571164036844272,0.024222135059380534,35.54931218815743,0,0.0,0.0,-1.0,HUBERT_BASE,6
237-126133-0019_2830-3980-0035__T2__SCV3FIX__VOICE-2830_CONTENT-237-237-126133-0019,2830,237,,10.93,5,0.0,0.0,0.0,0.09495959890072839,0.045638023894215785,42.1939599491041,0,0.0,0.0,-1.0,HUBERT_BASE,6
2300-131720-0003_672-122797-0055__T1__SCV3FIX__VOICE-2300_CONTENT-672-672-122797-0055,2300,672,,9.6,14,0.07142857142857142,0.0,0.0,0.11533504361272438,-0.0005331118405731416,30.097926068200838,0,0.0,0.0,-1.0,HUBERT_BASE,6
7729-102255-0028_6930-75918-0019__T2__SCV3FIX__VOICE-6930_CONTENT-7729-7729-102255-0028,6930,7729,,-14.29,18,1.0,1.0,1.0,-0.09231873482784679,-0.15174603158727173,-29.13302577106104,1,9.0,9.0,0.0,HUBERT_BASE,6
8555-284447-0008_3570-5695-0002__T1__SCV3FIX__VOICE-8555_CONTENT-3570-3570-5695-0002,8555,3570,,13.0,14,0.21428571428571427,0.0,0.0,0.024083466167707086,-0.06755101545653586,35.34876743942449,1,1.5,1.5,0.0,HUBERT_BASE,6
1284-1181-0002_3570-5694-0002__T2__SCV3FIX__VOICE-3570_CONTENT-1284-1284-1181-0002,3570,1284,,-21.88,6,0.8333333333333334,1.0,0.8333333333333334,-0.05660342180190823,-0.09747212930284621,-29.192508590163072,2,1.5,1.25,0.0,HUBERT_BASE,6
2961-960-0018_6930-76324-0020__T2__SCV3FIX__VOICE-6930_CONTENT-2961-2961-960-0018,6930,2961,,8.1,11,0.18181818181818182,0.0,0.0,0.050997566986727125,-0.011713748022866288,20.337484938034525,0,0.0,0.0,-1.0,HUBERT_BASE,6
7127-75947-0018_5105-28240-0016__T2__SCV3FIX__VOICE-5105_CONTENT-7127-7127-75947-0018,5105,7127,,-15.59,7,1.0,1.0,1.0,-0.07449599838848567,-0.0968248264783842,-23.173653788846313,1,3.5,3.5,0.0,HUBERT_BASE,6
7021-85628-0015_4992-41797-0013__T2__SCV3FIX__VOICE-4992_CONTENT-7021-7021-85628-0015,4992,7021,,15.96,18,0.0,0.0,0.0,0.1126469619802481,0.028664828482062088,34.56691786735209,0,0.0,0.0,-1.0,HUBERT_BASE,6
8455-210777-0025_6930-75918-0009__T1__SCV3FIX__VOICE-8455_CONTENT-6930-6930-75918-0009,8455,6930,,10.49,6,0.0,0.0,0.0,0.08761911954413056,0.05176424643966271,39.02029526570434,0,0.0,0.0,-1.0,HUBERT_BASE,6
2830-3980-0049_672-122797-0069__T2__SCV3FIX__VOICE-672_CONTENT-2830-2830-3980-0049,672,2830,,-16.94,5,1.0,1.0,1.0,-0.13099751933909454,-0.2622181720742096,-27.93248016286775,1,2.5,2.5,0.0,HUBERT_BASE,6
61-70968-0003_2830-3980-0008__T1__SCV3FIX__VOICE-61_CONTENT-2830-2830-3980-0008,61,2830,,-10.68,7,0.14285714285714285,0.7142857142857143,0.14285714285714285,0.03888066945413645,-0.01759517938475108,-0.7441880189629344,0,0.0,0.0,-1.0,HUBERT_BASE,6
61-70970-0034_4507-16021-0005__T2__SCV3FIX__VOICE-4507_CONTENT-61-61-70970-0034,4507,61,,14.61,7,0.14285714285714285,0.0,0.0,0.09099678498742692,-0.013794893060674496,30.39220604479135,0,0.0,0.0,-1.0,HUBERT_BASE,6
1320-122617-0027_4507-16021-0054__T1__SCV3FIX__VOICE-1320_CONTENT-4507-4507-16021-0054,1320,4507,,14.66,7,0.0,0.0,0.0,0.14138683543721015,0.07153326129897952,57.82751135360963,0,0.0,0.0,-1.0,HUBERT_BASE,6
1320-122617-0034_7127-75947-0007__T2__SCV3FIX__VOICE-7127_CONTENT-1320-1320-122617-0034,7127,1320,,11.41,9,0.0,0.0,0.0,0.10939209473809247,0.032619537214889416,35.9525541684557,0,0.0,0.0,-1.0,HUBERT_BASE,6
237-126133-0006_5639-40744-0018__T2__SCV3FIX__VOICE-5639_CONTENT-237-237-126133-0006,5639,237,,3.21,11,0.09090909090909091,0.2727272727272727,0.09090909090909091,0.11318702557913696,-0.020480817611810642,10.737050397747616,0,0.0,0.0,-1.0,HUBERT_BASE,6
672-122797-0072_237-134493-0011__T1__SCV3FIX__VOICE-672_CONTENT-237-237-134493-0011,672,237,,9.08,9,0.0,0.0,0.0,0.15360522853839484,0.11032283743051507,37.007689049722444,0,0.0,0.0,-1.0,HUBERT_BASE,6
2830-3980-0007_7176-88083-0000__T1__SCV3FIX__VOICE-2830_CONTENT-7176-7176-88083-0000,2830,7176,,12.92,10,0.0,0.0,0.0,0.08405588843277015,0.028402750414923017,30.09142935300149,0,0.0,0.0,-1.0,HUBERT_BASE,6
7127-75947-0028_2300-131720-0014__T1__SCV3FIX__VOICE-7127_CONTENT-2300-2300-131720-0014,7127,2300,,4.61,6,0.16666666666666666,0.0,0.0,0.04576043474614785,-0.03139841192468884,21.874067151603196,0,0.0,0.0,-1.0,HUBERT_BASE,6
908-157963-0012_8463-294828-0010__T2__SCV3FIX__VOICE-8463_CONTENT-908-908-157963-0012,8463,908,,5.46,14,0.14285714285714285,0.0,0.0,0.07117942283698174,-0.012007468275596955,19.645558845679837,0,0.0,0.0,-1.0,HUBERT_BASE,6
1284-134647-0006_8455-210777-0067__T1__SCV3FIX__VOICE-1284_CONTENT-8455-8455-210777-0067,1284,8455,,-13.45,6,0.8333333333333334,0.8333333333333334,0.8333333333333334,-0.08310818756295545,-0.18463397870967846,-21.705612546777335,1,2.5,2.5,0.0,HUBERT_BASE,6
7127-75946-0029_6829-68771-0011__T1__SCV3FIX__VOICE-7127_CONTENT-6829-6829-68771-0011,7127,6829,,9.34,10,0.0,0.0,0.0,0.11023286785349876,0.05290246132605758,43.109709978883636,0,0.0,0.0,-1.0,HUBERT_BASE,6
61-70968-0013_8555-284449-0003__T2__SCV3FIX__VOICE-8555_CONTENT-61-61-70968-0013,8555,61,,-21.95,7,1.0,1.0,1.0,-0.14136697164818576,-0.17834527006760414,-38.98949561308094,1,3.5,3.5,0.0,HUBERT_BASE,6
8230-279154-0005_2300-131720-0038__T1__SCV3FIX__VOICE-8230_CONTENT-2300-2300-131720-0038,8230,2300,,-4.13,10,1.0,1.0,1.0,-0.05895467931538122,-0.08531534230516524,-13.422592453024183,1,5.0,5.0,0.0,HUBERT_BASE,6
3729-6852-0013_4992-41797-0014__T1__SCV3FIX__VOICE-3729_CONTENT-4992-4992-41797-0014,3729,4992,,-13.22,5,1.0,1.0,1.0,-0.04376814708124854,-0.07734704784993707,-21.484028384908754,1,2.5,2.5,0.0,HUBERT_BASE,6
908-157963-0009_61-70968-0013__T1__SCV3FIX__VOICE-908_CONTENT-61-61-70968-0013,908,61,,9.79,7,0.0,0.0,0.0,0.08644018186320719,0.04548751707934695,24.528415278414183,0,0.0,0.0,-1.0,HUBERT_BASE,6
908-157963-0004_7021-79740-0002__T2__SCV3FIX__VOICE-7021_CONTENT-908-908-157963-0004,7021,908,,10.87,17,0.0,0.0,0.0,0.09097241783004842,0.014431535909031679,35.28150861257638,0,0.0,0.0,-1.0,HUBERT_BASE,6
672-122797-0054_2830-3980-0038__T2__SCV3FIX__VOICE-2830_CONTENT-672-672-122797-0054,2830,672,,6.1,7,0.0,0.0,0.0,0.10203160584477299,0.01453459320411643,30.539098543157603,0,0.0,0.0,-1.0,HUBERT_BASE,6
5105-28241-0009_4507-16021-0049__T2__SCV3FIX__VOICE-4507_CONTENT-5105-5105-28241-0009,4507,5105,,-31.52,10,1.0,1.0,1.0,-0.07001728237441493,-0.12749047635987065,-38.10576992462617,1,5.0,5.0,0.0,HUBERT_BASE,6
1320-122617-0004_4507-16021-0005__T1__SCV3FIX__VOICE-1320_CONTENT-4507-4507-16021-0005,1320,4507,,13.72,7,0.0,0.0,0.0,0.12927696805295166,0.041065575318709246,49.842656359820516,0,0.0,0.0,-1.0,HUBERT_BASE,6
4507-16021-0045_8555-284449-0012__T1__SCV3FIX__VOICE-4507_CONTENT-8555-8555-284449-0012,4507,8555,,-10.37,8,0.625,1.0,0.625,0.009618430307592463,-0.060898188672400266,-8.673556530252675,2,1.5,1.25,0.0,HUBERT_BASE,6
8455-210777-0019_61-70968-0051__T2__SCV3FIX__VOICE-61_CONTENT-8455-8455-210777-0019,61,8455,,14.06,5,0.2,0.0,0.0,0.05017451237277828,-0.031897603827532595,23.883667577126996,0,0.0,0.0,-1.0,HUBERT_BASE,6
6829-68769-0032_2830-3980-0063__T1__SCV3FIX__VOICE-6829_CONTENT-2830-2830-3980-0063,6829,2830,,-22.78,9,1.0,1.0,1.0,-0.12576076509900797,-0.19008994855322525,-38.47623603010056,1,4.5,4.5,0.0,HUBERT_BASE,6
121-127105-0026_4446-2275-0029__T1__SCV3FIX__VOICE-121_CONTENT-4446-4446-2275-0029,121,4446,,-6.72,11,0.7272727272727273,0.8181818181818182,0.6363636363636364,-0.03689403001979568,-0.17979758419741043,-11.914486020931399,2,2.0,1.75,0.5,HUBERT_BASE,6
1320-122617-0027_4507-16021-0054__T2__SCV3FIX__VOICE-4507_CONTENT-1320-1320-122617-0027,4507,1320,,-22.9,7,1.0,1.0,1.0,-0.1391494703351594,-0.21749720538463968,-51.17370416087876,1,3.5,3.5,0.0,HUBERT_BASE,6
1320-122612-0003_7176-88083-0025__T1__SCV3FIX__VOICE-1320_CONTENT-7176-7176-88083-0025,1320,7176,,12.53,13,0.3076923076923077,0.0,0.0,0.033180087247762564,-0.07863188988821868,16.40255286970371,1,1.5,1.5,1.0,HUBERT_BASE,6
5105-28241-0019_4446-2273-0022__T2__SCV3FIX__VOICE-4446_CONTENT-5105-5105-28241-0019,4446,5105,,-30.01,9,1.0,1.0,1.0,-0.11081043189718837,-0.2654300875029827,-39.71889071286885,1,4.5,4.5,0.0,HUBERT_BASE,6
3570-5696-0007_260-123286-0016__T2__SCV3FIX__VOICE-260_CONTENT-3570-3570-5696-0007,260,3570,,13.32,13,0.0,0.0,0.0,0.08196527171000818,0.043602344479823585,30.881503839935895,0,0.0,0.0,-1.0,HUBERT_BASE,6
237-134500-0015_2300-131720-0018__T2__SCV3FIX__VOICE-2300_CONTENT-237-237-134500-0015,2300,237,,12.66,20,0.0,0.0,0.0,0.08654405736942519,0.01525681545144919,37.06249313686203,0,0.0,0.0,-1.0,HUBERT_BASE,6
4970-29095-0029_1995-1826-0002__T1__SCV3FIX__VOICE-4970_CONTENT-1995-1995-1826-0002,4970,1995,,-26.36,6,1.0,1.0,1.0,-0.05576328356505308,-0.08175289467384106,-44.00520290421321,1,3.0,3.0,0.0,HUBERT_BASE,6
7176-92135-0044_61-70970-0039__T1__SCV3FIX__VOICE-7176_CONTENT-61-61-70970-0039,7176,61,,-8.27,9,0.7777777777777778,1.0,0.7777777777777778,-0.030024424374204422,-0.10710789004051946,-16.70234649620353,1,3.0,3.0,0.0,HUBERT_BASE,6
4507-16021-0049_260-123286-0007__T2__SCV3FIX__VOICE-260_CONTENT-4507-4507-16021-0049,260,4507,,10.48,8,0.0,0.0,0.0,0.08489735869677371,0.026484134440521445,32.98087980266463,0,0.0,0.0,-1.0,HUBERT_BASE,6
5142-33396-0057_1580-141083-0009__T2__SCV3FIX__VOICE-1580_CONTENT-5142-5142-33396-0057,1580,5142,,-20.56,5,1.0,1.0,1.0,-0.06647807298000938,-0.10725606046336156,-37.6378583579375,1,2.5,2.5,0.0,HUBERT_BASE,6
7021-79740-0007_260-123286-0029__T1__SCV3FIX__VOICE-7021_CONTENT-260-260-123286-0029,7021,260,,7.21,8,0.75,0.0,0.0,-0.024896928688012562,-0.1134697243807079,10.948866835584116,1,3.0,3.0,0.5,HUBERT_BASE,6
4077-13751-0014_1320-122612-0009__T2__SCV3FIX__VOICE-1320_CONTENT-4077-4077-13751-0014,1320,4077,,8.76,6,0.0,0.0,0.0,0.07091714963535357,0.009706079765747888,25.704862914821856,0,0.0,0.0,-1.0,HUBERT_BASE,6
7127-75947-0029_3570-5695-0014__T2__SCV3FIX__VOICE-3570_CONTENT-7127-7127-75947-0029,3570,7127,,-37.52,9,1.0,1.0,1.0,-0.10243935796172139,-0.20443379258346106,-51.20093052599186,1,4.5,4.5,0.0,HUBERT_BASE,6
8463-294828-0037_4970-29095-0024__T1__SCV3FIX__VOICE-8463_CONTENT-4970-4970-29095-0024,8463,4970,,8.09,9,0.1111111111111111,0.0,0.0,0.06412201609827728,-0.014601353381060167,20.051327960398257,0,0.0,0.0,-1.0,HUBERT_BASE,6
7127-75946-0004_2961-960-0013__T2__SCV3FIX__VOICE-2961_CONTENT-7127-7127-75946-0004,2961,7127,,-16.79,7,0.7142857142857143,0.5714285714285714,0.5714285714285714,-0.01436203757370461,-0.06931728625318712,-8.742697762953414,1,2.0,2.0,1.5,HUBERT_BASE,6
4446-2275-0013_6930-81414-0023__T2__SCV3FIX__VOICE-6930_CONTENT-4446-4446-2275-0013,6930,4446,,9.69,6,0.0,0.0,0.0,0.09295566732854642,0.03599512154791362,26.55241729224497,0,0.0,0.0,-1.0,HUBERT_BASE,6
4446-2273-0024_260-123440-0007__T2__SCV3FIX__VOICE-260_CONTENT-4446-4446-2273-0024,260,4446,,10.62,5,0.0,0.0,0.0,0.04032732503658143,0.0070076587591337836,25.908083822141414,0,0.0,0.0,-1.0,HUBERT_BASE,6
2830-3980-0005_5142-33396-0003__T1__SCV3FIX__VOICE-2830_CONTENT-5142-5142-33396-0003,2830,5142,,15.1,5,0.0,0.0,0.0,0.1351128950032263,0.06644660101558097,33.906733038602425,0,0.0,0.0,-1.0,HUBERT_BASE,6
4446-2273-0023_6930-81414-0020__T2__SCV3FIX__VOICE-6930_CONTENT-4446-4446-2273-0023,6930,4446,,11.39,9,0.0,0.0,0.0,0.06987464681885117,0.022743165043913383,30.562811628932145,0,0.0,0.0,-1.0,HUBERT_BASE,6
8463-287645-0009_1284-1181-0008__T1__SCV3FIX__VOICE-8463_CONTENT-1284-1284-1181-0008,8463,1284,,-0.71,6,0.5,0.5,0.3333333333333333,0.015193971984566493,-0.05194824830109246,-0.41281747169833416,1,1.0,1.0,1.0,HUBERT_BASE,6
5105-28241-0003_1995-1826-0005__T1__SCV3FIX__VOICE-5105_CONTENT-1995-1995-1826-0005,5105,1995,,18.27,6,0.0,0.0,0.0,0.1232766972347955,0.06871342439215244,35.69625093203098,0,0.0,0.0,-1.0,HUBERT_BASE,6
908-157963-0027_5105-28240-0008__T2__SCV3FIX__VOICE-5105_CONTENT-908-908-157963-0027,5105,908,,-22.77,9,0.8888888888888888,1.0,0.8888888888888888,-0.0839073970544363,-0.2674496703560293,-30.019998759808395,2,2.5,2.0,0.0,HUBERT_BASE,6
7729-102255-0019_1188-133604-0017__T2__SCV3FIX__VOICE-1188_CONTENT-7729-7729-102255-0019,1188,7729,,-10.57,8,0.5,1.0,0.5,-0.00500909412242298,-0.1323967111330302,-15.310896690765158,1,1.5,1.5,0.0,HUBERT_BASE,6
5639-40744-0025_8463-294825-0016__T1__SCV3FIX__VOICE-5639_CONTENT-8463-8463-294825-0016,5639,8463,,12.26,7,0.0,0.0,0.0,0.11171393669376366,0.0727995103370721,36.57936850630979,0,0.0,0.0,-1.0,HUBERT_BASE,6
1284-1180-0013_1089-134691-0006__T2__SCV3FIX__VOICE-1089_CONTENT-1284-1284-1180-0013,1089,1284,,7.41,6,0.0,0.0,0.0,0.14114500039986302,0.0799067564879169,32.7181152929482,0,0.0,0.0,-1.0,HUBERT_BASE,6
5142-33396-0051_672-122797-0060__T2__SCV3FIX__VOICE-672_CONTENT-5142-5142-33396-0051,672,5142,,7.95,5,0.0,0.0,0.0,0.11960337373434801,0.07828420710661332,28.920576952864884,0,0.0,0.0,-1.0,HUBERT_BASE,6
1221-135766-0006_7176-92135-0040__T1__SCV3FIX__VOICE-1221_CONTENT-7176-7176-92135-0040,1221,7176,,-18.81,19,1.0,1.0,1.0,-0.1003822417590662,-0.1622429538655772,-35.45249938666301,1,9.5,9.5,0.0,HUBERT_BASE,6
2961-960-0015_8555-284449-0001__T2__SCV3FIX__VOICE-8555_CONTENT-2961-2961-960-0015,8555,2961,,0.17,14,0.6428571428571429,0.5,0.42857142857142855,-0.011876365888464429,-0.18326465497593258,-1.7225715001806086,1,3.5,3.5,3.5,HUBERT_BASE,6
908-31957-0024_5142-36586-0004__T2__SCV3FIX__VOICE-5142_CONTENT-908-908-31957-0024,5142,908,,-27.55,5,1.0,1.0,1.0,-0.06086225721100804,-0.11304903478122197,-45.08797938761626,1,2.5,2.5,0.0,HUBERT_BASE,6
3575-170457-0044_6930-81414-0021__T2__SCV3FIX__VOICE-6930_CONTENT-3575-3575-170457-0044,6930,3575,,14.86,5,0.0,0.0,0.0,0.1220317400898693,0.07828659062207621,43.42635087382629,0,0.0,0.0,-1.0,HUBERT_BASE,6
7127-75947-0001_7176-92135-0039__T1__SCV3FIX__VOICE-7127_CONTENT-7176-7176-92135-0039,7127,7176,,-13.17,5,1.0,1.0,1.0,-0.03924486674719916,-0.07989525635192407,-12.777695508715544,1,2.5,2.5,0.0,HUBERT_BASE,6
4446-2271-0024_1284-1180-0009__T2__SCV3FIX__VOICE-1284_CONTENT-4446-4446-2271-0024,1284,4446,,-34.69,5,1.0,1.0,1.0,-0.08507185382804527,-0.13401801627571386,-42.99044067926739,1,2.5,2.5,0.0,HUBERT_BASE,6
61-70968-0023_260-123286-0023__T2__SCV3FIX__VOICE-260_CONTENT-61-61-70968-0023,260,61,,-20.62,9,0.6666666666666666,1.0,0.6666666666666666,-0.04856886764018187,-0.1324492666457534,-20.575916029747063,2,2.0,1.5,0.0,HUBERT_BASE,6
6829-68771-0032_7729-102255-0019__T2__SCV3FIX__VOICE-7729_CONTENT-6829-6829-68771-0032,7729,6829,,9.02,12,0.0,0.0,0.0,0.1123548822529874,0.051770745672501395,33.23347208065332,0,0.0,0.0,-1.0,HUBERT_BASE,6
2300-131720-0006_6930-81414-0015__T1__SCV3FIX__VOICE-2300_CONTENT-6930-6930-81414-0015,2300,6930,,9.95,6,0.0,0.0,0.0,0.07177032625064443,0.022408484964427933,38.83456963252226,0,0.0,0.0,-1.0,HUBERT_BASE,6
7021-79740-0007_8555-284447-0018__T1__SCV3FIX__VOICE-7021_CONTENT-8555-8555-284447-0018,7021,8555,,15.02,9,0.0,0.0,0.0,0.12270454123120324,0.03298002415500523,40.41329566016039,0,0.0,0.0,-1.0,HUBERT_BASE,6
8455-210777-0039_1580-141083-0033__T1__SCV3FIX__VOICE-8455_CONTENT-1580-1580-141083-0033,8455,1580,,14.61,10,0.0,0.0,0.0,0.08599099254230619,0.03744814112064443,34.69781442184471,0,0.0,0.0,-1.0,HUBERT_BASE,6
8455-210777-0065_1089-134691-0015__T1__SCV3FIX__VOICE-8455_CONTENT-1089-1089-134691-0015,8455,1089,,-18.7,4,0.5,1.0,0.5,-0.024134044970267166,-0.08507270924902233,-22.989342411160735,0,0.0,0.0,-1.0,HUBERT_BASE,6
4446-2273-0025_4992-41797-0002__T1__SCV3FIX__VOICE-4446_CONTENT-4992-4992-41797-0002,4446,4992,,-24.38,8,1.0,1.0,1.0,-0.06619596470806123,-0.10360401661612162,-33.31624558303434,1,4.0,4.0,0.0,HUBERT_BASE,6
2300-131720-0014_2094-142345-0035__T1__SCV3FIX__VOICE-2300_CONTENT-2094-2094-142345-0035,2300,2094,,8.25,6,0.0,0.0,0.0,0.075524324273886,0.04720300968186564,25.473583995131225,0,0.0,0.0,-1.0,HUBERT_BASE,6
8555-284447-0018_5683-32879-0001__T2__SCV3FIX__VOICE-5683_CONTENT-8555-8555-284447-0018,5683,8555,,12.45,6,0.0,0.0,0.0,0.06264458108647238,0.025671663446983572,30.984974507998995,0,0.0,0.0,-1.0,HUBERT_BASE,6
7176-88083-0013_672-122797-0058__T1__SCV3FIX__VOICE-7176_CONTENT-672-672-122797-0058,7176,672,,-6.65,7,0.0,0.42857142857142855,0.0,0.09246486733480173,0.035343944319518816,4.0261565603514216,0,0.0,0.0,-1.0,HUBERT_BASE,6
1580-141084-0042_8455-210777-0053__T2__SCV3FIX__VOICE-8455_CONTENT-1580-1580-141084-0042,8455,1580,,13.4,9,0.0,0.0,0.0,0.08121936386023783,0.031921267613871374,35.78586474490327,0,0.0,0.0,-1.0,HUBERT_BASE,6
4970-29095-0036_1089-134686-0001__T1__SCV3FIX__VOICE-4970_CONTENT-1089-1089-134686-0001,4970,1089,,-15.25,5,1.0,1.0,1.0,-0.06355074790569819,-0.10553980123576379,-31.05620588601378,1,2.5,2.5,0.0,HUBERT_BASE,6
1995-1837-0001_672-122797-0001__T2__SCV3FIX__VOICE-672_CONTENT-1995-1995-1837-0001,672,1995,,16.18,14,0.0,0.0,0.0,0.1416928254496257,0.06402563951678963,43.66800290070156,0,0.0,0.0,-1.0,HUBERT_BASE,6
1580-141083-0025_672-122797-0013__T1__SCV3FIX__VOICE-1580_CONTENT-672-672-122797-0013,1580,672,,-23.25,6,1.0,1.0,1.0,-0.12512437211575772,-0.14843983930775684,-44.330439664166654,1,3.0,3.0,0.0,HUBERT_BASE,6
1284-1180-0023_5142-36377-0013__T2__SCV3FIX__VOICE-5142_CONTENT-1284-1284-1180-0023,5142,1284,,13.14,10,0.0,0.0,0.0,0.06864838440108724,0.015995323338083067,38.656054651800005,0,0.0,0.0,-1.0,HUBERT_BASE,6
7176-92135-0042_1580-141084-0015__T2__SCV3FIX__VOICE-1580_CONTENT-7176-7176-92135-0042,1580,7176,,-26.88,5,1.0,1.0,1.0,-0.0742830054587655,-0.13220023580068685,-42.07666475387147,1,2.5,2.5,0.0,HUBERT_BASE,6
4970-29093-0018_1221-135766-0002__T2__SCV3FIX__VOICE-1221_CONTENT-4970-4970-29093-0018,1221,4970,,-11.47,8,1.0,1.0,1.0,-0.048902832392321904,-0.09380566886210684,-18.188580279806185,1,4.0,4.0,0.0,HUBERT_BASE,6
121-121726-0002_260-123286-0011__T1__SCV3FIX__VOICE-121_CONTENT-260-260-123286-0011,121,260,,-22.69,7,1.0,1.0,1.0,-0.1622690012185099,-0.24974092425680694,-34.471508051093245,1,3.5,3.5,0.0,HUBERT_BASE,6
1320-122612-0005_908-157963-0028__T1__SCV3FIX__VOICE-1320_CONTENT-908-908-157963-0028,1320,908,,-2.92,8,0.625,0.625,0.375,-0.012002863810105818,-0.09815548613164904,-5.748313153362801,2,1.5,1.25,0.0,HUBERT_BASE,6
7021-85628-0008_5142-33396-0002__T1__SCV3FIX__VOICE-7021_CONTENT-5142-5142-33396-0002,7021,5142,,6.63,6,0.0,0.0,0.0,0.10249136060912377,0.02425939661278098,39.75563468707923,0,0.0,0.0,-1.0,HUBERT_BASE,6
237-134493-0016_7176-92135-0005__T2__SCV3FIX__VOICE-7176_CONTENT-237-237-134493-0016,7176,237,,11.56,9,0.0,0.0,0.0,0.07631845727297165,0.04947918849448729,39.25394005424095,0,0.0,0.0,-1.0,HUBERT_BASE,6
4992-23283-0010_6829-68769-0033__T2__SCV3FIX__VOICE-6829_CONTENT-4992-4992-23283-0010,6829,4992,,5.51,7,0.14285714285714285,0.0,0.0,0.03213191048442375,-0.05571770888697791,22.306710615074355,0,0.0,0.0,-1.0,HUBERT_BASE,6
6930-75918-0000_8463-294825-0008__T1__SCV3FIX__VOICE-6930_CONTENT-8463-8463-294825-0008,6930,8463,,9.85,6,0.0,0.0,0.0,0.09856007070406625,0.05169745450747609,32.217274907530445,0,0.0,0.0,-1.0,HUBERT_BASE,6
1995-1826-0007_1284-1180-0000__T1__SCV3FIX__VOICE-1995_CONTENT-1284-1284-1180-0000,1995,1284,,-1.49,13,0.9230769230769231,0.7692307692307693,0.7692307692307693,-0.05257562635107516,-0.16319699092473539,-8.12750132271435,2,5.0,3.0,0.0,HUBERT_BASE,6
6829-68769-0010_1320-122612-0013__T2__SCV3FIX__VOICE-1320_CONTENT-6829-6829-68769-0010,1320,6829,,8.98,5,0.0,0.0,0.0,0.12778700621351097,0.07891529640677097,40.25985933146869,0,0.0,0.0,-1.0,HUBERT_BASE,6
237-134493-0013_8463-294825-0015__T2__SCV3FIX__VOICE-8463_CONTENT-237-237-134493-0013,8463,237,,12.62,5,0.0,0.0,0.0,0.05765773140463848,0.03018242240279212,29.75774348874595,0,0.0,0.0,-1.0,HUBERT_BASE,6
2830-3980-0070_3570-5694-0005__T1__SCV3FIX__VOICE-2830_CONTENT-3570-3570-5694-0005,2830,3570,,14.8,6,0.0,0.0,0.0,0.06658189847476918,0.040707587381649035,37.96643848448631,0,0.0,0.0,-1.0,HUBERT_BASE,6
6829-68771-0014_2830-3980-0025__T1__SCV3FIX__VOICE-6829_CONTENT-2830-2830-3980-0025,6829,2830,,-22.71,8,1.0,1.0,1.0,-0.12722531564688394,-0.21064145207178064,-36.10604207774843,1,4.0,4.0,0.0,HUBERT_BASE,6
4446-2273-0008_260-123440-0009__T1__SCV3FIX__VOICE-4446_CONTENT-260-260-123440-0009,4446,260,,-28.02,5,1.0,1.0,1.0,-0.05907829189298382,-0.08307248561895031,-43.85174781376777,1,2.5,2.5,0.0,HUBERT_BASE,6
2961-961-0018_8555-284447-0004__T1__SCV3FIX__VOICE-2961_CONTENT-8555-8555-284447-0004,2961,8555,,10.5,9,0.0,0.0,0.0,0.0959654099895777,0.04997933108860553,39.028783916158446,0,0.0,0.0,-1.0,HUBERT_BASE,6
4507-16021-0002_4077-13751-0001__T1__SCV3FIX__VOICE-4507_CONTENT-4077-4077-13751-0001,4507,4077,,-28.32,5,1.0,1.0,1.0,-0.1300563057075122,-0.26503456358081934,-32.79580031321137,1,2.5,2.5,0.0,HUBERT_BASE,6
3575-170457-0051_1284-1181-0006__T2__SCV3FIX__VOICE-1284_CONTENT-3575-3575-170457-0051,1284,3575,,2.7,8,0.25,0.25,0.25,0.021811172160702552,-0.025808338283039522,20.687745480378293,1,1.0,1.0,0.0,HUBERT_BASE,6
4446-2271-0016_1284-1180-0000__T2__SCV3FIX__VOICE-1284_CONTENT-4446-4446-2271-0016,1284,4446,,-22.27,15,0.9333333333333333,1.0,0.9333333333333333,-0.05831583582291223,-0.14819635430969336,-24.71239194011561,2,5.5,3.5,0.0,HUBERT_BASE,6
3575-170457-0003_7127-75947-0025__T1__SCV3FIX__VOICE-3575_CONTENT-7127-7127-75947-0025,3575,7127,,-29.51,10,1.0,1.0,1.0,-0.12171162832764755,-0.19836976111994198,-39.33376499905726,1,5.0,5.0,0.0,HUBERT_BASE,6
5142-36377-0009_1284-1180-0007__T1__SCV3FIX__VOICE-5142_CONTENT-1284-1284-1180-0007,5142,1284,,-10.48,9,0.4444444444444444,0.7777777777777778,0.4444444444444444,0.017014759430151308,-0.05427748179823044,-17.817964833893743,1,1.0,1.0,0.0,HUBERT_BASE,6
8555-284447-0009_260-123440-0012__T1__SCV3FIX__VOICE-8555_CONTENT-260-260-123440-0012,8555,260,,-17.98,5,1.0,1.0,1.0,-0.07589612031786075,-0.10745531105661277,-35.33947635320741,1,2.5,2.5,0.0,HUBERT_BASE,6
4507-16021-0037_1580-141084-0024__T1__SCV3FIX__VOICE-4507_CONTENT-1580-1580-141084-0024,4507,1580,,3.92,9,0.1111111111111111,0.0,0.0,0.044204315075238,-0.025743723935220397,33.684169638058876,0,0.0,0.0,-1.0,HUBERT_BASE,6
5105-28241-0013_8555-284449-0007__T2__SCV3FIX__VOICE-8555_CONTENT-5105-5105-28241-0013,8555,5105,,-20.22,8,1.0,1.0,1.0,-0.09692361369823396,-0.11366301547652613,-42.60240973731045,1,4.0,4.0,0.0,HUBERT_BASE,6
1221-135767-0014_1089-134691-0023__T2__SCV3FIX__VOICE-1089_CONTENT-1221-1221-135767-0014,1089,1221,,8.51,13,0.0,0.0,0.0,0.10594037439467317,0.06828874831416998,35.57889110543458,0,0.0,0.0,-1.0,HUBERT_BASE,6
2961-960-0017_7729-102255-0014__T2__SCV3FIX__VOICE-7729_CONTENT-2961-2961-960-0017,7729,2961,,11.28,9,0.0,0.0,0.0,0.09985045414964186,0.05215639082524837,33.463080370671406,0,0.0,0.0,-1.0,HUBERT_BASE,6
2300-131720-0006_6930-81414-0015__T2__SCV3FIX__VOICE-6930_CONTENT-2300-2300-131720-0006,6930,2300,,-19.49,6,1.0,1.0,1.0,-0.0732990371547081,-0.13371539490333406,-39.241707375853004,1,3.0,3.0,0.0,HUBERT_BASE,6
672-122797-0034_61-70968-0026__T2__SCV3FIX__VOICE-61_CONTENT-672-672-122797-0034,61,672,,6.4,8,0.0,0.0,0.0,0.11847418017155911,0.07116192684586331,26.593794027470953,0,0.0,0.0,-1.0,HUBERT_BASE,6
6829-68771-0004_2961-961-0000__T2__SCV3FIX__VOICE-2961_CONTENT-6829-6829-68771-0004,2961,6829,,-1.85,8,0.125,0.0,0.0,0.05016928405480753,-0.01666290018886407,20.192330770619762,0,0.0,0.0,-1.0,HUBERT_BASE,6
4970-29095-0002_672-122797-0048__T2__SCV3FIX__VOICE-672_CONTENT-4970-4970-29095-0002,672,4970,,-4.58,8,0.5,0.5,0.5,-0.01773584842525705,-0.2119808154625321,1.7959548838712038,1,2.0,2.0,2.0,HUBERT_BASE,6
1995-1837-0013_7176-92135-0009__T1__SCV3FIX__VOICE-1995_CONTENT-7176-7176-92135-0009,1995,7176,,-29.26,5,1.0,1.0,1.0,-0.12115433682299555,-0.13786997278638413,-46.9208109595982,1,2.5,2.5,0.0,HUBERT_BASE,6
8463-294825-0002_1188-133604-0000__T2__SCV3FIX__VOICE-1188_CONTENT-8463-8463-294825-0002,1188,8463,,15.95,18,0.0,0.0,0.0,0.09945452049112119,0.005313396664292647,50.07043266170533,0,0.0,0.0,-1.0,HUBERT_BASE,6
61-70970-0026_6829-68769-0028__T2__SCV3FIX__VOICE-6829_CONTENT-61-61-70970-0026,6829,61,,-15.73,5,1.0,1.0,1.0,-0.0970013945507872,-0.13411878963749002,-27.38977813023892,1,2.5,2.5,0.0,HUBERT_BASE,6
5142-36377-0006_61-70968-0045__T2__SCV3FIX__VOICE-61_CONTENT-5142-5142-36377-0006,61,5142,,9.05,5,0.0,0.0,0.0,0.09112092409796195,0.04477864681204713,25.083007951615578,0,0.0,0.0,-1.0,HUBERT_BASE,6
4992-41797-0008_6930-76324-0009__T2__SCV3FIX__VOICE-6930_CONTENT-4992-4992-41797-0008,6930,4992,,18.25,5,0.0,0.0,0.0,0.08555199015620732,0.04736161137271411,32.40258824193984,0,0.0,0.0,-1.0,HUBERT_BASE,6
5683-32879-0018_8455-210777-0061__T2__SCV3FIX__VOICE-8455_CONTENT-5683-5683-32879-0018,8455,5683,,9.66,13,0.0,0.0,0.0,0.1123679429662589,0.056760908972184665,40.22515726067997,0,0.0,0.0,-1.0,HUBERT_BASE,6
8455-210777-0067_2830-3979-0009__T2__SCV3FIX__VOICE-2830_CONTENT-8455-8455-210777-0067,2830,8455,,9.39,6,0.0,0.0,0.0,0.1171817655510654,0.02992052777305476,36.627549529435456,0,0.0,0.0,-1.0,HUBERT_BASE,6
8230-279154-0005_2300-131720-0038__T2__SCV3FIX__VOICE-2300_CONTENT-8230-8230-279154-0005,2300,8230,,-1.36,10,0.0,0.2,0.0,0.07187121975298913,0.0141565813757778,13.128975805209402,0,0.0,0.0,-1.0,HUBERT_BASE,6
7021-79759-0000_7729-102255-0016__T2__SCV3FIX__VOICE-7729_CONTENT-7021-7021-79759-0000,7729,7021,,11.89,8,0.0,0.0,0.0,0.12050959805248293,0.01683127245679228,18.919842702618134,0,0.0,0.0,-1.0,HUBERT_BASE,6
7127-75947-0033_1089-134691-0007__T2__SCV3FIX__VOICE-1089_CONTENT-7127-7127-75947-0033,1089,7127,,10.87,5,0.0,0.0,0.0,0.08097345211809985,0.03199381519650135,25.735139232290596,0,0.0,0.0,-1.0,HUBERT_BASE,6
6930-75918-0004_4446-2273-0035__T1__SCV3FIX__VOICE-6930_CONTENT-4446-4446-2273-0035,6930,4446,,1.21,11,0.18181818181818182,0.2727272727272727,0.18181818181818182,0.05905724139068749,-0.05300586980051558,8.681132083808729,1,1.0,1.0,2.0,HUBERT_BASE,6
121-127105-0031_5142-33396-0046__T2__SCV3FIX__VOICE-5142_CONTENT-121-121-127105-0031,5142,121,,-24.8,6,1.0,1.0,1.0,-0.08950589962701366,-0.17249750746008397,-29.723223357841277,1,3.0,3.0,0.0,HUBERT_BASE,6
6930-76324-0000_1580-141083-0042__T1__SCV3FIX__VOICE-6930_CONTENT-1580-1580-141083-0042,6930,1580,,11.95,5,0.0,0.0,0.0,0.07602601194382472,0.01855957581591694,29.78200138081313,0,0.0,0.0,-1.0,HUBERT_BASE,6
260-123286-0016_3575-170457-0009__T2__SCV3FIX__VOICE-3575_CONTENT-260-260-123286-0016,3575,260,,-18.72,12,1.0,1.0,1.0,-0.10466997857456424,-0.1574228970514322,-36.98662144891813,1,6.0,6.0,0.0,HUBERT_BASE,6
908-157963-0012_4446-2271-0011__T1__SCV3FIX__VOICE-908_CONTENT-4446-4446-2271-0011,908,4446,,11.79,6,0.0,0.0,0.0,0.09784994607937068,0.04859584472739342,31.15605597400219,0,0.0,0.0,-1.0,HUBERT_BASE,6
7021-85628-0015_61-70968-0035__T1__SCV3FIX__VOICE-7021_CONTENT-61-61-70968-0035,7021,61,,-7.73,14,0.8571428571428571,0.8571428571428571,0.7857142857142857,-0.096647705589379,-0.23994376173993837,-11.634968008456509,2,5.0,3.0,0.5,HUBERT_BASE,6
8555-284447-0002_6829-68769-0024__T1__SCV3FIX__VOICE-8555_CONTENT-6829-6829-68769-0024,8555,6829,,4.27,8,0.75,0.375,0.375,-0.0571274930041816,-0.13828124300094113,0.27019800992535714,2,2.0,1.5,0.0,HUBERT_BASE,6
2300-131720-0009_908-157963-0010__T2__SCV3FIX__VOICE-908_CONTENT-2300-2300-131720-0009,908,2300,,-0.19,11,0.6363636363636364,0.36363636363636365,0.36363636363636365,-0.06711141042797747,-0.34763635581665964,-0.30573961508079606,1,3.5,3.5,0.0,HUBERT_BASE,6
260-123286-0026_1580-141083-0025__T2__SCV3FIX__VOICE-1580_CONTENT-260-260-123286-0026,1580,260,,-22.66,6,1.0,1.0,1.0,-0.09948987026983346,-0.18689084793214117,-44.71285728859929,1,3.0,3.0,0.0,HUBERT_BASE,6
5105-28241-0016_7176-92135-0034__T2__SCV3FIX__VOICE-7176_CONTENT-5105-5105-28241-0016,7176,5105,,-7.06,7,0.7142857142857143,1.0,0.7142857142857143,-0.014568329281593129,-0.07928824266167167,-12.89402849594714,1,2.0,2.0,1.5,HUBERT_BASE,6
1221-135767-0024_2094-142345-0028__T1__SCV3FIX__VOICE-1221_CONTENT-2094-2094-142345-0028,1221,2094,,7.61,10,0.0,0.0,0.0,0.09781872522849563,0.052650213175075455,21.168419787523714,0,0.0,0.0,-1.0,HUBERT_BASE,6
1995-1837-0004_5639-40744-0007__T2__SCV3FIX__VOICE-5639_CONTENT-1995-1995-1837-0004,5639,1995,,17.67,9,0.0,0.0,0.0,0.11838397892383733,0.07882707642429554,41.60542735973158,0,0.0,0.0,-1.0,HUBERT_BASE,6
2094-142345-0048_121-127105-0029__T2__SCV3FIX__VOICE-121_CONTENT-2094-2094-142345-0048,121,2094,,4.34,11,0.2727272727272727,0.18181818181818182,0.09090909090909091,0.03072555547955365,-0.050742130973800426,15.795778689189738,1,1.0,1.0,1.5,HUBERT_BASE,6
908-31957-0005_8555-292519-0008__T2__SCV3FIX__VOICE-8555_CONTENT-908-908-31957-0005,8555,908,,6.43,7,0.0,0.0,0.0,0.1260919688857578,0.03468656884039967,30.386723643931184,0,0.0,0.0,-1.0,HUBERT_BASE,6
4992-41797-0002_1089-134691-0002__T2__SCV3FIX__VOICE-1089_CONTENT-4992-4992-41797-0002,1089,4992,,9.16,10,0.0,0.0,0.0,0.1312716255053658,0.03707128689056283,38.10492059183351,0,0.0,0.0,-1.0,HUBERT_BASE,6
5142-36377-0003_1221-135767-0010__T1__SCV3FIX__VOICE-5142_CONTENT-1221-1221-135767-0010,5142,1221,,12.06,6,0.0,0.0,0.0,0.07252856113842177,0.044651689691422636,35.806066408937845,0,0.0,0.0,-1.0,HUBERT_BASE,6
6829-68771-0014_260-123288-0004__T2__SCV3FIX__VOICE-260_CONTENT-6829-6829-68771-0014,260,6829,,15.42,7,0.2857142857142857,0.0,0.0,0.02411363719443658,-0.05025130709348724,35.195259549010345,1,1.0,1.0,1.0,HUBERT_BASE,6
2830-3980-0032_4507-16021-0022__T1__SCV3FIX__VOICE-2830_CONTENT-4507-4507-16021-0022,2830,4507,,11.17,11,0.0,0.0,0.0,0.1432727830452244,0.08153874151753027,47.298469100702306,0,0.0,0.0,-1.0,HUBERT_BASE,6
2961-960-0007_672-122797-0017__T2__SCV3FIX__VOICE-672_CONTENT-2961-2961-960-0007,672,2961,,0.01,8,0.125,0.0,0.0,0.07038140148809245,-0.00045126910550707944,21.23384634089023,0,0.0,0.0,-1.0,HUBERT_BASE,6
7176-92135-0041_7127-75947-0037__T1__SCV3FIX__VOICE-7176_CONTENT-7127-7127-75947-0037,7176,7127,,10.91,8,0.0,0.0,0.0,0.07043187577148216,0.016902507020888802,29.171124148523262,0,0.0,0.0,-1.0,HUBERT_BASE,6
8555-284449-0013_2830-3980-0055__T2__SCV3FIX__VOICE-2830_CONTENT-8555-8555-284449-0013,2830,8555,,14.4,10,0.1,0.0,0.0,0.10558899866947069,-0.005441725145224341,36.14614576505771,0,0.0,0.0,-1.0,HUBERT_BASE,6
8463-294828-0014_2300-131720-0000__T2__SCV3FIX__VOICE-2300_CONTENT-8463-8463-294828-0014,2300,8463,,12.75,9,0.0,0.0,0.0,0.11242773119189645,0.06006740687548562,43.72286748740301,0,0.0,0.0,-1.0,HUBERT_BASE,6
1089-134691-0023_1580-141083-0000__T1__SCV3FIX__VOICE-1089_CONTENT-1580-1580-141083-0000,1089,1580,,7.77,14,0.0,0.0,0.0,0.08769999324370513,0.0325092718411617,37.75130050405499,0,0.0,0.0,-1.0,HUBERT_BASE,6
3729-6852-0002_5142-36586-0003__T2__SCV3FIX__VOICE-5142_CONTENT-3729-3729-6852-0002,5142,3729,,5.21,9,0.0,0.0,0.0,0.0922918416307255,0.047646283150467816,31.416160292410584,0,0.0,0.0,-1.0,HUBERT_BASE,6
2830-3980-0000_3575-170457-0028__T1__SCV3FIX__VOICE-2830_CONTENT-3575-3575-170457-0028,2830,3575,,10.05,6,0.0,0.0,0.0,0.10231834978040631,0.031353053891339466,41.748953721590375,0,0.0,0.0,-1.0,HUBERT_BASE,6
1188-133604-0038_1995-1837-0012__T2__SCV3FIX__VOICE-1995_CONTENT-1188-1188-133604-0038,1995,1188,,-21.43,9,1.0,1.0,1.0,-0.12939307507080203,-0.23912524470917618,-41.931127653184916,1,4.5,4.5,0.0,HUBERT_BASE,6
4446-2271-0021_7021-79740-0003__T2__SCV3FIX__VOICE-7021_CONTENT-4446-4446-2271-0021,7021,4446,,9.94,6,0.0,0.0,0.0,0.11994854166839881,0.06712556745867937,40.90946178373795,0,0.0,0.0,-1.0,HUBERT_BASE,6
2300-131720-0001_5683-32879-0012__T2__SCV3FIX__VOICE-5683_CONTENT-2300-2300-131720-0001,5683,2300,,-19.7,7,1.0,1.0,1.0,-0.11424696702377657,-0.20162194564026004,-35.5293680319838,1,3.5,3.5,0.0,HUBERT_BASE,6
1995-1837-0016_3575-170457-0038__T1__SCV3FIX__VOICE-1995_CONTENT-3575-3575-170457-0038,1995,3575,,-3.23,13,0.6153846153846154,0.5384615384615384,0.3076923076923077,-0.01871272228190399,-0.1172258234420741,-1.9666264261514712,2,2.0,1.75,1.0,HUBERT_BASE,6
260-123286-0004_6930-75918-0019__T2__SCV3FIX__VOICE-6930_CONTENT-260-260-123286-0004,6930,260,,5.98,5,0.2,0.0,0.0,0.04565241547299703,-0.029663328727556948,10.087100139618364,0,0.0,0.0,-1.0,HUBERT_BASE,6
237-134493-0006_2961-961-0008__T2__SCV3FIX__VOICE-2961_CONTENT-237-237-134493-0006,2961,237,,-19.4,7,0.8571428571428571,1.0,0.8571428571428571,-0.04720923286523458,-0.10539669844079791,-16.744981248337247,1,2.5,2.5,1.0,HUBERT_BASE,6
1284-1180-0012_5683-32866-0008__T2__SCV3FIX__VOICE-5683_CONTENT-1284-1284-1180-0012,5683,1284,,14.82,5,0.0,0.0,0.0,0.06547279619814225,0.040315506877279805,34.95722473383624,0,0.0,0.0,-1.0,HUBERT_BASE,6
5142-36377-0007_2830-3979-0012__T1__SCV3FIX__VOICE-5142_CONTENT-2830-2830-3979-0012,5142,2830,,-25.08,6,1.0,1.0,1.0,-0.10767951202103555,-0.15501358703402457,-39.42441716529614,1,3.0,3.0,0.0,HUBERT_BASE,6
1221-135767-0014_61-70968-0014__T1__SCV3FIX__VOICE-1221_CONTENT-61-61-70968-0014,1221,61,,-15.42,13,1.0,1.0,1.0,-0.09430657835866868,-0.29423808463037504,-28.179979556191466,1,6.5,6.5,0.0,HUBERT_BASE,6
8555-284449-0009_6829-68771-0024__T1__SCV3FIX__VOICE-8555_CONTENT-6829-6829-68771-0024,8555,6829,,0.31,5,0.6,0.2,0.2,0.01642604230931244,-0.05771421876116123,6.949725038611753,1,1.0,1.0,1.5,HUBERT_BASE,6
121-127105-0031_5142-33396-0046__T1__SCV3FIX__VOICE-121_CONTENT-5142-5142-33396-0046,121,5142,,12.26,6,0.0,0.0,0.0,0.08268784794277861,0.023508309847827036,29.37415537355555,0,0.0,0.0,-1.0,HUBERT_BASE,6
6930-81414-0022_1320-122617-0003__T1__SCV3FIX__VOICE-6930_CONTENT-1320-1320-122617-0003,6930,1320,,-14.57,7,1.0,1.0,1.0,-0.07698299044284322,-0.12437039906413627,-38.008943601527385,1,3.5,3.5,0.0,HUBERT_BASE,6
1188-133604-0019_7127-75947-0006__T2__SCV3FIX__VOICE-7127_CONTENT-1188-1188-133604-0019,7127,1188,,12.63,5,0.0,0.0,0.0,0.15892908987093918,0.10045957963174212,37.947315619262405,0,0.0,0.0,-1.0,HUBERT_BASE,6
4507-16021-0030_2830-3980-0017__T1__SCV3FIX__VOICE-4507_CONTENT-2830-2830-3980-0017,4507,2830,,-32.15,6,1.0,1.0,1.0,-0.12554984671785516,-0.25068587957089483,-35.079154456627045,1,3.0,3.0,0.0,HUBERT_BASE,6
5105-28241-0019_2830-3980-0013__T1__SCV3FIX__VOICE-5105_CONTENT-2830-2830-3980-0013,5105,2830,,8.83,7,0.14285714285714285,0.0,0.0,0.048385246790206046,-0.012471854437299923,16.417545272321853,0,0.0,0.0,-1.0,HUBERT_BASE,6
8455-210777-0022_121-127105-0011__T1__SCV3FIX__VOICE-8455_CONTENT-121-121-127105-0011,8455,121,,9.62,10,0.0,0.0,0.0,0.09765616341996916,0.026891169057858044,37.8630025128542,0,0.0,0.0,-1.0,HUBERT_BASE,6
5683-32866-0018_1089-134686-0002__T2__SCV3FIX__VOICE-1089_CONTENT-5683-5683-32866-0018,1089,5683,,11.54,9,0.0,0.0,0.0,0.07585067187477328,0.030460776104917264,32.20763770193124,0,0.0,0.0,-1.0,HUBERT_BASE,6
6829-68769-0011_3729-6852-0028__T1__SCV3FIX__VOICE-6829_CONTENT-3729-3729-6852-0028,6829,3729,,8.62,8,0.0,0.0,0.0,0.061711714326694575,0.03519314457125311,32.54295613867624,0,0.0,0.0,-1.0,HUBERT_BASE,6
1995-1837-0019_672-122797-0023__T1__SCV3FIX__VOICE-1995_CONTENT-672-672-122797-0023,1995,672,,-28.24,9,1.0,1.0,1.0,-0.19007919262245526,-0.2229819253194142,-51.40254334154146,1,4.5,4.5,0.0,HUBERT_BASE,6
1284-1180-0031_5142-33396-0048__T1__SCV3FIX__VOICE-1284_CONTENT-5142-5142-33396-0048,1284,5142,,11.24,6,0.16666666666666666,0.0,0.0,0.06783387824051938,-0.0005671977883386914,34.8402312450364,0,0.0,0.0,-1.0,HUBERT_BASE,6
61-70968-0029_8463-294825-0012__T1__SCV3FIX__VOICE-61_CONTENT-8463-8463-294825-0012,61,8463,,10.01,5,0.0,0.0,0.0,0.08030778140978072,0.060554383974154025,33.75508694057999,0,0.0,0.0,-1.0,HUBERT_BASE,6
8224-274381-0010_5105-28240-0000__T2__SCV3FIX__VOICE-5105_CONTENT-8224-8224-274381-0010,5105,8224,,9.36,9,0.1111111111111111,0.0,0.0,0.07640853176585473,-0.0299552134002512,31.12531054318758,0,0.0,0.0,-1.0,HUBERT_BASE,6
260-123440-0008_6930-81414-0012__T2__SCV3FIX__VOICE-6930_CONTENT-260-260-123440-0008,6930,260,,-21.62,6,1.0,1.0,1.0,-0.10769057360156659,-0.1924169621131171,-43.55291328279336,1,3.0,3.0,0.0,HUBERT_BASE,6
260-123286-0028_4446-2273-0035__T1__SCV3FIX__VOICE-260_CONTENT-4446-4446-2273-0035,260,4446,,13.79,11,0.0,0.0,0.0,0.11438986972693667,0.04746717402576406,39.19171434251093,0,0.0,0.0,-1.0,HUBERT_BASE,6
7176-92135-0028_6930-81414-0022__T1__SCV3FIX__VOICE-7176_CONTENT-6930-6930-81414-0022,7176,6930,,-28.85,5,1.0,1.0,1.0,-0.05067355611144486,-0.06866007248419626,-27.293178131962474,1,2.5,2.5,0.0,HUBERT_BASE,6
1089-134691-0002_8455-210777-0005__T1__SCV3FIX__VOICE-1089_CONTENT-8455-8455-210777-0005,1089,8455,,7.43,10,0.1,0.0,0.0,0.06601213319652666,-0.0019339395509102575,31.631690874084434,0,0.0,0.0,-1.0,HUBERT_BASE,6
8555-284449-0009_61-70968-0032__T1__SCV3FIX__VOICE-8555_CONTENT-61-61-70968-0032,8555,61,,13.17,5,0.0,0.0,0.0,0.05008333964212739,0.0019162981615414854,17.50998280216283,0,0.0,0.0,-1.0,HUBERT_BASE,6
2830-3980-0047_1284-1181-0013__T2__SCV3FIX__VOICE-1284_CONTENT-2830-2830-3980-0047,1284,2830,,-20.44,14,0.9285714285714286,1.0,0.9285714285714286,-0.07374085930178816,-0.1898742735621155,-26.231287492719453,2,4.5,3.25,0.0,HUBERT_BASE,6
4077-13754-0016_5639-40744-0022__T2__SCV3FIX__VOICE-5639_CONTENT-4077-4077-13754-0016,5639,4077,,-7.6,22,0.6363636363636364,0.7727272727272727,0.5454545454545454,-0.020112421735305863,-0.1302568993255847,-6.040764165423027,3,4.0,2.1666666666666665,3.0,HUBERT_BASE,6
8230-279154-0003_1580-141083-0001__T1__SCV3FIX__VOICE-8230_CONTENT-1580-1580-141083-0001,8230,1580,,13.24,5,0.0,0.0,0.0,0.04469689394928833,0.027960967423160787,41.29018467677114,0,0.0,0.0,-1.0,HUBERT_BASE,6
4970-29093-0019_4446-2275-0010__T1__SCV3FIX__VOICE-4970_CONTENT-4446-4446-2275-0010,4970,4446,,10.17,6,0.0,0.0,0.0,0.05002632626689015,0.0157953497588611,25.111439374192923,0,0.0,0.0,-1.0,HUBERT_BASE,6
7127-75947-0033_1089-134691-0007__T1__SCV3FIX__VOICE-7127_CONTENT-1089-1089-134691-0007,7127,1089,,-9.41,5,0.6,1.0,0.6,-0.03874934668794785,-0.15517094215429328,-10.089629750882036,1,1.0,1.0,1.5,HUBERT_BASE,6
6829-68769-0009_1188-133604-0033__T2__SCV3FIX__VOICE-1188_CONTENT-6829-6829-68769-0009,1188,6829,,10.99,7,0.0,0.0,0.0,0.09776313383948947,0.052937268152070116,39.82910349948223,0,0.0,0.0,-1.0,HUBERT_BASE,6
260-123288-0012_4446-2273-0025__T2__SCV3FIX__VOICE-4446_CONTENT-260-260-123288-0012,4446,260,,-32.95,6,1.0,1.0,1.0,-0.11279216962711984,-0.20312257864465022,-37.079141660796346,1,3.0,3.0,0.0,HUBERT_BASE,6
672-122797-0019_2830-3980-0001__T1__SCV3FIX__VOICE-672_CONTENT-2830-2830-3980-0001,672,2830,,-19.05,6,1.0,1.0,1.0,-0.11598680871988372,-0.25345201105889703,-27.671657383914305,1,3.0,3.0,0.0,HUBERT_BASE,6
7021-85628-0015_1284-134647-0006__T2__SCV3FIX__VOICE-1284_CONTENT-7021-7021-85628-0015,1284,7021,,-4.39,19,0.7368421052631579,1.0,0.7368421052631579,-0.022754362330037803,-0.1266987707132391,-17.56935044141402,4,3.5,1.625,0.0,HUBERT_BASE,6
4970-29095-0037_4446-2273-0008__T2__SCV3FIX__VOICE-4446_CONTENT-4970-4970-29095-0037,4446,4970,,-13.8,12,0.75,1.0,0.75,-0.04038455611768641,-0.1110416694749754,-27.65320580001922,2,2.5,2.25,0.5,HUBERT_BASE,6
7127-75947-0028_61-70968-0001__T1__SCV3FIX__VOICE-7127_CONTENT-61-61-70968-0001,7127,61,,-7.39,6,0.6666666666666666,0.8333333333333334,0.6666666666666666,-0.047942798989894585,-0.11258768810163977,-10.635412987220585,2,1.0,1.0,0.0,HUBERT_BASE,6
7021-79740-0010_8455-210777-0051__T2__SCV3FIX__VOICE-8455_CONTENT-7021-7021-79740-0010,8455,7021,,6.99,23,0.13043478260869565,0.043478260869565216,0.0,0.05409355683545784,-0.03811377210683464,16.73793732580056,1,1.0,1.0,2.5,HUBERT_BASE,6
1995-1826-0016_6930-76324-0027__T2__SCV3FIX__VOICE-6930_CONTENT-1995-1995-1826-0016,6930,1995,,16.98,10,0.0,0.0,0.0,0.10451294867021232,0.07530754893311098,44.699354299950926,0,0.0,0.0,-1.0,HUBERT_BASE,6
5639-40744-0020_7021-79740-0001__T2__SCV3FIX__VOICE-7021_CONTENT-5639-5639-40744-0020,7021,5639,,7.16,10,0.0,0.2,0.0,0.07145516737765867,0.025686859570796527,20.77912147950554,0,0.0,0.0,-1.0,HUBERT_BASE,6
1221-135766-0012_6930-76324-0003__T1__SCV3FIX__VOICE-1221_CONTENT-6930-6930-76324-0003,1221,6930,,-25.39,5,1.0,1.0,1.0,-0.07260180751013219,-0.11670302845248448,-32.909853602900384,1,2.5,2.5,0.0,HUBERT_BASE,6
1995-1826-0009_7127-75947-0040__T2__SCV3FIX__VOICE-7127_CONTENT-1995-1995-1826-0009,7127,1995,,7.43,14,0.0,0.07142857142857142,0.0,0.10296935276061589,0.06448341479270214,39.856951930804044,0,0.0,0.0,-1.0,HUBERT_BASE,6
3575-170457-0012_2830-3980-0031__T2__SCV3FIX__VOICE-2830_CONTENT-3575-3575-170457-0012,2830,3575,,13.71,10,0.0,0.0,0.0,0.12408406972708334,0.013705970391130973,43.04130046116241,0,0.0,0.0,-1.0,HUBERT_BASE,6
4970-29095-0017_3575-170457-0052__T2__SCV3FIX__VOICE-3575_CONTENT-4970-4970-29095-0017,3575,4970,,7.23,5,0.2,0.2,0.0,0.030731667594534873,-0.053742944119385516,7.5429228246055375,0,0.0,0.0,-1.0,HUBERT_BASE,6
7127-75947-0025_3575-170457-0039__T1__SCV3FIX__VOICE-7127_CONTENT-3575-3575-170457-0039,7127,3575,,4.7,10,0.0,0.0,0.0,0.1224024205722212,0.024603536559412498,40.470359930948135,0,0.0,0.0,-1.0,HUBERT_BASE,6
237-134500-0002_4970-29093-0019__T2__SCV3FIX__VOICE-4970_CONTENT-237-237-134500-0002,4970,237,,-20.25,9,1.0,1.0,1.0,-0.098031209653858,-0.1980564085102292,-40.22435599461349,1,4.5,4.5,0.0,HUBERT_BASE,6
61-70968-0049_7021-79740-0014__T2__SCV3FIX__VOICE-7021_CONTENT-61-61-70968-0049,7021,61,,-7.73,15,0.8,1.0,0.8,-0.0743055958344823,-0.22280407834311944,-14.462746993530583,1,5.5,5.5,0.0,HUBERT_BASE,6
8224-274384-0005_5639-40744-0021__T1__SCV3FIX__VOICE-8224_CONTENT-5639-5639-40744-0021,8224,5639,,10.0,16,0.0,0.0,0.0,0.0989801123949963,0.006911158423483332,30.501177531496317,0,0.0,0.0,-1.0,HUBERT_BASE,6
5683-32866-0024_1580-141083-0031__T1__SCV3FIX__VOICE-5683_CONTENT-1580-1580-141083-0031,5683,1580,,8.04,11,0.09090909090909091,0.0,0.0,0.07027674518037075,-0.008136931477034315,30.691799526709495,0,0.0,0.0,-1.0,HUBERT_BASE,6
908-31957-0017_6930-81414-0004__T1__SCV3FIX__VOICE-908_CONTENT-6930-6930-81414-0004,908,6930,,11.06,14,0.0,0.0,0.0,0.13209641788466506,0.06539481747491005,42.10099509868001,0,0.0,0.0,-1.0,HUBERT_BASE,6
260-123286-0025_5142-33396-0003__T2__SCV3FIX__VOICE-5142_CONTENT-260-260-123286-0025,5142,260,,-27.11,5,1.0,1.0,1.0,-0.1330496961045598,-0.17458345396913866,-41.54654640981845,1,2.5,2.5,0.0,HUBERT_BASE,6
3570-5694-0004_4992-23283-0020__T2__SCV3FIX__VOICE-4992_CONTENT-3570-3570-5694-0004,4992,3570,,13.49,9,0.0,0.0,0.0,0.07511334465795273,0.03476607805100762,30.107562985491104,0,0.0,0.0,-1.0,HUBERT_BASE,6
237-134500-0015_1089-134691-0004__T2__SCV3FIX__VOICE-1089_CONTENT-237-237-134500-0015,1089,237,,12.89,9,0.0,0.0,0.0,0.10785569738133952,0.06392222515054113,38.651801212836006,0,0.0,0.0,-1.0,HUBERT_BASE,6
8455-210777-0035_7176-92135-0008__T1__SCV3FIX__VOICE-8455_CONTENT-7176-7176-92135-0008,8455,7176,,13.42,7,0.2857142857142857,0.0,0.0,0.04748924532356021,-0.011260026552438851,30.61872842759791,1,1.0,1.0,2.5,HUBERT_BASE,6
672-122797-0065_8230-279154-0004__T1__SCV3FIX__VOICE-672_CONTENT-8230-8230-279154-0004,672,8230,,15.97,5,0.0,0.0,0.0,0.042540849126249204,0.0010517836033621109,21.577015722103162,0,0.0,0.0,-1.0,HUBERT_BASE,6
5105-28233-0001_672-122797-0039__T2__SCV3FIX__VOICE-672_CONTENT-5105-5105-28233-0001,672,5105,,0.77,7,0.42857142857142855,0.2857142857142857,0.2857142857142857,-0.001857248194732589,-0.13223063246971178,6.932763368370764,1,1.0,1.0,2.5,HUBERT_BASE,6
7127-75947-0018_5142-36377-0002__T1__SCV3FIX__VOICE-7127_CONTENT-5142-5142-36377-0002,7127,5142,,-5.82,7,0.42857142857142855,0.8571428571428571,0.42857142857142855,-0.01715701742464751,-0.1224829567257546,-6.0311480704323275,0,0.0,0.0,-1.0,HUBERT_BASE,6
908-157963-0017_7729-102255-0041__T1__SCV3FIX__VOICE-908_CONTENT-7729-7729-102255-0041,908,7729,,-8.59,8,0.5,0.75,0.375,0.009949277249117663,-0.0813662490505288,-4.080112698610826,1,1.0,1.0,2.0,HUBERT_BASE,6
1580-141084-0011_7127-75946-0013__T2__SCV3FIX__VOICE-7127_CONTENT-1580-1580-141084-0011,7127,1580,,7.62,8,0.0,0.0,0.0,0.06864603882545102,0.019310002642391355,31.644327513388717,0,0.0,0.0,-1.0,HUBERT_BASE,6
4446-2275-0041_5142-33396-0010__T2__SCV3FIX__VOICE-5142_CONTENT-4446-4446-2275-0041,5142,4446,,-18.32,5,1.0,1.0,1.0,-0.06327543142188057,-0.12394898586494196,-20.92777791440063,1,2.5,2.5,0.0,HUBERT_BASE,6
8230-279154-0011_5683-32879-0002__T1__SCV3FIX__VOICE-8230_CONTENT-5683-5683-32879-0002,8230,5683,,13.03,11,0.0,0.0,0.0,0.12083358341620096,0.04353588271030684,43.821168435157695,0,0.0,0.0,-1.0,HUBERT_BASE,6
1284-1181-0000_121-121726-0008__T1__SCV3FIX__VOICE-1284_CONTENT-121-121-121726-0008,1284,121,,-24.97,5,1.0,1.0,1.0,-0.1067852341012158,-0.22028704770416152,-35.22875051877979,1,2.5,2.5,0.0,HUBERT_BASE,6
5142-33396-0007_672-122797-0004__T2__SCV3FIX__VOICE-672_CONTENT-5142-5142-33396-0007,672,5142,,9.54,7,0.0,0.0,0.0,0.15644559294424124,0.043152214805646794,35.31298271296274,0,0.0,0.0,-1.0,HUBERT_BASE,6
1580-141083-0021_2961-961-0005__T2__SCV3FIX__VOICE-2961_CONTENT-1580-1580-141083-0021,2961,1580,,12.45,6,0.0,0.0,0.0,0.0861536559729909,0.06262636059439664,38.158520046754866,0,0.0,0.0,-1.0,HUBERT_BASE,6
7176-92135-0041_6829-68771-0032__T2__SCV3FIX__VOICE-6829_CONTENT-7176-7176-92135-0041,6829,7176,,-27.39,8,0.875,1.0,0.875,-0.04501934730856007,-0.07451045058028771,-41.00661738577391,2,2.0,1.75,0.0,HUBERT_BASE,6
7127-75946-0027_6930-76324-0011__T2__SCV3FIX__VOICE-6930_CONTENT-7127-7127-75946-0027,6930,7127,,-12.65,17,0.8235294117647058,1.0,0.8235294117647058,-0.04417500921050265,-0.17105775729432948,-21.72667140811459,3,3.5,2.3333333333333335,0.0,HUBERT_BASE,6
1188-133604-0038_5142-33396-0043__T1__SCV3FIX__VOICE-1188_CONTENT-5142-5142-33396-0043,1188,5142,,16.24,6,0.0,0.0,0.0,0.1232214325985741,0.07455605563755008,51.652746423189136,0,0.0,0.0,-1.0,HUBERT_BASE,6
5142-33396-0036_4970-29093-0020__T2__SCV3FIX__VOICE-4970_CONTENT-5142-5142-33396-0036,4970,5142,,-17.38,7,1.0,1.0,1.0,-0.07577719657085384,-0.22703427975500934,-31.509732619906853,1,3.5,3.5,0.0,HUBERT_BASE,6
61-70970-0001_4446-2275-0038__T2__SCV3FIX__VOICE-4446_CONTENT-61-61-70970-0001,4446,61,,-25.23,8,1.0,1.0,1.0,-0.10738888488370815,-0.19344335022148673,-36.08971543916506,1,4.0,4.0,0.0,HUBERT_BASE,6
4446-2273-0016_7176-88083-0009__T1__SCV3FIX__VOICE-4446_CONTENT-7176-7176-88083-0009,4446,7176,,-25.87,7,1.0,1.0,1.0,-0.08008257821340083,-0.12574780760732962,-40.143699571369964,1,3.5,3.5,0.0,HUBERT_BASE,6
4992-23283-0015_8455-210777-0013__T1__SCV3FIX__VOICE-4992_CONTENT-8455-8455-210777-0013,4992,8455,,14.46,6,0.0,0.0,0.0,0.1130725816055505,0.048615991096924605,25.93889441531394,0,0.0,0.0,-1.0,HUBERT_BASE,6
1221-135767-0008_260-123286-0027__T2__SCV3FIX__VOICE-260_CONTENT-1221-1221-135767-0008,260,1221,,11.88,5,0.0,0.0,0.0,0.10225052997930875,0.07220626163350707,39.4150420920758,0,0.0,0.0,-1.0,HUBERT_BASE,6
1995-1826-0017_1284-134647-0001__T2__SCV3FIX__VOICE-1284_CONTENT-1995-1995-1826-0017,1284,1995,,13.8,11,0.0,0.0,0.0,0.10291857869499978,0.040786516619054414,36.185903512868386,0,0.0,0.0,-1.0,HUBERT_BASE,6
7176-92135-0009_5142-36377-0000__T2__SCV3FIX__VOICE-5142_CONTENT-7176-7176-92135-0009,5142,7176,,-13.56,5,1.0,1.0,1.0,-0.07571980749142102,-0.14629477523083678,-39.116503912062555,1,2.5,2.5,0.0,HUBERT_BASE,6
5142-33396-0032_1221-135767-0020__T2__SCV3FIX__VOICE-1221_CONTENT-5142-5142-33396-0032,1221,5142,,0.79,5,0.8,0.0,0.0,-0.022501313210883733,-0.05043570645289619,12.347952518666691,1,2.0,2.0,0.0,HUBERT_BASE,6
4077-13754-0009_7127-75947-0010__T2__SCV3FIX__VOICE-7127_CONTENT-4077-4077-13754-0009,7127,4077,,4.02,14,0.07142857142857142,0.0,0.0,0.07864975184445736,-0.021422156434420137,18.298117048343393,0,0.0,0.0,-1.0,HUBERT_BASE,6
2300-131720-0024_8555-284447-0010__T1__SCV3FIX__VOICE-2300_CONTENT-8555-8555-284447-0010,2300,8555,,12.63,8,0.0,0.0,0.0,0.16103798351541876,0.05967927321489641,45.758123512070895,0,0.0,0.0,-1.0,HUBERT_BASE,6
2094-142345-0003_6930-81414-0004__T2__SCV3FIX__VOICE-6930_CONTENT-2094-2094-142345-0003,6930,2094,,17.19,17,0.058823529411764705,0.0,0.0,0.09897169917825313,-0.0810094459544265,33.82255196221882,0,0.0,0.0,-1.0,HUBERT_BASE,6
1995-1836-0009_7729-102255-0020__T2__SCV3FIX__VOICE-7729_CONTENT-1995-1995-1836-0009,7729,1995,,12.0,12,0.0,0.0,0.0,0.10128242176901774,0.04653406327484988,32.55954456650042,0,0.0,0.0,-1.0,HUBERT_BASE,6
5105-28233-0002_1089-134686-0021__T1__SCV3FIX__VOICE-5105_CONTENT-1089-1089-134686-0021,5105,1089,,-11.53,12,0.9166666666666666,1.0,0.9166666666666666,-0.08309712487359298,-0.1384378726473946,-31.88793980124555,1,5.0,5.0,1.0,HUBERT_BASE,6
7729-102255-0000_1580-141084-0039__T2__SCV3FIX__VOICE-1580_CONTENT-7729-7729-102255-0000,1580,7729,,-19.84,5,1.0,1.0,1.0,-0.08823534423848736,-0.11107581532989919,-37.69288360535431,1,2.5,2.5,0.0,HUBERT_BASE,6
6930-81414-0021_61-70968-0032__T1__SCV3FIX__VOICE-6930_CONTENT-61-61-70968-0032,6930,61,,-30.03,5,1.0,1.0,1.0,-0.08739969153760749,-0.11339049846039351,-37.41223749244591,1,2.5,2.5,0.0,HUBERT_BASE,6
4992-23283-0004_8555-284449-0002__T1__SCV3FIX__VOICE-4992_CONTENT-8555-8555-284449-0002,4992,8555,,-7.75,15,0.3333333333333333,0.6,0.3333333333333333,0.015954235525605532,-0.08047079879036423,-6.796131834357537,2,1.0,1.0,2.5,HUBERT_BASE,6
3570-5694-0013_3575-170457-0030__T1__SCV3FIX__VOICE-3570_CONTENT-3575-3575-170457-0030,3570,3575,,6.14,10,0.2,0.1,0.1,0.043686060132515435,-0.02561318823132752,22.270698592650607,0,0.0,0.0,-1.0,HUBERT_BASE,6
2300-131720-0005_4446-2271-0014__T2__SCV3FIX__VOICE-4446_CONTENT-2300-2300-131720-0005,4446,2300,,-2.08,9,0.2222222222222222,0.5555555555555556,0.2222222222222222,0.017501574604554322,-0.043391703691492034,-4.2777564922530695,1,1.0,1.0,3.5,HUBERT_BASE,6
4992-41806-0005_8463-294828-0035__T2__SCV3FIX__VOICE-8463_CONTENT-4992-4992-41806-0005,8463,4992,,-20.25,6,1.0,1.0,1.0,-0.06537646629257758,-0.09596127651703446,-34.77761107382569,1,3.0,3.0,0.0,HUBERT_BASE,6
5683-32865-0015_4970-29095-0016__T1__SCV3FIX__VOICE-5683_CONTENT-4970-4970-29095-0016,5683,4970,,3.48,6,0.0,0.0,0.0,0.07169688918825051,0.014711549428327753,14.573982435167324,0,0.0,0.0,-1.0,HUBERT_BASE,6
7176-88083-0022_908-31957-0001__T1__SCV3FIX__VOICE-7176_CONTENT-908-908-31957-0001,7176,908,,7.98,17,0.0,0.0,0.0,0.11517508791341849,0.03375144020409615,33.12189387473116,0,0.0,0.0,-1.0,HUBERT_BASE,6
237-134493-0002_4992-41797-0002__T2__SCV3FIX__VOICE-4992_CONTENT-237-237-134493-0002,4992,237,,10.01,10,0.0,0.0,0.0,0.08489991311708296,0.028411447433632664,39.14244782554558,0,0.0,0.0,-1.0,HUBERT_BASE,6
6829-68769-0015_4970-29095-0011__T2__SCV3FIX__VOICE-4970_CONTENT-6829-6829-68769-0015,4970,6829,,7.79,5,0.0,0.0,0.0,0.03499654633159903,0.009297371278863653,15.43286586727601,0,0.0,0.0,-1.0,HUBERT_BASE,6
2830-3980-0004_4446-2275-0008__T2__SCV3FIX__VOICE-4446_CONTENT-2830-2830-3980-0004,4446,2830,,-26.61,6,1.0,1.0,1.0,-0.07707487479542303,-0.17395144235802884,-37.116242031999725,1,3.0,3.0,0.0,HUBERT_BASE,6
260-123440-0013_7127-75947-0028__T1__SCV3FIX__VOICE-260_CONTENT-7127-7127-75947-0028,260,7127,,-15.86,5,1.0,1.0,1.0,-0.06085798636415487,-0.09052520584869639,-26.305931637999286,1,2.5,2.5,0.0,HUBERT_BASE,6
5105-28241-0011_4446-2273-0004__T1__SCV3FIX__VOICE-5105_CONTENT-4446-4446-2273-0004,5105,4446,,10.38,9,0.0,0.0,0.0,0.09923857684273825,0.05048394102218157,48.092602505403015,0,0.0,0.0,-1.0,HUBERT_BASE,6
3729-6852-0013_1580-141083-0039__T1__SCV3FIX__VOICE-3729_CONTENT-1580-1580-141083-0039,3729,1580,,0.95,5,0.0,0.0,0.0,0.08536561704586369,0.06439059711458806,28.28644606157017,0,0.0,0.0,-1.0,HUBERT_BASE,6
6829-68771-0027_237-126133-0017__T1__SCV3FIX__VOICE-6829_CONTENT-237-237-126133-0017,6829,237,,-2.81,9,0.3333333333333333,0.8888888888888888,0.3333333333333333,0.025254890362262052,-0.05456257082548199,-4.990368678716103,1,1.5,1.5,3.0,HUBERT_BASE,6
7127-75946-0020_672-122797-0054__T2__SCV3FIX__VOICE-672_CONTENT-7127-7127-75946-0020,672,7127,,-0.87,7,0.7142857142857143,0.42857142857142855,0.42857142857142855,-0.06259985190436183,-0.198264833299718,-3.819662391901224,1,2.5,2.5,1.0,HUBERT_BASE,6
7021-79740-0007_4077-13751-0020__T1__SCV3FIX__VOICE-7021_CONTENT-4077-4077-13751-0020,7021,4077,,11.85,12,0.6666666666666666,0.0,0.0,-0.007555003522313114,-0.10168448299005162,18.17658593810523,3,1.5,1.3333333333333333,0.0,HUBERT_BASE,6
1284-1181-0013_3575-170457-0034__T1__SCV3FIX__VOICE-1284_CONTENT-3575-3575-170457-0034,1284,3575,,6.95,5,0.4,0.0,0.0,0.007957304028319423,-0.02125155701482162,20.36740486295084,0,0.0,0.0,-1.0,HUBERT_BASE,6
3570-5694-0017_4970-29095-0012__T2__SCV3FIX__VOICE-4970_CONTENT-3570-3570-5694-0017,4970,3570,,14.18,8,0.125,0.0,0.0,0.06409906750733399,-0.002211086740262047,37.29521150170727,0,0.0,0.0,-1.0,HUBERT_BASE,6
6930-81414-0010_3729-6852-0036__T1__SCV3FIX__VOICE-6930_CONTENT-3729-3729-6852-0036,6930,3729,,11.19,6,0.0,0.0,0.0,0.12468367643938821,0.06485069273972288,35.15980159029336,0,0.0,0.0,-1.0,HUBERT_BASE,6
4446-2273-0004_6829-68769-0009__T2__SCV3FIX__VOICE-6829_CONTENT-4446-4446-2273-0004,6829,4446,,13.19,7,0.14285714285714285,0.0,0.0,0.04268736711973039,-0.009360194019033985,26.258385460096626,0,0.0,0.0,-1.0,HUBERT_BASE,6
4970-29095-0009_5639-40744-0014__T1__SCV3FIX__VOICE-4970_CONTENT-5639-5639-40744-0014,4970,5639,,-28.38,10,1.0,1.0,1.0,-0.09259092914624521,-0.1577197877811206,-30.5118360217009,1,5.0,5.0,0.0,HUBERT_BASE,6
6930-76324-0001_7729-102255-0000__T2__SCV3FIX__VOICE-7729_CONTENT-6930-6930-76324-0001,7729,6930,,11.41,5,0.0,0.0,0.0,0.09439217221539138,0.05447876344442126,34.07919151504657,0,0.0,0.0,-1.0,HUBERT_BASE,6
4446-2275-0031_7127-75946-0011__T1__SCV3FIX__VOICE-4446_CONTENT-7127-7127-75946-0011,4446,7127,,-5.61,5,0.6,0.8,0.6,-0.029331731145458596,-0.08313906026501428,-3.9377977365635273,1,1.5,1.5,1.0,HUBERT_BASE,6
8224-274384-0007_2961-961-0019__T2__SCV3FIX__VOICE-2961_CONTENT-8224-8224-274384-0007,2961,8224,,0.82,11,0.2727272727272727,0.6363636363636364,0.2727272727272727,0.031542332475427655,-0.16164322310972112,-3.8242751229581375,1,1.0,1.0,4.5,HUBERT_BASE,6
61-70970-0000_1284-134647-0006__T2__SCV3FIX__VOICE-1284_CONTENT-61-61-70970-0000,1284,61,,-4.99,11,0.7272727272727273,0.9090909090909091,0.7272727272727273,-0.032186006300825264,-0.13244886051824023,-10.733313178835102,3,1.5,1.3333333333333333,0.0,HUBERT_BASE,6
237-126133-0025_1284-1180-0023__T2__SCV3FIX__VOICE-1284_CONTENT-237-237-126133-0025,1284,237,,-24.25,6,1.0,1.0,1.0,-0.03437609367000546,-0.0632963158295996,-25.750907418836416,1,3.0,3.0,0.0,HUBERT_BASE,6
1284-1181-0000_3570-5696-0008__T2__SCV3FIX__VOICE-3570_CONTENT-1284-1284-1181-0000,3570,1284,,-17.94,6,0.8333333333333334,1.0,0.8333333333333334,-0.058177881319144475,-0.11820817224463542,-31.567612283260747,2,1.5,1.25,0.0,HUBERT_BASE,6
1284-1181-0009_4446-2271-0003__T1__SCV3FIX__VOICE-1284_CONTENT-4446-4446-2271-0003,1284,4446,,-11.64,6,0.8333333333333334,0.8333333333333334,0.8333333333333334,-0.06604427739677853,-0.18834766876908116,-22.03352735440166,2,1.5,1.25,0.0,HUBERT_BASE,6
61-70968-0037_1221-135766-0008__T2__SCV3FIX__VOICE-1221_CONTENT-61-61-70968-0037,1221,61,,12.37,7,0.14285714285714285,0.14285714285714285,0.14285714285714285,0.08123965431073121,-0.005172485095965573,18.732040682692205,0,0.0,0.0,-1.0,HUBERT_BASE,6
2830-3980-0062_7021-79730-0009__T1__SCV3FIX__VOICE-2830_CONTENT-7021-7021-79730-0009,2830,7021,,-0.34,9,0.1111111111111111,0.0,0.0,0.0875898246126666,-0.03107203248282009,17.338817894765928,0,0.0,0.0,-1.0,HUBERT_BASE,6
4077-13754-0001_5142-33396-0065__T1__SCV3FIX__VOICE-4077_CONTENT-5142-5142-33396-0065,4077,5142,,4.38,6,0.3333333333333333,0.3333333333333333,0.16666666666666666,0.029802066288145006,-0.042253314603694636,15.14614052453689,0,0.0,0.0,-1.0,HUBERT_BASE,6
2094-142345-0032_1995-1836-0001__T2__SCV3FIX__VOICE-1995_CONTENT-2094-2094-142345-0032,1995,2094,,-7.06,5,0.8,0.6,0.6,-0.03881905084801403,-0.07458287151216503,-9.998696883454993,1,1.5,1.5,0.0,HUBERT_BASE,6
7127-75947-0027_3575-170457-0053__T1__SCV3FIX__VOICE-7127_CONTENT-3575-3575-170457-0053,7127,3575,,10.52,15,0.0,0.0,0.0,0.08024318383434646,0.02045977074711569,35.14073045786068,0,0.0,0.0,-1.0,HUBERT_BASE,6
61-70968-0053_3570-5696-0000__T2__SCV3FIX__VOICE-3570_CONTENT-61-61-70968-0053,3570,61,,-19.11,7,1.0,1.0,1.0,-0.07186302309395216,-0.09798957002388142,-25.508515825864816,1,3.5,3.5,0.0,HUBERT_BASE,6
8463-287645-0011_2961-960-0005__T1__SCV3FIX__VOICE-8463_CONTENT-2961-2961-960-0005,8463,2961,,9.53,11,0.2727272727272727,0.0,0.0,0.05586676097954779,-0.09670884376571054,21.473953424223325,1,1.0,1.0,1.5,HUBERT_BASE,6
4446-2273-0019_260-123288-0000__T2__SCV3FIX__VOICE-260_CONTENT-4446-4446-2273-0019,260,4446,,14.72,4,0.0,0.0,0.0,0.08217911711449613,0.05825538016539045,38.959397851195774,0,0.0,0.0,-1.0,HUBERT_BASE,6
8463-294825-0008_260-123286-0028__T1__SCV3FIX__VOICE-8463_CONTENT-260-260-123286-0028,8463,260,,-24.24,6,1.0,1.0,1.0,-0.09715261506839824,-0.12012041090814407,-38.01659262082705,1,3.0,3.0,0.0,HUBERT_BASE,6
3575-170457-0013_908-31957-0014__T2__SCV3FIX__VOICE-908_CONTENT-3575-3575-170457-0013,908,3575,,12.71,14,0.0,0.0,0.0,0.09617280251094099,0.013943610054096167,39.11091738389323,0,0.0,0.0,-1.0,HUBERT_BASE,6
2961-960-0017_7729-102255-0014__T1__SCV3FIX__VOICE-2961_CONTENT-7729-7729-102255-0014,2961,7729,,13.43,9,0.1111111111111111,0.0,0.0,0.10225668796657504,-0.0002143324515099243,26.180233987095683,0,0.0,0.0,-1.0,HUBERT_BASE,6
1580-141084-0016_4446-2273-0034__T1__SCV3FIX__VOICE-1580_CONTENT-4446-4446-2273-0034,1580,4446,,-14.62,6,0.8333333333333334,1.0,0.8333333333333334,-0.05254062981026083,-0.08780503097400194,-31.755771659239375,1,2.5,2.5,0.0,HUBERT_BASE,6
4970-29093-0018_1221-135766-0002__T1__SCV3FIX__VOICE-4970_CONTENT-1221-1221-135766-0002,4970,1221,,-0.91,8,0.0,0.0,0.0,0.04317359525669323,0.010444168230299922,17.94101530637633,0,0.0,0.0,-1.0,HUBERT_BASE,6
672-122797-0058_4992-23283-0019__T2__SCV3FIX__VOICE-4992_CONTENT-672-672-122797-0058,4992,672,,-20.69,7,1.0,1.0,1.0,-0.09720470784589598,-0.12484288710073033,-32.59180672520461,1,3.5,3.5,0.0,HUBERT_BASE,6
1284-1180-0029_5683-32879-0010__T1__SCV3FIX__VOICE-1284_CONTENT-5683-5683-32879-0010,1284,5683,,-6.6,9,0.7777777777777778,0.7777777777777778,0.7777777777777778,-0.04040018273255051,-0.11887872689900669,-10.299001570036996,2,2.5,1.75,0.0,HUBERT_BASE,6
8455-210777-0004_4507-16021-0034__T2__SCV3FIX__VOICE-4507_CONTENT-8455-8455-210777-0004,4507,8455,,2.09,14,0.14285714285714285,0.21428571428571427,0.14285714285714285,0.041435807167483116,-0.07425857432796612,18.693600072426904,1,1.0,1.0,0.5,HUBERT_BASE,6
5142-33396-0024_121-127105-0000__T1__SCV3FIX__VOICE-5142_CONTENT-121-121-127105-0000,5142,121,,12.09,9,0.1111111111111111,0.0,0.0,0.10370970372908335,-0.03329270822941566,35.54816052881808,0,0.0,0.0,-1.0,HUBERT_BASE,6
7176-88083-0000_1089-134686-0009__T1__SCV3FIX__VOICE-7176_CONTENT-1089-1089-134686-0009,7176,1089,,-1.28,10,0.3,0.6,0.3,0.05557116418862222,-0.045604943317027136,-0.7536003873774441,1,1.0,1.0,3.0,HUBERT_BASE,6
8463-294825-0010_61-70968-0034__T2__SCV3FIX__VOICE-61_CONTENT-8463-8463-294825-0010,61,8463,,1.35,7,0.0,0.0,0.0,0.055962613716022944,0.017696262106798977,20.107234738935382,0,0.0,0.0,-1.0,HUBERT_BASE,6
8455-210777-0033_1284-1180-0008__T2__SCV3FIX__VOICE-1284_CONTENT-8455-8455-210777-0033,1284,8455,,-20.36,14,1.0,1.0,1.0,-0.10711405771674827,-0.1700959297352166,-31.55967815477606,1,7.0,7.0,0.0,HUBERT_BASE,6
5105-28241-0002_7127-75946-0009__T2__SCV3FIX__VOICE-7127_CONTENT-5105-5105-28241-0002,7127,5105,,-10.88,8,0.75,1.0,0.75,-0.02188334011514219,-0.0602583864339693,-17.652217014689338,1,2.5,2.5,0.0,HUBERT_BASE,6
5105-28240-0015_2300-131720-0006__T2__SCV3FIX__VOICE-2300_CONTENT-5105-5105-28240-0015,2300,5105,,9.17,7,0.0,0.0,0.0,0.08895867529131136,0.025865315873684902,33.23724602303126,0,0.0,0.0,-1.0,HUBERT_BASE,6
3570-5694-0017_61-70970-0016__T2__SCV3FIX__VOICE-61_CONTENT-3570-3570-5694-0017,61,3570,,11.74,7,0.0,0.0,0.0,0.09527411070293267,0.06657112455645475,41.36250585420726,0,0.0,0.0,-1.0,HUBERT_BASE,6
6930-81414-0014_1580-141083-0049__T1__SCV3FIX__VOICE-6930_CONTENT-1580-1580-141083-0049,6930,1580,,10.55,6,0.0,0.0,0.0,0.13180905046793934,0.024449585469493273,32.34324084343019,0,0.0,0.0,-1.0,HUBERT_BASE,6
4507-16021-0040_5142-33396-0023__T2__SCV3FIX__VOICE-5142_CONTENT-4507-4507-16021-0040,5142,4507,,-26.45,5,1.0,1.0,1.0,-0.049423599983298594,-0.08182234107977326,-39.23166563184465,1,2.5,2.5,0.0,HUBERT_BASE,6
61-70970-0010_1188-133604-0005__T2__SCV3FIX__VOICE-1188_CONTENT-61-61-70970-0010,1188,61,,-2.43,5,0.8,0.6,0.6,-0.053881358234583135,-0.10984474855583715,-3.4947773193945606,1,2.0,2.0,0.0,HUBERT_BASE,6
4077-13754-0006_1995-1826-0007__T2__SCV3FIX__VOICE-1995_CONTENT-4077-4077-13754-0006,1995,4077,,-2.23,13,0.38461538461538464,0.3076923076923077,0.3076923076923077,0.005266664708132555,-0.14547687725702374,9.288088123856415,1,1.0,1.0,1.5,HUBERT_BASE,6
7127-75947-0021_2830-3980-0004__T1__SCV3FIX__VOICE-7127_CONTENT-2830-2830-3980-0004,7127,2830,,11.84,6,0.0,0.0,0.0,0.11267717009644591,0.06510226243698414,32.7496909849114,0,0.0,0.0,-1.0,HUBERT_BASE,6
260-123288-0003_1089-134686-0026__T1__SCV3FIX__VOICE-260_CONTENT-1089-1089-134686-0026,260,1089,,-10.46,7,1.0,1.0,1.0,-0.03576053211305076,-0.1112132646252526,-27.878985289200138,1,3.5,3.5,0.0,HUBERT_BASE,6
2961-960-0014_5105-28240-0002__T2__SCV3FIX__VOICE-5105_CONTENT-2961-2961-960-0014,5105,2961,,11.28,7,0.0,0.0,0.0,0.15228400754158714,0.0639060707365331,35.52353827484139,0,0.0,0.0,-1.0,HUBERT_BASE,6
5683-32866-0021_8463-294828-0037__T2__SCV3FIX__VOICE-8463_CONTENT-5683-5683-32866-0021,8463,5683,,-10.09,9,1.0,1.0,1.0,-0.08481849133958994,-0.18133491995865225,-26.300715543268176,1,4.5,4.5,0.0,HUBERT_BASE,6
237-134493-0000_260-123286-0017__T2__SCV3FIX__VOICE-260_CONTENT-237-237-134493-0000,260,237,,13.21,6,0.0,0.0,0.0,0.11863766620709633,0.02625989528282935,37.95293287766071,0,0.0,0.0,-1.0,HUBERT_BASE,6
1580-141084-0034_1089-134691-0016__T1__SCV3FIX__VOICE-1580_CONTENT-1089-1089-134691-0016,1580,1089,,-19.54,7,1.0,1.0,1.0,-0.1023725040974561,-0.15890354547407415,-34.717841017179005,1,3.5,3.5,0.0,HUBERT_BASE,6
1580-141083-0039_5683-32865-0017__T1__SCV3FIX__VOICE-1580_CONTENT-5683-5683-32865-0017,1580,5683,,-22.94,5,1.0,1.0,1.0,-0.07813603125082844,-0.12631012373837702,-38.61105254524072,1,2.5,2.5,0.0,HUBERT_BASE,6
6930-75918-0019_1580-141083-0033__T1__SCV3FIX__VOICE-6930_CONTENT-1580-1580-141083-0033,6930,1580,,11.29,13,0.0,0.0,0.0,0.10929830849098807,0.03201818244580823,32.074375360359284,0,0.0,0.0,-1.0,HUBERT_BASE,6
1995-1836-0003_8230-279154-0000__T1__SCV3FIX__VOICE-1995_CONTENT-8230-8230-279154-0000,1995,8230,,-23.85,14,1.0,1.0,1.0,-0.11663304712683062,-0.20013023403614616,-41.44330783421526,1,7.0,7.0,0.0,HUBERT_BASE,6
5683-32879-0009_7729-102255-0014__T1__SCV3FIX__VOICE-5683_CONTENT-7729-7729-102255-0014,5683,7729,,11.64,9,0.0,0.0,0.0,0.10903997258619365,0.04147863305104249,31.92468480802572,0,0.0,0.0,-1.0,HUBERT_BASE,6
7021-79740-0006_4446-2273-0034__T1__SCV3FIX__VOICE-7021_CONTENT-4446-4446-2273-0034,7021,4446,,8.43,6,0.0,0.0,0.0,0.0842574048849371,0.036338034897032245,39.183954337025625,0,0.0,0.0,-1.0,HUBERT_BASE,6
4507-16021-0058_2830-3980-0044__T2__SCV3FIX__VOICE-2830_CONTENT-4507-4507-16021-0058,2830,4507,,14.2,5,0.0,0.0,0.0,0.09702700913797835,0.05381858561993036,44.347412963672035,0,0.0,0.0,-1.0,HUBERT_BASE,6
6829-68769-0005_4970-29095-0036__T1__SCV3FIX__VOICE-6829_CONTENT-4970-4970-29095-0036,6829,4970,,0.08,9,0.5555555555555556,0.3333333333333333,0.2222222222222222,0.011306165456992997,-0.10378439263966777,12.488210040670854,1,2.5,2.5,1.5,HUBERT_BASE,6
8230-279154-0016_1188-133604-0004__T2__SCV3FIX__VOICE-1188_CONTENT-8230-8230-279154-0016,1188,8230,,8.93,20,0.1,0.0,0.0,0.08186413302480919,-0.06598658238720367,20.079289286167416,1,1.0,1.0,1.0,HUBERT_BASE,6
7176-92135-0032_4970-29093-0011__T2__SCV3FIX__VOICE-4970_CONTENT-7176-7176-92135-0032,4970,7176,,-24.3,5,1.0,1.0,1.0,-0.07218379010958846,-0.13101333117718816,-43.42345471051442,1,2.5,2.5,0.0,HUBERT_BASE,6
1580-141083-0024_237-134500-0028__T1__SCV3FIX__VOICE-1580_CONTENT-237-237-134500-0028,1580,237,,6.8,7,0.2857142857142857,0.0,0.0,0.06203424987864773,-0.03531718604468648,20.26881518970503,0,0.0,0.0,-1.0,HUBERT_BASE,6
3570-5694-0017_1221-135766-0013__T2__SCV3FIX__VOICE-1221_CONTENT-3570-3570-5694-0017,1221,3570,,6.88,6,0.0,0.0,0.0,0.0635926250897096,0.029234051119725657,25.517677326627147,0,0.0,0.0,-1.0,HUBERT_BASE,6
3570-5695-0000_5105-28233-0006__T2__SCV3FIX__VOICE-5105_CONTENT-3570-3570-5695-0000,5105,3570,,18.91,8,0.0,0.0,0.0,0.06440336356020997,0.003624201180477349,37.99764941680983,0,0.0,0.0,-1.0,HUBERT_BASE,6
1284-1180-0002_61-70970-0009__T2__SCV3FIX__VOICE-61_CONTENT-1284-1284-1180-0002,61,1284,,11.65,5,0.0,0.0,0.0,0.09929718417328548,0.06671970949247963,31.824696271516707,0,0.0,0.0,-1.0,HUBERT_BASE,6
7729-102255-0017_4970-29093-0009__T2__SCV3FIX__VOICE-4970_CONTENT-7729-7729-102255-0017,4970,7729,,15.8,17,0.058823529411764705,0.0,0.0,0.09607341810092562,-0.009616784878776485,27.12312633515383,0,0.0,0.0,-1.0,HUBERT_BASE,6
2830-3979-0002_237-126133-0018__T1__SCV3FIX__VOICE-2830_CONTENT-237-237-126133-0018,2830,237,,11.75,7,0.0,0.0,0.0,0.08112057361687604,0.023012524761680253,33.16350104260733,0,0.0,0.0,-1.0,HUBERT_BASE,6
4446-2275-0022_6930-81414-0012__T2__SCV3FIX__VOICE-6930_CONTENT-4446-4446-2275-0022,6930,4446,,10.71,5,0.0,0.0,0.0,0.07802493677271642,0.016426317116609246,26.203258632182223,0,0.0,0.0,-1.0,HUBERT_BASE,6
4446-2271-0024_61-70970-0025__T2__SCV3FIX__VOICE-61_CONTENT-4446-4446-2271-0024,61,4446,,13.45,5,0.0,0.0,0.0,0.11203823837213792,0.0738393097557396,32.31843805520407,0,0.0,0.0,-1.0,HUBERT_BASE,6
1995-1836-0011_8463-294825-0015__T2__SCV3FIX__VOICE-8463_CONTENT-1995-1995-1836-0011,8463,1995,,15.41,5,0.0,0.0,0.0,0.11318462787785095,0.06468456705292391,37.28341659541793,0,0.0,0.0,-1.0,HUBERT_BASE,6
61-70970-0020_4507-16021-0018__T2__SCV3FIX__VOICE-4507_CONTENT-61-61-70970-0020,4507,61,,14.19,5,0.0,0.0,0.0,0.09889546583643001,0.059035720779098355,44.30886512461247,0,0.0,0.0,-1.0,HUBERT_BASE,6
7127-75946-0009_1580-141083-0010__T2__SCV3FIX__VOICE-1580_CONTENT-7127-7127-75946-0009,1580,7127,,-22.32,8,1.0,1.0,1.0,-0.08922532847039637,-0.12854456644461154,-33.70613835299745,1,4.0,4.0,0.0,HUBERT_BASE,6
1221-135767-0024_8555-284449-0015__T1__SCV3FIX__VOICE-1221_CONTENT-8555-8555-284449-0015,1221,8555,,-2.47,9,0.3333333333333333,0.4444444444444444,0.3333333333333333,0.010506656237138609,-0.09751421316596376,1.7647936590933497,1,1.0,1.0,0.0,HUBERT_BASE,6
5142-33396-0022_8463-294828-0028__T2__SCV3FIX__VOICE-8463_CONTENT-5142-5142-33396-0022,8463,5142,,-1.28,8,0.25,0.125,0.0,0.021517169689433346,-0.04228587074477885,10.594026735304645,1,1.0,1.0,3.0,HUBERT_BASE,6
4446-2271-0013_1284-1180-0024__T1__SCV3FIX__VOICE-4446_CONTENT-1284-1284-1180-0024,4446,1284,,7.08,7,0.0,0.0,0.0,0.0974069531072155,0.010856093053191018,31.334827843156226,0,0.0,0.0,-1.0,HUBERT_BASE,6
61-70970-0026_8555-292519-0005__T2__SCV3FIX__VOICE-8555_CONTENT-61-61-70970-0026,8555,61,,16.08,9,0.0,0.0,0.0,0.10121234686240184,0.030059502805550475,33.18253196921889,0,0.0,0.0,-1.0,HUBERT_BASE,6
3570-5695-0008_7021-79759-0003__T2__SCV3FIX__VOICE-7021_CONTENT-3570-3570-5695-0008,7021,3570,,14.31,8,0.0,0.0,0.0,0.06812831382959807,0.00067330221613493,40.55766664993767,0,0.0,0.0,-1.0,HUBERT_BASE,6
1284-1180-0010_4992-41806-0003__T2__SCV3FIX__VOICE-4992_CONTENT-1284-1284-1180-0010,4992,1284,,12.98,16,0.0,0.0,0.0,0.07073083754435769,0.03393346205635561,35.385011919172385,0,0.0,0.0,-1.0,HUBERT_BASE,6
672-122797-0003_4446-2275-0010__T2__SCV3FIX__VOICE-4446_CONTENT-672-672-122797-0003,4446,672,,-24.62,6,0.6666666666666666,1.0,0.6666666666666666,-0.022830772257832126,-0.07988829050855006,-25.45361601385982,2,1.0,1.0,0.0,HUBERT_BASE,6
1580-141083-0030_1995-1837-0014__T1__SCV3FIX__VOICE-1580_CONTENT-1995-1995-1837-0014,1580,1995,,-1.92,5,0.4,0.0,0.0,0.02499045101687052,-0.026144689392903486,6.469231688646417,1,1.0,1.0,0.0,HUBERT_BASE,6
1089-134686-0007_8455-210777-0052__T1__SCV3FIX__VOICE-1089_CONTENT-8455-8455-210777-0052,1089,8455,,9.6,6,0.0,0.0,0.0,0.11351520473532813,0.05082291263023975,34.59737652920617,0,0.0,0.0,-1.0,HUBERT_BASE,6
2830-3980-0037_4970-29095-0020__T1__SCV3FIX__VOICE-2830_CONTENT-4970-4970-29095-0020,2830,4970,,12.07,11,0.0,0.0,0.0,0.12182804969278616,0.047277571643224436,42.41923495716794,0,0.0,0.0,-1.0,HUBERT_BASE,6
61-70968-0009_4446-2271-0011__T1__SCV3FIX__VOICE-61_CONTENT-4446-4446-2271-0011,61,4446,,10.24,6,0.0,0.0,0.0,0.10522397858402123,0.08751530114201245,32.86563127158978,0,0.0,0.0,-1.0,HUBERT_BASE,6
1580-141084-0009_7176-88083-0018__T2__SCV3FIX__VOICE-7176_CONTENT-1580-1580-141084-0009,7176,1580,,11.98,8,0.0,0.0,0.0,0.08956225388072821,0.0728871851223889,37.10070894977056,0,0.0,0.0,-1.0,HUBERT_BASE,6
6930-76324-0001_61-70970-0040__T1__SCV3FIX__VOICE-6930_CONTENT-61-61-70970-0040,6930,61,,13.6,5,0.4,0.0,0.0,0.0352994336649612,-0.003650199485501493,20.60021074077121,1,1.0,1.0,1.5,HUBERT_BASE,6
672-122797-0006_4077-13751-0002__T2__SCV3FIX__VOICE-4077_CONTENT-672-672-122797-0006,4077,672,,-10.69,18,0.3333333333333333,0.7777777777777778,0.3333333333333333,0.011898464996561837,-0.1400368418193111,-7.188395985950335,1,1.0,1.0,5.0,HUBERT_BASE,6
237-134500-0032_7176-92135-0032__T2__SCV3FIX__VOICE-7176_CONTENT-237-237-134500-0032,7176,237,,13.09,5,0.0,0.0,0.0,0.09592014606822932,0.03943490137111594,41.32593710928273,0,0.0,0.0,-1.0,HUBERT_BASE,6
4077-13751-0013_6829-68769-0005__T2__SCV3FIX__VOICE-6829_CONTENT-4077-4077-13751-0013,6829,4077,,-22.89,7,1.0,1.0,1.0,-0.11756919955802698,-0.22881896209955577,-33.600472020642975,1,3.5,3.5,0.0,HUBERT_BASE,6
1580-141084-0023_672-122797-0061__T1__SCV3FIX__VOICE-1580_CONTENT-672-672-122797-0061,1580,672,,-14.61,14,0.7142857142857143,1.0,0.7142857142857143,-0.02252468074522387,-0.09545171069930314,-19.852666701234227,2,3.0,2.25,1.5,HUBERT_BASE,6
121-121726-0000_3570-5694-0022__T1__SCV3FIX__VOICE-121_CONTENT-3570-3570-5694-0022,121,3570,,-30.03,7,1.0,1.0,1.0,-0.09920097564947192,-0.19379878913149617,-42.55722827488356,1,3.5,3.5,0.0,HUBERT_BASE,6
3575-170457-0019_2961-960-0018__T2__SCV3FIX__VOICE-2961_CONTENT-3575-3575-170457-0019,2961,3575,,10.89,11,0.0,0.0,0.0,0.09365149153518475,0.02463167696732682,37.53196834242868,0,0.0,0.0,-1.0,HUBERT_BASE,6
8455-210777-0056_1188-133604-0022__T2__SCV3FIX__VOICE-1188_CONTENT-8455-8455-210777-0056,1188,8455,,11.78,10,0.4,0.0,0.0,0.010197335508890116,-0.07478803692420344,27.697374930552648,1,2.0,2.0,1.5,HUBERT_BASE,6
2961-961-0008_4992-23283-0002__T1__SCV3FIX__VOICE-2961_CONTENT-4992-4992-23283-0002,2961,4992,,-2.18,5,0.4,1.0,0.4,0.023253012767862246,-0.01735693285065376,-6.1353485422266765,0,0.0,0.0,-1.0,HUBERT_BASE,6
2094-142345-0027_7021-79759-0000__T2__SCV3FIX__VOICE-7021_CONTENT-2094-2094-142345-0027,7021,2094,,13.55,8,0.0,0.0,0.0,0.07132979364526522,0.02439600180471302,37.96283229260333,0,0.0,0.0,-1.0,HUBERT_BASE,6
8455-210777-0046_8230-279154-0016__T2__SCV3FIX__VOICE-8230_CONTENT-8455-8455-210777-0046,8230,8455,,10.29,17,0.4117647058823529,0.0,0.0,0.016844979525032434,-0.08599161929762367,15.015198362436703,2,1.5,1.25,5.5,HUBERT_BASE,6
1580-141083-0036_2300-131720-0012__T2__SCV3FIX__VOICE-2300_CONTENT-1580-1580-141083-0036,2300,1580,,10.52,6,0.0,0.0,0.0,0.08061423073557171,0.0311110609508074,42.85201574534876,0,0.0,0.0,-1.0,HUBERT_BASE,6
4992-41806-0017_8555-292519-0003__T2__SCV3FIX__VOICE-8555_CONTENT-4992-4992-41806-0017,8555,4992,,-23.55,20,0.95,1.0,0.95,-0.10146810171520888,-0.21210613004746426,-28.822441622710908,2,5.5,4.75,0.0,HUBERT_BASE,6
61-70970-0036_1089-134686-0016__T1__SCV3FIX__VOICE-61_CONTENT-1089-1089-134686-0016,61,1089,,2.3,6,0.0,0.0,0.0,0.06795671604830467,0.005307252410654328,11.385480184132163,0,0.0,0.0,-1.0,HUBERT_BASE,6
7729-102255-0043_3575-170457-0028__T1__SCV3FIX__VOICE-7729_CONTENT-3575-3575-170457-0028,7729,3575,,12.6,10,0.0,0.0,0.0,0.1500353850416522,0.06605827676263576,39.48471925733453,0,0.0,0.0,-1.0,HUBERT_BASE,6
6930-81414-0010_3729-6852-0036__T2__SCV3FIX__VOICE-3729_CONTENT-6930-6930-81414-0010,3729,6930,,-21.78,6,1.0,1.0,1.0,-0.12052785346985341,-0.1997151334873868,-34.22834258231082,1,3.0,3.0,0.0,HUBERT_BASE,6
3570-5694-0019_5105-28240-0024__T1__SCV3FIX__VOICE-3570_CONTENT-5105-5105-28240-0024,3570,5105,,-24.73,6,1.0,1.0,1.0,-0.07589128809716794,-0.12980890788151422,-37.50944499308839,1,3.0,3.0,0.0,HUBERT_BASE,6
8455-210777-0042_8555-284449-0020__T2__SCV3FIX__VOICE-8555_CONTENT-8455-8455-210777-0042,8555,8455,,-23.74,8,1.0,1.0,1.0,-0.09673714100905477,-0.1145285345059992,-37.48710826587345,1,4.0,4.0,0.0,HUBERT_BASE,6
5105-28240-0019_6829-68771-0015__T1__SCV3FIX__VOICE-5105_CONTENT-6829-6829-68771-0015,5105,6829,,11.24,8,0.0,0.0,0.0,0.09948311075632058,0.06910986100661054,37.80888120429198,0,0.0,0.0,-1.0,HUBERT_BASE,6
672-122797-0029_6829-68769-0026__T1__SCV3FIX__VOICE-672_CONTENT-6829-6829-68769-0026,672,6829,,-7.13,5,0.4,0.2,0.2,0.014569117263627928,-0.06409191957082272,15.801055428133662,1,1.0,1.0,0.0,HUBERT_BASE,6
7176-92135-0036_3570-5696-0004__T1__SCV3FIX__VOICE-7176_CONTENT-3570-3570-5696-0004,7176,3570,,6.05,8,0.0,0.0,0.0,0.08109279940651808,0.06619662937456117,31.998328541751157,0,0.0,0.0,-1.0,HUBERT_BASE,6
61-70970-0023_3570-5696-0007__T2__SCV3FIX__VOICE-3570_CONTENT-61-61-70970-0023,3570,61,,-24.38,6,1.0,1.0,1.0,-0.0874393745603262,-0.1516435823454284,-31.567941410333145,1,3.0,3.0,0.0,HUBERT_BASE,6
4507-16021-0031_260-123288-0022__T1__SCV3FIX__VOICE-4507_CONTENT-260-260-123288-0022,4507,260,,-31.53,6,1.0,1.0,1.0,-0.10656140497217181,-0.14485270358611368,-42.82794250744684,1,3.0,3.0,0.0,HUBERT_BASE,6
6829-68769-0034_5683-32866-0006__T2__SCV3FIX__VOICE-5683_CONTENT-6829-6829-68769-0034,5683,6829,,8.45,7,0.0,0.0,0.0,0.06540710748529872,0.012773099268816868,34.68895185781655,0,0.0,0.0,-1.0,HUBERT_BASE,6
7729-102255-0002_1995-1837-0025__T2__SCV3FIX__VOICE-1995_CONTENT-7729-7729-102255-0002,1995,7729,,-25.14,15,1.0,1.0,1.0,-0.12121946971063895,-0.22197444125963328,-32.65254428145231,1,7.5,7.5,0.0,HUBERT_BASE,6
61-70968-0057_8463-287645-0012__T2__SCV3FIX__VOICE-8463_CONTENT-61-61-70968-0057,8463,61,,-15.22,9,1.0,1.0,1.0,-0.07471503194415133,-0.11110479079629243,-20.600830540289834,1,4.5,4.5,0.0,HUBERT_BASE,6
7176-92135-0045_8555-284447-0014__T1__SCV3FIX__VOICE-7176_CONTENT-8555-8555-284447-0014,7176,8555,,18.19,9,0.0,0.0,0.0,0.09040365622379426,0.04286337448141708,41.12720471962394,0,0.0,0.0,-1.0,HUBERT_BASE,6
1995-1837-0027_4970-29095-0022__T2__SCV3FIX__VOICE-4970_CONTENT-1995-1995-1837-0027,4970,1995,,7.49,8,0.25,0.0,0.0,0.04411254492982428,-0.021246791727396963,25.926453975602033,0,0.0,0.0,-1.0,HUBERT_BASE,6
5639-40744-0007_4970-29095-0023__T1__SCV3FIX__VOICE-5639_CONTENT-4970-4970-29095-0023,5639,4970,,10.41,6,0.0,0.0,0.0,0.08246845423418962,0.0463284300036203,34.4091427157334,0,0.0,0.0,-1.0,HUBERT_BASE,6
4446-2271-0001_1995-1837-0025__T1__SCV3FIX__VOICE-4446_CONTENT-1995-1995-1837-0025,4446,1995,,12.98,11,0.0,0.0,0.0,0.1063171095655855,0.047574935133811835,38.35725242109651,0,0.0,0.0,-1.0,HUBERT_BASE,6
260-123288-0027_1995-1826-0001__T2__SCV3FIX__VOICE-1995_CONTENT-260-260-123288-0027,1995,260,,-21.85,11,1.0,1.0,1.0,-0.09882900983546881,-0.15860559129667107,-32.944940668453675,1,5.5,5.5,0.0,HUBERT_BASE,6
8463-294828-0036_3570-5694-0019__T1__SCV3FIX__VOICE-8463_CONTENT-3570-3570-5694-0019,8463,3570,,16.41,6,0.0,0.0,0.0,0.06778820464094419,0.032326997606745844,43.699096039131355,0,0.0,0.0,-1.0,HUBERT_BASE,6
237-126133-0022_3575-170457-0054__T2__SCV3FIX__VOICE-3575_CONTENT-237-237-126133-0022,3575,237,,-7.26,9,1.0,0.8888888888888888,0.8888888888888888,-0.06896955115535643,-0.18028575895976406,-18.00627186404199,1,4.5,4.5,0.0,HUBERT_BASE,6
61-70970-0003_6930-76324-0024__T2__SCV3FIX__VOICE-6930_CONTENT-61-61-70970-0003,6930,61,,-9.08,6,1.0,1.0,1.0,-0.07727679536150099,-0.10108828492782529,-30.354017137660865,1,3.0,3.0,0.0,HUBERT_BASE,6
3575-170457-0000_672-122797-0005__T1__SCV3FIX__VOICE-3575_CONTENT-672-672-122797-0005,3575,672,,-21.02,5,1.0,1.0,1.0,-0.0877606365730852,-0.1527566476789458,-28.521489903922465,1,2.5,2.5,0.0,HUBERT_BASE,6
237-126133-0001_7729-102255-0000__T1__SCV3FIX__VOICE-237_CONTENT-7729-7729-102255-0000,237,7729,,-24.0,5,1.0,1.0,1.0,-0.1018444841569176,-0.14277955177007762,-32.78033649408256,1,2.5,2.5,0.0,HUBERT_BASE,6
5142-33396-0052_672-122797-0072__T1__SCV3FIX__VOICE-5142_CONTENT-672-672-122797-0072,5142,672,,-28.8,9,1.0,1.0,1.0,-0.14716344324312247,-0.1809200730678595,-39.46393905250666,1,4.5,4.5,0.0,HUBERT_BASE,6
6930-76324-0014_1995-1837-0024__T1__SCV3FIX__VOICE-6930_CONTENT-1995-1995-1837-0024,6930,1995,,14.41,8,0.0,0.0,0.0,0.1182290436980118,0.04596692651043632,44.68159391740747,0,0.0,0.0,-1.0,HUBERT_BASE,6
1995-1836-0005_2300-131720-0012__T2__SCV3FIX__VOICE-2300_CONTENT-1995-1995-1836-0005,2300,1995,,11.32,20,0.0,0.0,0.0,0.126376954874269,0.05514836529753475,34.50823761843589,0,0.0,0.0,-1.0,HUBERT_BASE,6
6829-68769-0031_260-123288-0000__T2__SCV3FIX__VOICE-260_CONTENT-6829-6829-68769-0031,260,6829,,10.84,4,0.0,0.0,0.0,0.1018902566684913,0.07200742296786289,39.78431051635043,0,0.0,0.0,-1.0,HUBERT_BASE,6
5683-32866-0028_1089-134691-0005__T1__SCV3FIX__VOICE-5683_CONTENT-1089-1089-134691-0005,5683,1089,,17.1,9,0.0,0.0,0.0,0.08694436557503936,0.02059894442205834,42.78238425935404,0,0.0,0.0,-1.0,HUBERT_BASE,6
5105-28240-0022_4446-2275-0021__T1__SCV3FIX__VOICE-5105_CONTENT-4446-4446-2275-0021,5105,4446,,4.77,7,0.0,0.0,0.0,0.17889503871979726,0.06843614946986076,28.471698652663424,0,0.0,0.0,-1.0,HUBERT_BASE,6
6930-76324-0006_5683-32865-0016__T1__SCV3FIX__VOICE-6930_CONTENT-5683-5683-32865-0016,6930,5683,,-22.54,5,1.0,1.0,1.0,-0.08504216717589923,-0.1057411399495829,-37.39678737863282,1,2.5,2.5,0.0,HUBERT_BASE,6
5639-40744-0025_8463-294825-0016__T2__SCV3FIX__VOICE-8463_CONTENT-5639-5639-40744-0025,8463,5639,,-17.89,7,1.0,1.0,1.0,-0.08826879380926918,-0.1218774262970107,-30.606485750304522,1,3.5,3.5,0.0,HUBERT_BASE,6
4446-2273-0023_6829-68769-0002__T2__SCV3FIX__VOICE-6829_CONTENT-4446-4446-2273-0023,6829,4446,,11.67,5,0.0,0.0,0.0,0.047091318532744286,0.029110190070536168,29.94648883714609,0,0.0,0.0,-1.0,HUBERT_BASE,6
7127-75947-0039_1580-141084-0008__T1__SCV3FIX__VOICE-7127_CONTENT-1580-1580-141084-0008,7127,1580,,7.26,12,0.0,0.0,0.0,0.10203751357982767,0.053691207288755205,34.97983955498247,0,0.0,0.0,-1.0,HUBERT_BASE,6
6829-68771-0006_8463-294828-0016__T2__SCV3FIX__VOICE-8463_CONTENT-6829-6829-68771-0006,8463,6829,,16.28,5,0.4,0.0,0.0,0.01422736628556387,-0.08896482343156231,30.971390913687095,1,1.0,1.0,0.5,HUBERT_BASE,6
4446-2273-0015_672-122797-0071__T1__SCV3FIX__VOICE-4446_CONTENT-672-672-122797-0071,4446,672,,-25.65,8,1.0,1.0,1.0,-0.09263360442708296,-0.189148493151712,-34.62400839662287,1,4.0,4.0,0.0,HUBERT_BASE,6
5683-32866-0013_6829-68771-0005__T2__SCV3FIX__VOICE-6829_CONTENT-5683-5683-32866-0013,6829,5683,,-21.06,11,1.0,1.0,1.0,-0.07842125779045507,-0.11706978434360804,-24.173157713975744,1,5.5,5.5,0.0,HUBERT_BASE,6
1089-134686-0015_5142-33396-0067__T2__SCV3FIX__VOICE-5142_CONTENT-1089-1089-134686-0015,5142,1089,,-24.09,10,1.0,1.0,1.0,-0.1334212813628813,-0.20208699652104933,-46.71409904978471,1,5.0,5.0,0.0,HUBERT_BASE,6
1580-141083-0032_672-122797-0032__T2__SCV3FIX__VOICE-672_CONTENT-1580-1580-141083-0032,672,1580,,8.4,7,0.0,0.0,0.0,0.1104729722727603,0.03611487077962516,35.7720038632725,0,0.0,0.0,-1.0,HUBERT_BASE,6
8463-287645-0010_7021-85628-0011__T1__SCV3FIX__VOICE-8463_CONTENT-7021-7021-85628-0011,8463,7021,,11.41,7,0.0,0.0,0.0,0.08329977725630074,0.0028263984507329587,34.7469644148839,0,0.0,0.0,-1.0,HUBERT_BASE,6
1188-133604-0005_6829-68769-0036__T2__SCV3FIX__VOICE-6829_CONTENT-1188-1188-133604-0005,6829,1188,,-28.09,9,1.0,1.0,1.0,-0.058533929189004276,-0.09735043152054712,-29.472825521735032,1,4.5,4.5,0.0,HUBERT_BASE,6
4446-2275-0041_5142-33396-0010__T1__SCV3FIX__VOICE-4446_CONTENT-5142-5142-33396-0010,4446,5142,,10.04,5,0.0,0.0,0.0,0.06254106829924619,0.04049175896723389,23.401046026994507,0,0.0,0.0,-1.0,HUBERT_BASE,6
61-70968-0017_2961-960-0022__T2__SCV3FIX__VOICE-2961_CONTENT-61-61-70968-0017,2961,61,,-18.32,9,1.0,1.0,1.0,-0.11228223955664232,-0.16544777714548697,-31.15176416785765,1,4.5,4.5,0.0,HUBERT_BASE,6
61-70970-0023_908-31957-0009__T1__SCV3FIX__VOICE-61_CONTENT-908-908-31957-0009,61,908,,-0.85,6,0.6666666666666666,0.6666666666666666,0.5,-0.01116269815628936,-0.10521966008509043,-1.8516914558805908,1,2.0,2.0,0.0,HUBERT_BASE,6
1284-1181-0003_8463-294825-0015__T1__SCV3FIX__VOICE-1284_CONTENT-8463-8463-294825-0015,1284,8463,,-1.35,5,0.2,0.4,0.0,0.02890160111107909,-0.003987014689219581,0.6962191489613944,0,0.0,0.0,-1.0,HUBERT_BASE,6
5639-40744-0010_61-70968-0050__T2__SCV3FIX__VOICE-61_CONTENT-5639-5639-40744-0010,61,5639,,6.94,7,0.0,0.0,0.0,0.08579867318443886,0.01576858821377325,27.97068112390813,0,0.0,0.0,-1.0,HUBERT_BASE,6
121-127105-0020_2830-3980-0039__T1__SCV3FIX__VOICE-121_CONTENT-2830-2830-3980-0039,121,2830,,-10.06,9,0.7777777777777778,1.0,0.7777777777777778,-0.0307754096536282,-0.07951498741865637,-20.68585411322957,1,3.5,3.5,1.0,HUBERT_BASE,6
8555-292519-0012_4970-29093-0002__T1__SCV3FIX__VOICE-8555_CONTENT-4970-4970-29093-0002,8555,4970,,14.64,9,0.1111111111111111,0.0,0.0,0.04560975796913311,-0.10570574855461923,51.88598785543465,0,0.0,0.0,-1.0,HUBERT_BASE,6
1089-134686-0034_5639-40744-0005__T1__SCV3FIX__VOICE-1089_CONTENT-5639-5639-40744-0005,1089,5639,,11.81,10,0.0,0.0,0.0,0.06794107939396946,0.001147449130408651,24.20403258882667,0,0.0,0.0,-1.0,HUBERT_BASE,6
4077-13751-0013_1284-1181-0005__T2__SCV3FIX__VOICE-1284_CONTENT-4077-4077-13751-0013,1284,4077,,-20.29,6,1.0,1.0,1.0,-0.06662533131506919,-0.12237226718298677,-27.06038953773957,1,3.0,3.0,0.0,HUBERT_BASE,6
260-123286-0023_4507-16021-0051__T1__SCV3FIX__VOICE-260_CONTENT-4507-4507-16021-0051,260,4507,,-26.13,10,1.0,1.0,1.0,-0.08017408304750936,-0.14309347242589432,-36.02473061480788,1,5.0,5.0,0.0,HUBERT_BASE,6
2300-131720-0026_4446-2273-0008__T1__SCV3FIX__VOICE-2300_CONTENT-4446-4446-2273-0008,2300,4446,,8.97,14,0.0,0.0,0.0,0.10320173021086812,0.041453477321031995,42.23616712588707,0,0.0,0.0,-1.0,HUBERT_BASE,6
672-122797-0071_4446-2271-0012__T2__SCV3FIX__VOICE-4446_CONTENT-672-672-122797-0071,4446,672,,9.68,6,0.0,0.0,0.0,0.10660593253927016,0.08508372643794804,36.86797641414116,0,0.0,0.0,-1.0,HUBERT_BASE,6
8555-284447-0023_3570-5696-0000__T2__SCV3FIX__VOICE-3570_CONTENT-8555-8555-284447-0023,3570,8555,,-25.32,13,1.0,1.0,1.0,-0.0718904892148639,-0.13906383236276632,-32.99544233918794,1,6.5,6.5,0.0,HUBERT_BASE,6
2094-142345-0035_4507-16021-0022__T2__SCV3FIX__VOICE-4507_CONTENT-2094-2094-142345-0035,4507,2094,,-17.42,6,1.0,1.0,1.0,-0.08292523982012266,-0.10892188331197983,-34.913819383606096,1,3.0,3.0,0.0,HUBERT_BASE,6
908-157963-0028_7127-75946-0013__T1__SCV3FIX__VOICE-908_CONTENT-7127-7127-75946-0013,908,7127,,6.58,8,0.0,0.0,0.0,0.13961807424655034,0.019031883039822728,34.39289220584789,0,0.0,0.0,-1.0,HUBERT_BASE,6
4970-29093-0022_8463-287645-0004__T2__SCV3FIX__VOICE-8463_CONTENT-4970-4970-29093-0022,8463,4970,,8.45,11,0.0,0.0,0.0,0.07224098334477119,0.014335629732092459,36.77496637100995,0,0.0,0.0,-1.0,HUBERT_BASE,6
6829-68769-0022_672-122797-0012__T2__SCV3FIX__VOICE-672_CONTENT-6829-6829-68769-0022,672,6829,,13.16,7,0.14285714285714285,0.0,0.0,0.053575586437119314,-0.011596496306215509,29.10200477403251,0,0.0,0.0,-1.0,HUBERT_BASE,6
4970-29095-0018_6930-81414-0010__T1__SCV3FIX__VOICE-4970_CONTENT-6930-6930-81414-0010,4970,6930,,-22.5,6,1.0,1.0,1.0,-0.12252955737348543,-0.15690171404793984,-29.881905401857612,1,3.0,3.0,0.0,HUBERT_BASE,6
8230-279154-0035_1580-141084-0047__T2__SCV3FIX__VOICE-1580_CONTENT-8230-8230-279154-0035,1580,8230,,-24.53,9,1.0,1.0,1.0,-0.08285757418857916,-0.1374957053953607,-35.492805850340766,1,4.5,4.5,0.0,HUBERT_BASE,6
7127-75947-0001_61-70968-0041__T1__SCV3FIX__VOICE-7127_CONTENT-61-61-70968-0041,7127,61,,7.21,12,0.08333333333333333,0.0,0.0,0.10684828133451425,-0.006072100954752968,19.527905681589168,0,0.0,0.0,-1.0,HUBERT_BASE,6
8230-279154-0016_1580-141083-0030__T1__SCV3FIX__VOICE-8230_CONTENT-1580-1580-141083-0030,8230,1580,,9.32,5,0.0,0.0,0.0,0.07525986988589957,0.04113108849621472,30.472103816756942,0,0.0,0.0,-1.0,HUBERT_BASE,6
61-70968-0051_4992-41806-0000__T2__SCV3FIX__VOICE-4992_CONTENT-61-61-70968-0051,4992,61,,5.2,5,0.6,0.0,0.0,0.010046351017815591,-0.02214104802735206,13.986969953294613,1,1.0,1.0,1.5,HUBERT_BASE,6
4507-16021-0003_237-134500-0039__T1__SCV3FIX__VOICE-4507_CONTENT-237-237-134500-0039,4507,237,,-15.37,8,1.0,1.0,1.0,-0.1193576882758459,-0.1853139959465827,-41.396607401744234,1,4.0,4.0,0.0,HUBERT_BASE,6
4992-23283-0005_6829-68769-0034__T1__SCV3FIX__VOICE-4992_CONTENT-6829-6829-68769-0034,4992,6829,,-16.21,11,1.0,1.0,1.0,-0.047017276691397485,-0.16864063343634095,-18.54527167233981,1,5.5,5.5,0.0,HUBERT_BASE,6
908-157963-0012_8463-294828-0010__T1__SCV3FIX__VOICE-908_CONTENT-8463-8463-294828-0010,908,8463,,14.3,14,0.0,0.0,0.0,0.09369946721798907,0.02632093533808566,36.09348318462234,0,0.0,0.0,-1.0,HUBERT_BASE,6
4970-29095-0001_61-70968-0015__T1__SCV3FIX__VOICE-4970_CONTENT-61-61-70968-0015,4970,61,,-23.4,9,1.0,1.0,1.0,-0.09874178363659446,-0.20550057045133263,-33.250402580547295,1,4.5,4.5,0.0,HUBERT_BASE,6
4507-16021-0046_121-127105-0023__T2__SCV3FIX__VOICE-121_CONTENT-4507-4507-16021-0046,121,4507,,-5.0,8,0.375,0.875,0.375,-0.010481678575993678,-0.1299033717638408,-7.4792498389600635,1,1.0,1.0,0.5,HUBERT_BASE,6
1995-1837-0000_8224-274384-0013__T1__SCV3FIX__VOICE-1995_CONTENT-8224-8224-274384-0013,1995,8224,,-21.36,6,0.8333333333333334,1.0,0.8333333333333334,-0.0916831058040911,-0.1578300623397645,-32.58337390144761,2,1.5,1.25,0.0,HUBERT_BASE,6
1089-134686-0021_4992-41797-0018__T1__SCV3FIX__VOICE-1089_CONTENT-4992-4992-41797-0018,1089,4992,,14.61,12,0.0,0.0,0.0,0.10748077256112938,0.009986400404520146,38.932566169871826,0,0.0,0.0,-1.0,HUBERT_BASE,6
4970-29093-0015_2961-961-0016__T1__SCV3FIX__VOICE-4970_CONTENT-2961-2961-961-0016,4970,2961,,-18.59,5,1.0,1.0,1.0,-0.08569162508016129,-0.11389465339607907,-41.64554790965272,1,2.5,2.5,0.0,HUBERT_BASE,6
2830-3980-0047_3729-6852-0022__T1__SCV3FIX__VOICE-2830_CONTENT-3729-3729-6852-0022,2830,3729,,11.66,14,0.0,0.0,0.0,0.12443742268447673,0.037406264380888454,40.50481354527923,0,0.0,0.0,-1.0,HUBERT_BASE,6
1089-134686-0024_1995-1836-0013__T1__SCV3FIX__VOICE-1089_CONTENT-1995-1995-1836-0013,1089,1995,,14.33,9,0.0,0.0,0.0,0.12481924851919085,0.06727474793352728,37.96276960169629,0,0.0,0.0,-1.0,HUBERT_BASE,6
6829-68769-0039_61-70968-0055__T1__SCV3FIX__VOICE-6829_CONTENT-61-61-70968-0055,6829,61,,-13.42,6,0.6666666666666666,0.8333333333333334,0.6666666666666666,-0.023250143071477308,-0.06567025444716057,-10.583915761423563,2,1.0,1.0,0.0,HUBERT_BASE,6
5142-33396-0037_4446-2271-0010__T1__SCV3FIX__VOICE-5142_CONTENT-4446-4446-2271-0010,5142,4446,,-26.14,5,1.0,1.0,1.0,-0.07465370081660369,-0.1089903840481028,-45.91365249343369,1,2.5,2.5,0.0,HUBERT_BASE,6
7176-92135-0013_672-122797-0059__T1__SCV3FIX__VOICE-7176_CONTENT-672-672-122797-0059,7176,672,,7.96,5,0.0,0.0,0.0,0.16271135643704127,0.08552134536429878,38.663530072453796,0,0.0,0.0,-1.0,HUBERT_BASE,6
61-70970-0036_8555-284447-0002__T1__SCV3FIX__VOICE-61_CONTENT-8555-8555-284447-0002,61,8555,,12.2,12,0.0,0.0,0.0,0.1373181087972196,0.08698260610183961,42.97905677468512,0,0.0,0.0,-1.0,HUBERT_BASE,6
8555-284449-0003_6930-81414-0027__T1__SCV3FIX__VOICE-8555_CONTENT-6930-6930-81414-0027,8555,6930,,12.82,6,0.0,0.0,0.0,0.07528295549373716,0.023954510209691526,42.82887407724459,0,0.0,0.0,-1.0,HUBERT_BASE,6
3575-170457-0026_1995-1826-0018__T1__SCV3FIX__VOICE-3575_CONTENT-1995-1995-1826-0018,3575,1995,,-7.92,9,0.5555555555555556,0.6666666666666666,0.4444444444444444,-0.035307113265679625,-0.21035036496623738,-12.63221009470426,2,1.5,1.25,0.0,HUBERT_BASE,6
61-70968-0025_6930-76324-0006__T1__SCV3FIX__VOICE-61_CONTENT-6930-6930-76324-0006,61,6930,,5.77,7,0.0,0.0,0.0,0.09269266718364236,0.05130034658919591,26.182361193253495,0,0.0,0.0,-1.0,HUBERT_BASE,6
1320-122617-0021_6829-68771-0018__T2__SCV3FIX__VOICE-6829_CONTENT-1320-1320-122617-0021,6829,1320,,-27.09,9,1.0,1.0,1.0,-0.11939429389094919,-0.2006477797904822,-45.19159915987325,1,4.5,4.5,0.0,HUBERT_BASE,6
6930-76324-0026_5683-32865-0003__T1__SCV3FIX__VOICE-6930_CONTENT-5683-5683-32865-0003,6930,5683,,1.51,5,0.6,0.6,0.6,0.018650559899804242,-0.023236260582392476,-5.954217506152181,1,1.0,1.0,0.0,HUBERT_BASE,6
8455-210777-0055_672-122797-0070__T1__SCV3FIX__VOICE-8455_CONTENT-672-672-122797-0070,8455,672,,-12.06,11,0.5454545454545454,1.0,0.5454545454545454,-0.06027804659694898,-0.4291396055224326,-19.246539212045764,1,2.0,2.0,0.0,HUBERT_BASE,6
5683-32866-0006_61-70970-0033__T1__SCV3FIX__VOICE-5683_CONTENT-61-61-70970-0033,5683,61,,-20.29,5,1.0,1.0,1.0,-0.13533798985519185,-0.17482188890550898,-35.545907722022804,1,2.5,2.5,0.0,HUBERT_BASE,6
1089-134686-0029_121-127105-0007__T2__SCV3FIX__VOICE-121_CONTENT-1089-1089-134686-0029,121,1089,,-27.82,8,0.875,1.0,0.875,-0.09083189781743889,-0.20622243694647457,-31.910905430774797,1,3.0,3.0,0.0,HUBERT_BASE,6
2961-960-0014_7176-92135-0000__T2__SCV3FIX__VOICE-7176_CONTENT-2961-2961-960-0014,7176,2961,,12.21,16,0.0,0.0,0.0,0.1136316376360456,0.055554682943879774,40.37794622904501,0,0.0,0.0,-1.0,HUBERT_BASE,6
61-70968-0035_4446-2273-0016__T2__SCV3FIX__VOICE-4446_CONTENT-61-61-70968-0035,4446,61,,-21.54,14,1.0,1.0,1.0,-0.1263245687210576,-0.23793572614473213,-34.081938484010514,1,7.0,7.0,0.0,HUBERT_BASE,6
4077-13754-0003_2961-961-0017__T1__SCV3FIX__VOICE-4077_CONTENT-2961-2961-961-0017,4077,2961,,9.21,10,0.0,0.0,0.0,0.12520624976706815,0.06626391278299804,39.92461937912594,0,0.0,0.0,-1.0,HUBERT_BASE,6
1320-122617-0012_4446-2273-0007__T1__SCV3FIX__VOICE-1320_CONTENT-4446-4446-2273-0007,1320,4446,,11.32,5,0.0,0.0,0.0,0.05903291727652256,0.029413638487578053,37.15786649640067,0,0.0,0.0,-1.0,HUBERT_BASE,6
1580-141083-0049_7176-92135-0036__T2__SCV3FIX__VOICE-7176_CONTENT-1580-1580-141083-0049,7176,1580,,10.2,6,0.0,0.0,0.0,0.1889282464703935,0.07778088930161664,48.13299021228459,0,0.0,0.0,-1.0,HUBERT_BASE,6
6930-76324-0008_5105-28233-0004__T1__SCV3FIX__VOICE-6930_CONTENT-5105-5105-28233-0004,6930,5105,,-17.28,8,1.0,1.0,1.0,-0.08567822592796256,-0.12074644571406257,-30.581482457003304,1,4.0,4.0,0.0,HUBERT_BASE,6
2830-3980-0042_260-123288-0022__T2__SCV3FIX__VOICE-260_CONTENT-2830-2830-3980-0042,260,2830,,-19.84,5,1.0,1.0,1.0,-0.11415357094540173,-0.14232490139214926,-31.859891527950214,1,2.5,2.5,0.0,HUBERT_BASE,6
908-157963-0025_1089-134691-0018__T2__SCV3FIX__VOICE-1089_CONTENT-908-908-157963-0025,1089,908,,-21.84,5,1.0,1.0,1.0,-0.22163512230921203,-0.2755003169604776,-47.56505887662124,1,2.5,2.5,0.0,HUBERT_BASE,6
6829-68769-0022_1580-141084-0031__T1__SCV3FIX__VOICE-6829_CONTENT-1580-1580-141084-0031,6829,1580,,11.27,7,0.0,0.0,0.0,0.04116618584999977,0.0108407740118035,28.14887117874327,0,0.0,0.0,-1.0,HUBERT_BASE,6
61-70970-0036_2961-960-0001__T2__SCV3FIX__VOICE-2961_CONTENT-61-61-70970-0036,2961,61,,1.41,12,0.16666666666666666,0.0,0.0,0.03705620491759543,-0.12586688509198718,14.424691522063641,1,1.0,1.0,4.5,HUBERT_BASE,6
8463-294828-0015_2830-3980-0044__T2__SCV3FIX__VOICE-2830_CONTENT-8463-8463-294828-0015,2830,8463,,14.14,5,0.0,0.0,0.0,0.15152511905368085,0.0781297072043432,43.6704453203748,0,0.0,0.0,-1.0,HUBERT_BASE,6
6930-81414-0021_1320-122617-0003__T2__SCV3FIX__VOICE-1320_CONTENT-6930-6930-81414-0021,1320,6930,,6.83,5,0.0,0.0,0.0,0.11630463759244947,0.07819074701990403,41.25929689579837,0,0.0,0.0,-1.0,HUBERT_BASE,6
8555-284447-0003_4992-23283-0008__T1__SCV3FIX__VOICE-8555_CONTENT-4992-4992-23283-0008,8555,4992,,-11.26,7,0.8571428571428571,0.7142857142857143,0.5714285714285714,-0.0376399112896305,-0.1158596223079692,-10.676534996040148,1,3.0,3.0,0.5,HUBERT_BASE,6
3570-5695-0011_6829-68771-0009__T2__SCV3FIX__VOICE-6829_CONTENT-3570-3570-5695-0011,6829,3570,,15.27,15,0.0,0.0,0.0,0.06243430154900931,0.00836652919008396,36.35771120964928,0,0.0,0.0,-1.0,HUBERT_BASE,6
4507-16021-0009_5639-40744-0002__T2__SCV3FIX__VOICE-5639_CONTENT-4507-4507-16021-0009,5639,4507,,17.89,16,0.0625,0.0,0.0,0.09674375608116276,-0.009361564925836285,39.57867457904078,0,0.0,0.0,-1.0,HUBERT_BASE,6
6829-68771-0027_3570-5696-0010__T2__SCV3FIX__VOICE-3570_CONTENT-6829-6829-68771-0027,3570,6829,,-16.37,9,1.0,1.0,1.0,-0.07678891681518413,-0.13574564185448412,-32.19661387950993,1,4.5,4.5,0.0,HUBERT_BASE,6
6930-76324-0025_1580-141083-0050__T2__SCV3FIX__VOICE-1580_CONTENT-6930-6930-76324-0025,1580,6930,,-9.3,5,0.8,0.8,0.8,-0.03977230445534221,-0.10281477584250487,-18.716549557736336,1,2.0,2.0,0.5,HUBERT_BASE,6
908-31957-0017_6930-81414-0004__T2__SCV3FIX__VOICE-6930_CONTENT-908-908-31957-0017,6930,908,,-19.92,14,1.0,1.0,1.0,-0.1357972157520049,-0.2590008904823313,-37.725196623196574,1,7.0,7.0,0.0,HUBERT_BASE,6
1188-133604-0022_1320-122617-0034__T2__SCV3FIX__VOICE-1320_CONTENT-1188-1188-133604-0022,1320,1188,,-17.91,17,0.47058823529411764,1.0,0.47058823529411764,0.012468765621245855,-0.07832104704122522,-17.33500926173405,2,2.0,1.5,0.5,HUBERT_BASE,6
672-122797-0021_7021-79759-0003__T1__SCV3FIX__VOICE-672_CONTENT-7021-7021-79759-0003,672,7021,,-10.53,7,0.42857142857142855,0.7142857142857143,0.2857142857142857,0.01692081744486789,-0.14115231769330394,-12.461224201317732,1,1.0,1.0,0.5,HUBERT_BASE,6
7729-102255-0038_8463-294828-0012__T2__SCV3FIX__VOICE-8463_CONTENT-7729-7729-102255-0038,8463,7729,,9.54,8,0.0,0.0,0.0,0.13300429044973386,0.05618167046033362,36.13448138800663,0,0.0,0.0,-1.0,HUBERT_BASE,6
260-123440-0008_6930-81414-0012__T1__SCV3FIX__VOICE-260_CONTENT-6930-6930-81414-0012,260,6930,,-27.36,6,0.8333333333333334,1.0,0.8333333333333334,-0.048953118283648234,-0.08334725928505071,-30.306928401123127,2,1.5,1.25,0.0,HUBERT_BASE,6
3570-5695-0004_237-126133-0015__T1__SCV3FIX__VOICE-3570_CONTENT-237-237-126133-0015,3570,237,,-12.97,17,0.8823529411764706,0.9411764705882353,0.8235294117647058,-0.05245080030615391,-0.19677599355541409,-25.329229514907475,2,6.0,3.75,0.5,HUBERT_BASE,6
1320-122617-0012_4446-2273-0007__T2__SCV3FIX__VOICE-4446_CONTENT-1320-1320-122617-0012,4446,1320,,-19.43,5,1.0,1.0,1.0,-0.054451610430709896,-0.08352459090304154,-36.833635768794316,1,2.5,2.5,0.0,HUBERT_BASE,6
1320-122617-0030_8455-210777-0014__T1__SCV3FIX__VOICE-1320_CONTENT-8455-8455-210777-0014,1320,8455,,9.66,6,0.0,0.0,0.0,0.1270690910228909,0.0786804655690958,35.58152957430424,0,0.0,0.0,-1.0,HUBERT_BASE,6
1320-122612-0006_2094-142345-0034__T1__SCV3FIX__VOICE-1320_CONTENT-2094-2094-142345-0034,1320,2094,,10.75,8,0.0,0.0,0.0,0.12867091487103802,0.06800591809636358,33.697155966589605,0,0.0,0.0,-1.0,HUBERT_BASE,6
7127-75947-0035_1320-122617-0031__T1__SCV3FIX__VOICE-7127_CONTENT-1320-1320-122617-0031,7127,1320,,10.2,7,0.0,0.0,0.0,0.09931327651227444,0.053587015839975494,32.50370961568206,0,0.0,0.0,-1.0,HUBERT_BASE,6
4446-2271-0009_8463-294828-0011__T1__SCV3FIX__VOICE-4446_CONTENT-8463-8463-294828-0011,4446,8463,,9.99,6,0.0,0.0,0.0,0.07541105437335717,0.03368419193036798,35.60466443499843,0,0.0,0.0,-1.0,HUBERT_BASE,6
2961-961-0001_7127-75947-0013__T2__SCV3FIX__VOICE-7127_CONTENT-2961-2961-961-0001,7127,2961,,10.2,9,0.1111111111111111,0.0,0.0,0.11407310025116225,-0.0505957623492862,34.9308867946646,0,0.0,0.0,-1.0,HUBERT_BASE,6
1580-141084-0042_2830-3980-0010__T2__SCV3FIX__VOICE-2830_CONTENT-1580-1580-141084-0042,2830,1580,,14.26,9,0.0,0.0,0.0,0.09834426869838243,0.06462246050335763,41.614116915327145,0,0.0,0.0,-1.0,HUBERT_BASE,6
4446-2273-0000_7127-75947-0025__T1__SCV3FIX__VOICE-4446_CONTENT-7127-7127-75947-0025,4446,7127,,-26.3,10,1.0,1.0,1.0,-0.10936080139303819,-0.15337385268711934,-38.96297621411553,1,5.0,5.0,0.0,HUBERT_BASE,6
1580-141084-0010_3570-5696-0002__T2__SCV3FIX__VOICE-3570_CONTENT-1580-1580-141084-0010,3570,1580,,16.06,7,0.0,0.0,0.0,0.07384459499095794,0.03369558674174633,48.49946770246571,0,0.0,0.0,-1.0,HUBERT_BASE,6
1284-1180-0009_2830-3980-0022__T2__SCV3FIX__VOICE-2830_CONTENT-1284-1284-1180-0009,2830,1284,,11.39,5,0.0,0.0,0.0,0.10362445032247639,0.03796815796256059,24.256449510064844,0,0.0,0.0,-1.0,HUBERT_BASE,6
61-70968-0050_7021-79740-0001__T2__SCV3FIX__VOICE-7021_CONTENT-61-61-70968-0050,7021,61,,7.37,10,0.1,0.0,0.0,0.05695040297645321,-0.04614150706881215,30.63419231657921,0,0.0,0.0,-1.0,HUBERT_BASE,6
8555-284449-0015_4992-23283-0014__T1__SCV3FIX__VOICE-8555_CONTENT-4992-4992-23283-0014,8555,4992,,-10.91,8,0.625,0.875,0.625,-0.04211986160035183,-0.17723918663070126,-14.669722767058946,2,1.5,1.25,1.0,HUBERT_BASE,6
1995-1826-0017_1580-141083-0034__T2__SCV3FIX__VOICE-1580_CONTENT-1995-1995-1826-0017,1580,1995,,6.2,11,0.0,0.18181818181818182,0.0,0.08204182334584285,0.002161855657385914,12.985290298728506,0,0.0,0.0,-1.0,HUBERT_BASE,6
2094-142345-0054_61-70970-0034__T2__SCV3FIX__VOICE-61_CONTENT-2094-2094-142345-0054,61,2094,,6.66,7,0.0,0.0,0.0,0.19113430338517595,0.11326104176020035,33.834396785661895,0,0.0,0.0,-1.0,HUBERT_BASE,6
7127-75947-0007_5683-32866-0022__T1__SCV3FIX__VOICE-7127_CONTENT-5683-5683-32866-0022,7127,5683,,3.97,5,0.4,0.0,0.0,0.010163546184291517,-0.031784287711508874,15.70178135485192,0,0.0,0.0,-1.0,HUBERT_BASE,6
3570-5696-0002_5105-28240-0004__T1__SCV3FIX__VOICE-3570_CONTENT-5105-5105-28240-0004,3570,5105,,-26.78,11,1.0,1.0,1.0,-0.09326708326118616,-0.14200080003459692,-45.20292335285248,1,5.5,5.5,0.0,HUBERT_BASE,6
8463-294825-0016_3575-170457-0032__T1__SCV3FIX__VOICE-8463_CONTENT-3575-3575-170457-0032,8463,3575,,7.86,4,0.0,0.0,0.0,0.08892135412365532,0.05769014243140225,35.885988603346334,0,0.0,0.0,-1.0,HUBERT_BASE,6
8230-279154-0030_61-70970-0030__T2__SCV3FIX__VOICE-61_CONTENT-8230-8230-279154-0030,61,8230,,-21.18,5,0.0,1.0,0.0,0.025080121717465032,0.0044820974735113595,-20.852700653078443,0,0.0,0.0,-1.0,HUBERT_BASE,6
121-121726-0007_1995-1826-0023__T1__SCV3FIX__VOICE-121_CONTENT-1995-1995-1826-0023,121,1995,,-11.28,11,0.8181818181818182,1.0,0.8181818181818182,-0.11322676947075036,-0.31744582785280206,-33.331228759790925,1,4.0,4.0,0.0,HUBERT_BASE,6
260-123288-0004_672-122797-0056__T2__SCV3FIX__VOICE-672_CONTENT-260-260-123288-0004,672,260,,-9.89,7,0.8571428571428571,0.7142857142857143,0.7142857142857143,-0.03621074582083358,-0.09883960792968738,-8.797561615038118,2,2.0,1.5,0.0,HUBERT_BASE,6
7021-85628-0018_4507-16021-0039__T1__SCV3FIX__VOICE-7021_CONTENT-4507-4507-16021-0039,7021,4507,,11.74,15,0.0,0.0,0.0,0.07272500779266165,0.0019467473801093593,44.51672398742115,0,0.0,0.0,-1.0,HUBERT_BASE,6
5105-28241-0018_2830-3980-0071__T1__SCV3FIX__VOICE-5105_CONTENT-2830-2830-3980-0071,5105,2830,,11.36,6,0.16666666666666666,0.0,0.0,0.04682129105063874,-0.0018411875500313757,16.643262606415444,0,0.0,0.0,-1.0,HUBERT_BASE,6
6829-68771-0008_7021-85628-0023__T1__SCV3FIX__VOICE-6829_CONTENT-7021-7021-85628-0023,6829,7021,,-27.72,13,0.9230769230769231,1.0,0.9230769230769231,-0.058588014633806626,-0.12886944932873456,-32.97178926960317,1,5.5,5.5,0.0,HUBERT_BASE,6
4970-29095-0016_8455-210777-0064__T2__SCV3FIX__VOICE-8455_CONTENT-4970-4970-29095-0016,8455,4970,,12.46,6,0.0,0.0,0.0,0.12598419763272775,0.10901456853275193,41.206194164775916,0,0.0,0.0,-1.0,HUBERT_BASE,6
61-70968-0019_2830-3980-0031__T1__SCV3FIX__VOICE-61_CONTENT-2830-2830-3980-0031,61,2830,,-1.16,9,0.6666666666666666,0.6666666666666666,0.5555555555555556,-0.030154998092513246,-0.147995445507477,-1.7571240286713505,1,2.5,2.5,0.0,HUBERT_BASE,6
4992-41797-0017_8555-284447-0002__T2__SCV3FIX__VOICE-8555_CONTENT-4992-4992-41797-0017,8555,4992,,-20.61,15,1.0,1.0,1.0,-0.1011641232546783,-0.22696519796897863,-39.80648881602141,1,7.5,7.5,0.0,HUBERT_BASE,6
5639-40744-0016_2830-3980-0006__T2__SCV3FIX__VOICE-2830_CONTENT-5639-5639-40744-0016,2830,5639,,11.9,11,0.2727272727272727,0.0,0.0,0.049585480125529595,-0.05514765812524547,28.924805139003762,1,1.5,1.5,1.5,HUBERT_BASE,6
5142-36377-0005_8455-210777-0019__T1__SCV3FIX__VOICE-5142_CONTENT-8455-8455-210777-0019,5142,8455,,-22.12,13,1.0,1.0,1.0,-0.07177306522474311,-0.1568520113049543,-27.226665610622284,1,6.5,6.5,0.0,HUBERT_BASE,6
7176-88083-0017_4446-2271-0004__T2__SCV3FIX__VOICE-4446_CONTENT-7176-7176-88083-0017,4446,7176,,9.81,6,0.0,0.0,0.0,0.08917554292051826,0.06594271515020356,33.42278407225035,0,0.0,0.0,-1.0,HUBERT_BASE,6
8463-294828-0002_1995-1837-0027__T1__SCV3FIX__VOICE-8463_CONTENT-1995-1995-1837-0027,8463,1995,,11.04,11,0.0,0.0,0.0,0.10819438597659424,0.06237178789233433,39.808613537965606,0,0.0,0.0,-1.0,HUBERT_BASE,6
4077-13751-0010_8463-294825-0002__T1__SCV3FIX__VOICE-4077_CONTENT-8463-8463-294825-0002,4077,8463,,12.46,12,0.0,0.0,0.0,0.08449823416137581,0.04521107673715741,41.6531988348403,0,0.0,0.0,-1.0,HUBERT_BASE,6
6930-81414-0012_8455-210777-0049__T2__SCV3FIX__VOICE-8455_CONTENT-6930-6930-81414-0012,8455,6930,,10.18,7,0.0,0.0,0.0,0.12304682592545953,0.07971251021704506,32.28524640477246,0,0.0,0.0,-1.0,HUBERT_BASE,6
7176-88083-0012_121-121726-0011__T2__SCV3FIX__VOICE-121_CONTENT-7176-7176-88083-0012,121,7176,,-16.45,7,1.0,1.0,1.0,-0.1898911187604517,-0.308218711410699,-39.484507024290224,1,3.5,3.5,0.0,HUBERT_BASE,6
1284-1180-0006_1320-122612-0004__T1__SCV3FIX__VOICE-1284_CONTENT-1320-1320-122612-0004,1284,1320,,-27.76,11,1.0,1.0,1.0,-0.0904896733026093,-0.1463720085927076,-36.57174001931989,1,5.5,5.5,0.0,HUBERT_BASE,6
2300-131720-0001_5683-32879-0012__T1__SCV3FIX__VOICE-2300_CONTENT-5683-5683-32879-0012,2300,5683,,12.19,7,0.0,0.0,0.0,0.12115813321479772,0.047016262067792525,39.02377905104298,0,0.0,0.0,-1.0,HUBERT_BASE,6
908-157963-0010_260-123440-0010__T2__SCV3FIX__VOICE-260_CONTENT-908-908-157963-0010,260,908,,-15.91,11,0.8181818181818182,1.0,0.8181818181818182,-0.023482225650361035,-0.12870450285830026,-19.481259703233516,2,2.5,2.25,0.0,HUBERT_BASE,6
2300-131720-0029_2830-3980-0067__T2__SCV3FIX__VOICE-2830_CONTENT-2300-2300-131720-0029,2830,2300,,-17.76,11,1.0,1.0,1.0,-0.11925420642669106,-0.2326918507563558,-30.700660149261488,1,5.5,5.5,0.0,HUBERT_BASE,6
1320-122617-0029_4507-16021-0046__T2__SCV3FIX__VOICE-4507_CONTENT-1320-1320-122617-0029,4507,1320,,-30.32,8,1.0,1.0,1.0,-0.08902567754844011,-0.11001705769468295,-41.34662281794166,1,4.0,4.0,0.0,HUBERT_BASE,6
5683-32866-0005_1284-1181-0002__T2__SCV3FIX__VOICE-1284_CONTENT-5683-5683-32866-0005,1284,5683,,-19.61,6,1.0,1.0,1.0,-0.059177281378352764,-0.09762847228296523,-28.591191534906812,1,3.0,3.0,0.0,HUBERT_BASE,6
5142-36377-0018_4970-29093-0010__T2__SCV3FIX__VOICE-4970_CONTENT-5142-5142-36377-0018,4970,5142,,-24.01,8,1.0,1.0,1.0,-0.07115616736502903,-0.12661230310892824,-27.502751070274293,1,4.0,4.0,0.0,HUBERT_BASE,6
6829-68769-0025_4992-23283-0018__T2__SCV3FIX__VOICE-4992_CONTENT-6829-6829-68769-0025,4992,6829,,-6.56,10,0.6,0.7,0.6,-0.05165325284203359,-0.22333180386113405,-9.094059742931318,2,1.5,1.5,1.5,HUBERT_BASE,6
6930-76324-0001_1580-141083-0050__T2__SCV3FIX__VOICE-1580_CONTENT-6930-6930-76324-0001,1580,6930,,-24.58,5,1.0,1.0,1.0,-0.07704851935389337,-0.12847222413722748,-32.914965240702124,1,2.5,2.5,0.0,HUBERT_BASE,6
4446-2275-0031_5683-32866-0016__T1__SCV3FIX__VOICE-4446_CONTENT-5683-5683-32866-0016,4446,5683,,-23.86,5,1.0,1.0,1.0,-0.0907021776104201,-0.1348574824913351,-35.842422563503035,1,2.5,2.5,0.0,HUBERT_BASE,6
6829-68769-0021_672-122797-0054__T2__SCV3FIX__VOICE-672_CONTENT-6829-6829-68769-0021,672,6829,,8.58,7,0.0,0.0,0.0,0.049489108368572725,0.015522843930783736,23.40464294683815,0,0.0,0.0,-1.0,HUBERT_BASE,6
1320-122612-0010_61-70968-0008__T2__SCV3FIX__VOICE-61_CONTENT-1320-1320-122612-0010,61,1320,,2.08,6,0.3333333333333333,0.16666666666666666,0.16666666666666666,0.080197048204749,-0.07888471922461271,11.021742399959967,1,1.0,1.0,2.0,HUBERT_BASE,6
4992-41806-0012_1089-134686-0033__T1__SCV3FIX__VOICE-4992_CONTENT-1089-1089-134686-0033,4992,1089,,13.71,5,0.0,0.0,0.0,0.12724122337675617,0.07154215179775714,37.522785405781015,0,0.0,0.0,-1.0,HUBERT_BASE,6
4992-41806-0005_672-122797-0051__T2__SCV3FIX__VOICE-672_CONTENT-4992-4992-41806-0005,672,4992,,-5.32,6,0.8333333333333334,0.6666666666666666,0.5,-0.033423365427622864,-0.09437084571750431,-1.9636169843441476,1,2.5,2.5,0.5,HUBERT_BASE,6
4970-29095-0037_7176-92135-0003__T1__SCV3FIX__VOICE-4970_CONTENT-7176-7176-92135-0003,4970,7176,,13.13,6,0.0,0.0,0.0,0.08170832428481205,0.05439376722267153,35.30163660239819,0,0.0,0.0,-1.0,HUBERT_BASE,6
4992-23283-0013_4507-16021-0011__T2__SCV3FIX__VOICE-4507_CONTENT-4992-4992-23283-0013,4507,4992,,-18.37,10,1.0,1.0,1.0,-0.06589970965224463,-0.17493391729806884,-24.137255428966874,1,5.0,5.0,0.0,HUBERT_BASE,6
237-126133-0024_8555-284449-0003__T2__SCV3FIX__VOICE-8555_CONTENT-237-237-126133-0024,8555,237,,8.68,16,0.1875,0.0,0.0,0.037081980663330474,-0.05720526709007234,28.45128858390536,1,1.0,1.0,3.5,HUBERT_BASE,6
1995-1837-0009_7176-88083-0006__T1__SCV3FIX__VOICE-1995_CONTENT-7176-7176-88083-0006,1995,7176,,-22.71,6,1.0,1.0,1.0,-0.09978207417377354,-0.16784121488974657,-34.25483277476335,1,3.0,3.0,0.0,HUBERT_BASE,6
8230-279154-0001_8555-284447-0005__T2__SCV3FIX__VOICE-8555_CONTENT-8230-8230-279154-0001,8555,8230,,-25.82,12,1.0,1.0,1.0,-0.14052826424564616,-0.20704622034562026,-44.46701412023378,1,6.0,6.0,0.0,HUBERT_BASE,6
1089-134686-0031_61-70968-0026__T1__SCV3FIX__VOICE-1089_CONTENT-61-61-70968-0026,1089,61,,5.03,8,0.5,0.125,0.125,0.001341392450740539,-0.0651784526187027,10.758648687207483,1,1.0,1.0,1.0,HUBERT_BASE,6
7021-79740-0013_7127-75946-0006__T1__SCV3FIX__VOICE-7021_CONTENT-7127-7127-75946-0006,7021,7127,,6.64,13,0.23076923076923078,0.07692307692307693,0.07692307692307693,0.05175589159049089,-0.046637236139246196,20.770026369220968,1,1.0,1.0,1.0,HUBERT_BASE,6
7176-88083-0012_121-121726-0011__T1__SCV3FIX__VOICE-7176_CONTENT-121-121-121726-0011,7176,121,,8.8,7,0.0,0.0,0.0,0.19707125738850748,0.07104290050200512,42.33482020432956,0,0.0,0.0,-1.0,HUBERT_BASE,6
4992-41806-0003_8555-284447-0020__T1__SCV3FIX__VOICE-4992_CONTENT-8555-8555-284447-0020,4992,8555,,11.69,7,0.0,0.0,0.0,0.06030347587822355,0.011685132746644067,21.301932292780982,0,0.0,0.0,-1.0,HUBERT_BASE,6
4446-2273-0024_7176-92135-0036__T2__SCV3FIX__VOICE-7176_CONTENT-4446-4446-2273-0024,7176,4446,,12.86,8,0.0,0.0,0.0,0.09209594091894745,0.028017104781634994,40.14480379969503,0,0.0,0.0,-1.0,HUBERT_BASE,6
5142-33396-0038_3570-5695-0008__T2__SCV3FIX__VOICE-3570_CONTENT-5142-5142-33396-0038,3570,5142,,13.28,7,0.0,0.0,0.0,0.06369484773091108,0.014337421031390463,41.93540316631897,0,0.0,0.0,-1.0,HUBERT_BASE,6
260-123286-0026_121-121726-0004__T1__SCV3FIX__VOICE-260_CONTENT-121-121-121726-0004,260,121,,-22.92,7,0.42857142857142855,1.0,0.42857142857142855,-0.04240486221728322,-0.19946897819866516,-28.78254393736169,1,1.5,1.5,1.5,HUBERT_BASE,6
4992-23283-0020_3575-170457-0022__T1__SCV3FIX__VOICE-4992_CONTENT-3575-3575-170457-0022,4992,3575,,0.3,10,0.1,0.3,0.0,0.04233358455154555,-0.007898387771769877,7.417782377954957,0,0.0,0.0,-1.0,HUBERT_BASE,6
4970-29093-0012_1188-133604-0027__T1__SCV3FIX__VOICE-4970_CONTENT-1188-1188-133604-0027,4970,1188,,-33.2,16,1.0,1.0,1.0,-0.08966505935668959,-0.1641443436781551,-40.36711437144918,1,8.0,8.0,0.0,HUBERT_BASE,6
61-70970-0012_1995-1826-0000__T1__SCV3FIX__VOICE-61_CONTENT-1995-1995-1826-0000,61,1995,,14.44,5,0.0,0.0,0.0,0.12633851870296836,0.07807952009444596,39.95056824684048,0,0.0,0.0,-1.0,HUBERT_BASE,6
4970-29095-0038_5105-28240-0024__T2__SCV3FIX__VOICE-5105_CONTENT-4970-4970-29095-0038,5105,4970,,12.36,15,0.0,0.0,0.0,0.11562303821165125,0.06101680770972806,37.22244010199473,0,0.0,0.0,-1.0,HUBERT_BASE,6
4970-29093-0019_121-121726-0000__T2__SCV3FIX__VOICE-121_CONTENT-4970-4970-29093-0019,121,4970,,-4.36,13,0.5384615384615384,0.23076923076923078,0.23076923076923078,0.014011752370504373,-0.05265635815687153,8.491824830474748,3,1.0,1.0,0.0,HUBERT_BASE,6
4507-16021-0053_61-70968-0022__T1__SCV3FIX__VOICE-4507_CONTENT-61-61-70968-0022,4507,61,,-16.28,8,1.0,1.0,1.0,-0.1384784195089572,-0.2963498550308957,-21.09132842629327,1,4.0,4.0,0.0,HUBERT_BASE,6
908-157963-0021_8455-210777-0012__T1__SCV3FIX__VOICE-908_CONTENT-8455-8455-210777-0012,908,8455,,11.7,5,0.0,0.0,0.0,0.10404148422492003,0.050527282502987325,37.91635772530357,0,0.0,0.0,-1.0,HUBERT_BASE,6
1284-134647-0000_5142-36377-0018__T1__SCV3FIX__VOICE-1284_CONTENT-5142-5142-36377-0018,1284,5142,,10.14,8,0.0,0.0,0.0,0.07049920591608543,0.032913266954191944,30.687439447149313,0,0.0,0.0,-1.0,HUBERT_BASE,6
1995-1837-0024_908-157963-0005__T2__SCV3FIX__VOICE-908_CONTENT-1995-1995-1837-0024,908,1995,,15.95,9,0.0,0.0,0.0,0.12885312555447287,0.07243436197969366,38.052910653272406,0,0.0,0.0,-1.0,HUBERT_BASE,6
5142-33396-0019_8463-294828-0010__T1__SCV3FIX__VOICE-5142_CONTENT-8463-8463-294828-0010,5142,8463,,-11.6,8,0.75,0.75,0.5,-0.032205029550730055,-0.09169167903792452,-13.694032853687599,1,2.5,2.5,1.5,HUBERT_BASE,6
61-70968-0045_6930-76324-0012__T2__SCV3FIX__VOICE-6930_CONTENT-61-61-70968-0045,6930,61,,-5.89,5,0.8,1.0,0.8,-0.0511018383234737,-0.12027382610099324,-6.473186556352796,1,2.0,2.0,0.5,HUBERT_BASE,6
5105-28241-0019_4446-2273-0022__T1__SCV3FIX__VOICE-5105_CONTENT-4446-4446-2273-0022,5105,4446,,14.98,9,0.0,0.0,0.0,0.11649981473678242,0.044879314656305014,37.10889273561199,0,0.0,0.0,-1.0,HUBERT_BASE,6
1580-141084-0002_4992-41797-0004__T1__SCV3FIX__VOICE-1580_CONTENT-4992-4992-41797-0004,1580,4992,,-13.25,10,1.0,1.0,1.0,-0.07526195220641266,-0.10705522948809998,-26.199486597804345,1,5.0,5.0,0.0,HUBERT_BASE,6
4992-41797-0022_1089-134686-0031__T1__SCV3FIX__VOICE-4992_CONTENT-1089-1089-134686-0031,4992,1089,,-16.77,11,0.8181818181818182,1.0,0.8181818181818182,-0.06639876916363296,-0.18314803652151435,-27.038562623617853,2,2.5,2.25,0.0,HUBERT_BASE,6
7127-75947-0015_3729-6852-0029__T1__SCV3FIX__VOICE-7127_CONTENT-3729-3729-6852-0029,7127,3729,,12.53,11,0.0,0.0,0.0,0.07231724016968571,0.014189070895497369,39.06007419035982,0,0.0,0.0,-1.0,HUBERT_BASE,6
8224-274384-0013_5639-40744-0012__T2__SCV3FIX__VOICE-5639_CONTENT-8224-8224-274384-0013,5639,8224,,-7.21,9,0.6666666666666666,0.7777777777777778,0.6666666666666666,-0.030610456176364462,-0.1369783907146387,-19.425312837086196,2,1.5,1.25,1.0,HUBERT_BASE,6
8455-210777-0045_260-123286-0011__T1__SCV3FIX__VOICE-8455_CONTENT-260-260-123286-0011,8455,260,,-7.21,7,0.5714285714285714,0.7142857142857143,0.42857142857142855,0.023983445232422795,-0.04143847347031149,-7.420332562458723,2,1.0,1.0,0.0,HUBERT_BASE,6
2961-960-0009_1995-1826-0023__T2__SCV3FIX__VOICE-1995_CONTENT-2961-2961-960-0009,1995,2961,,12.13,15,0.06666666666666667,0.0,0.0,0.10327310910640398,-0.01942896919904291,45.876197564140774,0,0.0,0.0,-1.0,HUBERT_BASE,6
260-123286-0000_1995-1837-0024__T1__SCV3FIX__VOICE-260_CONTENT-1995-1995-1837-0024,260,1995,,14.54,9,0.0,0.0,0.0,0.14402745146587692,0.06899422060989768,42.1624011714293,0,0.0,0.0,-1.0,HUBERT_BASE,6
4507-16021-0050_8555-284449-0012__T2__SCV3FIX__VOICE-8555_CONTENT-4507-4507-16021-0050,8555,4507,,-0.84,6,0.3333333333333333,0.0,0.0,0.02850023856138186,-0.05087566273981092,18.672935252217847,0,0.0,0.0,-1.0,HUBERT_BASE,6
121-121726-0009_7176-92135-0006__T2__SCV3FIX__VOICE-7176_CONTENT-121-121-121726-0009,7176,121,,12.05,13,0.0,0.0,0.0,0.15261483219700508,0.06097955801748045,39.23292184222626,0,0.0,0.0,-1.0,HUBERT_BASE,6
7127-75947-0013_1320-122617-0039__T1__SCV3FIX__VOICE-7127_CONTENT-1320-1320-122617-0039,7127,1320,,14.01,8,0.0,0.0,0.0,0.12086834355922459,0.06638085709370856,35.63555917440483,0,0.0,0.0,-1.0,HUBERT_BASE,6
260-123286-0027_6930-75918-0011__T2__SCV3FIX__VOICE-6930_CONTENT-260-260-123286-0027,6930,260,,-15.26,5,0.8,1.0,0.8,-0.05813116829352623,-0.14395445297341958,-29.753092439008043,1,2.0,2.0,0.5,HUBERT_BASE,6
7127-75947-0019_8463-294825-0003__T1__SCV3FIX__VOICE-7127_CONTENT-8463-8463-294825-0003,7127,8463,,14.32,5,0.0,0.0,0.0,0.08518532267184901,0.04030185486398152,29.12986934900897,0,0.0,0.0,-1.0,HUBERT_BASE,6
6829-68769-0008_4992-41806-0004__T2__SCV3FIX__VOICE-4992_CONTENT-6829-6829-68769-0008,4992,6829,,4.98,6,0.0,0.16666666666666666,0.0,0.06129278200377793,0.01092946507529502,29.852719022044706,0,0.0,0.0,-1.0,HUBERT_BASE,6
2094-142345-0028_8455-210777-0038__T2__SCV3FIX__VOICE-8455_CONTENT-2094-2094-142345-0028,8455,2094,,15.41,12,0.0,0.0,0.0,0.10351911797343065,0.06297981988473533,31.5563309332896,0,0.0,0.0,-1.0,HUBERT_BASE,6
1580-141084-0032_260-123440-0016__T2__SCV3FIX__VOICE-260_CONTENT-1580-1580-141084-0032,260,1580,,11.58,8,0.0,0.0,0.0,0.058725641974592416,0.010490661396940215,36.358215823432275,0,0.0,0.0,-1.0,HUBERT_BASE,6
908-157963-0010_260-123440-0010__T1__SCV3FIX__VOICE-908_CONTENT-260-260-123440-0010,908,260,,11.6,11,0.18181818181818182,0.0,0.0,0.03481325511797897,-0.09846437367351135,25.177093961392345,1,1.0,1.0,2.5,HUBERT_BASE,6
5683-32879-0005_1995-1826-0000__T2__SCV3FIX__VOICE-1995_CONTENT-5683-5683-32879-0005,1995,5683,,12.71,11,0.0,0.0,0.0,0.10262869875457716,0.003762120817526804,45.43025846576408,0,0.0,0.0,-1.0,HUBERT_BASE,6
7127-75946-0003_3729-6852-0022__T1__SCV3FIX__VOICE-7127_CONTENT-3729-3729-6852-0022,7127,3729,,10.68,8,0.0,0.0,0.0,0.10077883435347451,0.0027044983112771703,38.96862163086835,0,0.0,0.0,-1.0,HUBERT_BASE,6
8455-210777-0044_4507-16021-0015__T1__SCV3FIX__VOICE-8455_CONTENT-4507-4507-16021-0015,8455,4507,,6.33,6,0.0,0.0,0.0,0.10466420084638256,0.07615053955308548,30.91942308810644,0,0.0,0.0,-1.0,HUBERT_BASE,6
7729-102255-0002_1995-1837-0025__T1__SCV3FIX__VOICE-7729_CONTENT-1995-1995-1837-0025,7729,1995,,12.45,15,0.0,0.0,0.0,0.12335811196496295,0.05340522420884253,33.031568398956146,0,0.0,0.0,-1.0,HUBERT_BASE,6
8455-210777-0052_3729-6852-0011__T2__SCV3FIX__VOICE-3729_CONTENT-8455-8455-210777-0052,3729,8455,,-28.95,7,1.0,1.0,1.0,-0.07506140597198793,-0.1346074315806175,-37.628557403144875,1,3.5,3.5,0.0,HUBERT_BASE,6
6930-81414-0019_8463-287645-0005__T2__SCV3FIX__VOICE-8463_CONTENT-6930-6930-81414-0019,8463,6930,,-22.34,5,1.0,1.0,1.0,-0.13846785767635267,-0.25020867085718523,-34.267009603787784,1,2.5,2.5,0.0,HUBERT_BASE,6
7021-79759-0005_2094-142345-0049__T1__SCV3FIX__VOICE-7021_CONTENT-2094-2094-142345-0049,7021,2094,,10.1,11,0.0,0.0,0.0,0.07060047805450896,0.008910831096902383,34.486598195851506,0,0.0,0.0,-1.0,HUBERT_BASE,6
8463-287645-0013_4992-23283-0019__T2__SCV3FIX__VOICE-4992_CONTENT-8463-8463-287645-0013,4992,8463,,-18.68,12,1.0,1.0,1.0,-0.09761621963025056,-0.21078824575371746,-36.455857482536295,1,6.0,6.0,0.0,HUBERT_BASE,6
61-70970-0035_5142-33396-0012__T1__SCV3FIX__VOICE-61_CONTENT-5142-5142-33396-0012,61,5142,,12.33,8,0.0,0.0,0.0,0.14208943532288493,0.09914219988596562,41.392398537802876,0,0.0,0.0,-1.0,HUBERT_BASE,6
1580-141083-0041_8463-294828-0011__T1__SCV3FIX__VOICE-1580_CONTENT-8463-8463-294828-0011,1580,8463,,8.41,6,0.0,0.0,0.0,0.06030394896697944,0.029681862576143803,21.35586580897294,0,0.0,0.0,-1.0,HUBERT_BASE,6
4970-29095-0004_260-123286-0024__T1__SCV3FIX__VOICE-4970_CONTENT-260-260-123286-0024,4970,260,,-22.38,5,1.0,1.0,1.0,-0.06054434106723341,-0.10114669597511294,-42.774584730356565,1,2.5,2.5,0.0,HUBERT_BASE,6
1995-1836-0007_2830-3980-0070__T2__SCV3FIX__VOICE-2830_CONTENT-1995-1995-1836-0007,2830,1995,,13.62,5,0.0,0.0,0.0,0.11807195577069585,0.05756795291205652,41.101843176033526,0,0.0,0.0,-1.0,HUBERT_BASE,6
8463-294828-0013_1221-135767-0021__T2__SCV3FIX__VOICE-1221_CONTENT-8463-8463-294828-0013,1221,8463,,-13.44,13,0.8461538461538461,0.9230769230769231,0.8461538461538461,-0.044613354015636514,-0.1352117115165109,-20.810592726816324,2,3.5,2.75,0.5,HUBERT_BASE,6
4446-2271-0001_1995-1837-0025__T2__SCV3FIX__VOICE-1995_CONTENT-4446-4446-2271-0001,1995,4446,,-17.54,11,1.0,1.0,1.0,-0.09703652116145593,-0.1872813380375582,-27.59171571602791,1,5.5,5.5,0.0,HUBERT_BASE,6
2094-142345-0032_1284-1180-0025__T2__SCV3FIX__VOICE-1284_CONTENT-2094-2094-142345-0032,1284,2094,,-25.49,5,0.8,1.0,0.8,-0.0621151461942747,-0.09251278772680793,-28.186879648073,1,2.0,2.0,0.5,HUBERT_BASE,6
4970-29095-0037_7176-92135-0003__T2__SCV3FIX__VOICE-7176_CONTENT-4970-4970-29095-0037,7176,4970,,13.51,6,0.0,0.0,0.0,0.07407286812332325,0.04314285430453191,38.327264569166495,0,0.0,0.0,-1.0,HUBERT_BASE,6
6829-68771-0014_4446-2273-0027__T1__SCV3FIX__VOICE-6829_CONTENT-4446-4446-2273-0027,6829,4446,,7.81,6,0.0,0.0,0.0,0.10030629371673533,0.046070276769481944,40.67914989389865,0,0.0,0.0,-1.0,HUBERT_BASE,6
4446-2271-0005_1320-122617-0041__T2__SCV3FIX__VOICE-1320_CONTENT-4446-4446-2271-0005,1320,4446,,-25.86,5,1.0,1.0,1.0,-0.09330474150169207,-0.13646596397218824,-38.644509746949645,1,2.5,2.5,0.0,HUBERT_BASE,6
1284-1181-0000_121-121726-0008__T2__SCV3FIX__VOICE-121_CONTENT-1284-1284-1181-0000,121,1284,,18.13,5,0.0,0.0,0.0,0.1029381403232507,0.039418344923379256,39.30155271845002,0,0.0,0.0,-1.0,HUBERT_BASE,6
5683-32866-0016_8555-284449-0019__T1__SCV3FIX__VOICE-5683_CONTENT-8555-8555-284449-0019,5683,8555,,14.93,8,0.0,0.0,0.0,0.08860238455208237,0.0525893519705426,37.52633997510526,0,0.0,0.0,-1.0,HUBERT_BASE,6
121-127105-0005_8455-210777-0039__T2__SCV3FIX__VOICE-8455_CONTENT-121-121-127105-0005,8455,121,,12.66,10,0.0,0.0,0.0,0.12912552108440548,0.043363510695077156,33.92258201840168,0,0.0,0.0,-1.0,HUBERT_BASE,6
4970-29093-0022_8463-287645-0004__T1__SCV3FIX__VOICE-4970_CONTENT-8463-8463-287645-0004,4970,8463,,-18.4,11,1.0,1.0,1.0,-0.08730192968196289,-0.19837572072983634,-39.83449706681364,1,5.5,5.5,0.0,HUBERT_BASE,6
1580-141083-0020_5105-28241-0008__T2__SCV3FIX__VOICE-5105_CONTENT-1580-1580-141083-0020,5105,1580,,8.94,9,0.0,0.0,0.0,0.11863757318272881,0.0511176575927591,40.82373828310282,0,0.0,0.0,-1.0,HUBERT_BASE,6
8463-294828-0037_4970-29095-0024__T2__SCV3FIX__VOICE-4970_CONTENT-8463-8463-294828-0037,4970,8463,,3.43,9,0.2222222222222222,0.0,0.0,0.03593388731880695,-0.027834710020951725,17.371325314873395,1,1.0,1.0,0.5,HUBERT_BASE,6
8463-294825-0001_5639-40744-0013__T1__SCV3FIX__VOICE-8463_CONTENT-5639-5639-40744-0013,8463,5639,,-14.07,12,0.6666666666666666,1.0,0.6666666666666666,-0.018428773311531404,-0.07500070183479424,-19.04077109800353,2,2.0,1.75,0.0,HUBERT_BASE,6
8455-210777-0008_8555-292519-0000__T2__SCV3FIX__VOICE-8555_CONTENT-8455-8455-210777-0008,8555,8455,,-31.36,22,1.0,1.0,1.0,-0.13208944128319905,-0.2535907714977301,-45.37566573105965,1,11.0,11.0,0.0,HUBERT_BASE,6
4446-2273-0018_61-70968-0043__T1__SCV3FIX__VOICE-4446_CONTENT-61-61-70968-0043,4446,61,,-23.18,5,1.0,1.0,1.0,-0.08260529843581524,-0.09673458002339952,-23.500872598207415,1,2.5,2.5,0.0,HUBERT_BASE,6
7127-75947-0029_3570-5694-0022__T2__SCV3FIX__VOICE-3570_CONTENT-7127-7127-75947-0029,3570,7127,,1.99,7,0.42857142857142855,0.0,0.0,0.028315886110290962,-0.06178264710011527,11.491913055652914,1,1.0,1.0,0.0,HUBERT_BASE,6
7127-75947-0022_1284-1181-0005__T1__SCV3FIX__VOICE-7127_CONTENT-1284-1284-1181-0005,7127,1284,,9.9,6,0.0,0.0,0.0,0.06058112128816764,0.035350565815311485,30.6156752644897,0,0.0,0.0,-1.0,HUBERT_BASE,6
1188-133604-0036_4507-16021-0015__T2__SCV3FIX__VOICE-4507_CONTENT-1188-1188-133604-0036,4507,1188,,15.93,6,0.0,0.0,0.0,0.12866718865971244,0.04897003675316347,37.00999661481412,0,0.0,0.0,-1.0,HUBERT_BASE,6
6829-68769-0002_3729-6852-0016__T1__SCV3FIX__VOICE-6829_CONTENT-3729-3729-6852-0016,6829,3729,,12.88,5,0.0,0.0,0.0,0.04484409095808613,0.023121539436127825,32.994877374968134,0,0.0,0.0,-1.0,HUBERT_BASE,6
5683-32879-0018_2961-961-0013__T1__SCV3FIX__VOICE-5683_CONTENT-2961-2961-961-0013,5683,2961,,-9.39,9,0.8888888888888888,1.0,0.8888888888888888,-0.026532907378469237,-0.10815399316078655,-19.574617531114814,1,4.0,4.0,0.5,HUBERT_BASE,6
2094-142345-0018_1284-1181-0000__T1__SCV3FIX__VOICE-2094_CONTENT-1284-1284-1181-0000,2094,1284,,1.22,5,0.2,0.4,0.2,0.03656651805587443,-0.00124847886449575,7.555221792704863,0,0.0,0.0,-1.0,HUBERT_BASE,6
672-122797-0068_7127-75947-0024__T1__SCV3FIX__VOICE-672_CONTENT-7127-7127-75947-0024,672,7127,,-2.47,7,0.8571428571428571,0.5714285714285714,0.5714285714285714,-0.09596046991000366,-0.203432612879485,-4.5531688417116785,1,3.0,3.0,0.5,HUBERT_BASE,6
121-127105-0002_2961-960-0015__T2__SCV3FIX__VOICE-2961_CONTENT-121-121-127105-0002,2961,121,,14.86,13,0.0,0.0,0.0,0.09517312797243178,0.007115066333272857,36.839175873101205,0,0.0,0.0,-1.0,HUBERT_BASE,6
7176-88083-0006_672-122797-0071__T1__SCV3FIX__VOICE-7176_CONTENT-672-672-122797-0071,7176,672,,9.18,7,0.0,0.0,0.0,0.07616809935849207,0.00735891375532316,28.053160984626402,0,0.0,0.0,-1.0,HUBERT_BASE,6
1995-1837-0025_5142-36377-0017__T2__SCV3FIX__VOICE-5142_CONTENT-1995-1995-1837-0025,5142,1995,,13.05,8,0.0,0.0,0.0,0.11578626748178932,0.09148365076203235,43.21710762122389,0,0.0,0.0,-1.0,HUBERT_BASE,6
121-127105-0036_5683-32865-0005__T1__SCV3FIX__VOICE-121_CONTENT-5683-5683-32865-0005,121,5683,,-2.58,7,0.5714285714285714,0.7142857142857143,0.5714285714285714,-0.012433659877795909,-0.14067311555128492,-15.272625948332683,1,1.5,1.5,2.0,HUBERT_BASE,6
1995-1826-0020_3729-6852-0019__T2__SCV3FIX__VOICE-3729_CONTENT-1995-1995-1826-0020,3729,1995,,-20.51,5,1.0,1.0,1.0,-0.057607041255854384,-0.08063685732738746,-39.80905117951651,1,2.5,2.5,0.0,HUBERT_BASE,6
4970-29095-0037_4446-2273-0008__T1__SCV3FIX__VOICE-4970_CONTENT-4446-4446-2273-0008,4970,4446,,5.25,12,0.25,0.16666666666666666,0.08333333333333333,0.030082092024135226,-0.041327952512064,22.183359151523884,0,0.0,0.0,-1.0,HUBERT_BASE,6
1580-141084-0011_1284-1181-0003__T1__SCV3FIX__VOICE-1580_CONTENT-1284-1284-1181-0003,1580,1284,,-18.12,8,0.625,0.75,0.5,-0.01665713591291912,-0.06357061735804326,-13.770989440447607,1,2.0,2.0,1.0,HUBERT_BASE,6
5639-40744-0016_5142-36377-0002__T1__SCV3FIX__VOICE-5639_CONTENT-5142-5142-36377-0002,5639,5142,,9.27,10,0.1,0.0,0.0,0.02822258844803175,-0.0316449378135053,23.51644695016447,0,0.0,0.0,-1.0,HUBERT_BASE,6
7021-79740-0013_7127-75946-0006__T2__SCV3FIX__VOICE-7127_CONTENT-7021-7021-79740-0013,7127,7021,,-14.84,13,0.8461538461538461,0.9230769230769231,0.8461538461538461,-0.06859157283864413,-0.1926833331502742,-26.37174700423248,2,4.5,2.75,0.0,HUBERT_BASE,6
6829-68771-0019_672-122797-0000__T1__SCV3FIX__VOICE-6829_CONTENT-672-672-122797-0000,6829,672,,-31.26,6,0.6666666666666666,1.0,0.6666666666666666,-0.06789839375971703,-0.1620281902332522,-31.077725045155876,1,2.0,2.0,0.0,HUBERT_BASE,6
7127-75946-0016_5639-40744-0002__T2__SCV3FIX__VOICE-5639_CONTENT-7127-7127-75946-0016,5639,7127,,-24.27,16,0.9375,1.0,0.9375,-0.09109968308765216,-0.2184249871175512,-26.66532444389444,1,7.0,7.0,0.0,HUBERT_BASE,6
1580-141083-0036_2300-131720-0012__T1__SCV3FIX__VOICE-1580_CONTENT-2300-2300-131720-0012,1580,2300,,-21.16,6,1.0,1.0,1.0,-0.0885411530760178,-0.15845192106272454,-42.31061762572245,1,3.0,3.0,0.0,HUBERT_BASE,6
1284-1180-0015_260-123288-0001__T1__SCV3FIX__VOICE-1284_CONTENT-260-260-123288-0001,1284,260,,-32.37,8,1.0,1.0,1.0,-0.07969436716991239,-0.19005691277421533,-48.248575028859655,1,4.0,4.0,0.0,HUBERT_BASE,6
1221-135767-0010_1995-1837-0021__T2__SCV3FIX__VOICE-1995_CONTENT-1221-1221-135767-0010,1995,1221,,14.49,5,0.0,0.0,0.0,0.05185470844942053,0.026270871759228376,40.6111745949431,0,0.0,0.0,-1.0,HUBERT_BASE,6
672-122797-0004_8455-210777-0013__T2__SCV3FIX__VOICE-8455_CONTENT-672-672-122797-0004,8455,672,,-7.11,12,0.9166666666666666,0.8333333333333334,0.8333333333333334,-0.09901909312162142,-0.2523320584278881,-24.536426141005922,1,5.5,5.5,0.5,HUBERT_BASE,6
4970-29093-0001_1188-133604-0004__T2__SCV3FIX__VOICE-1188_CONTENT-4970-4970-29093-0001,1188,4970,,11.95,19,0.0,0.0,0.0,0.14080716782984057,0.051455556317232864,44.31867945115355,0,0.0,0.0,-1.0,HUBERT_BASE,6
2961-960-0022_4970-29095-0027__T1__SCV3FIX__VOICE-2961_CONTENT-4970-4970-29095-0027,2961,4970,,4.58,13,0.0,0.0,0.0,0.07995883707964757,0.04863643627279757,17.571206254610914,0,0.0,0.0,-1.0,HUBERT_BASE,6
1284-1181-0001_61-70968-0026__T2__SCV3FIX__VOICE-61_CONTENT-1284-1284-1181-0001,61,1284,,9.86,8,0.0,0.0,0.0,0.0976009442406667,0.04611987459878186,31.62433519642221,0,0.0,0.0,-1.0,HUBERT_BASE,6
237-134493-0015_5105-28240-0008__T2__SCV3FIX__VOICE-5105_CONTENT-237-237-134493-0015,5105,237,,13.81,12,0.0,0.0,0.0,0.12729753074284755,0.05666130667851088,39.28702834259446,0,0.0,0.0,-1.0,HUBERT_BASE,6
1580-141084-0000_4446-2275-0007__T2__SCV3FIX__VOICE-4446_CONTENT-1580-1580-141084-0000,4446,1580,,-1.42,8,0.5,0.375,0.375,0.004385404960684278,-0.1281471150430359,3.9789474491501764,1,2.0,2.0,2.0,HUBERT_BASE,6
8455-210777-0031_6829-68769-0030__T1__SCV3FIX__VOICE-8455_CONTENT-6829-6829-68769-0030,8455,6829,,16.55,8,0.0,0.0,0.0,0.0433821748423074,0.00616396055072721,31.502675157475693,0,0.0,0.0,-1.0,HUBERT_BASE,6
4077-13751-0010_237-126133-0014__T1__SCV3FIX__VOICE-4077_CONTENT-237-237-126133-0014,4077,237,,14.67,12,0.0,0.0,0.0,0.09776044969977386,0.04208588515986922,40.22930200781641,0,0.0,0.0,-1.0,HUBERT_BASE,6
8455-210777-0067_2830-3979-0009__T1__SCV3FIX__VOICE-8455_CONTENT-2830-2830-3979-0009,8455,2830,,12.76,6,0.0,0.0,0.0,0.05028427895338128,0.019282898843190788,17.48509260797274,0,0.0,0.0,-1.0,HUBERT_BASE,6
4446-2273-0005_1221-135766-0009__T1__SCV3FIX__VOICE-4446_CONTENT-1221-1221-135766-0009,4446,1221,,1.32,7,0.0,0.0,0.0,0.06141660023261878,0.009624540613325738,21.6964929518694,0,0.0,0.0,-1.0,HUBERT_BASE,6
1320-122612-0016_7127-75946-0007__T1__SCV3FIX__VOICE-1320_CONTENT-7127-7127-75946-0007,1320,7127,,9.83,5,0.0,0.0,0.0,0.05865785280019611,0.012372851861787493,22.207706684444872,0,0.0,0.0,-1.0,HUBERT_BASE,6
61-70970-0033_5142-33396-0026__T1__SCV3FIX__VOICE-61_CONTENT-5142-5142-33396-0026,61,5142,,6.17,5,0.0,0.0,0.0,0.14647089351189582,0.11124105756988256,26.76458949104538,0,0.0,0.0,-1.0,HUBERT_BASE,6
1580-141084-0040_1089-134691-0004__T1__SCV3FIX__VOICE-1580_CONTENT-1089-1089-134691-0004,1580,1089,,-11.78,9,0.3333333333333333,0.6666666666666666,0.3333333333333333,0.05505684873882761,-0.048373996243976314,-12.772870179483183,1,1.0,1.0,0.0,HUBERT_BASE,6
7176-92135-0002_8555-284449-0020__T1__SCV3FIX__VOICE-7176_CONTENT-8555-8555-284449-0020,7176,8555,,12.26,5,0.0,0.0,0.0,0.0906068814314988,0.04858160211326612,31.025240276252276,0,0.0,0.0,-1.0,HUBERT_BASE,6
2961-960-0007_4446-2271-0020__T2__SCV3FIX__VOICE-4446_CONTENT-2961-2961-960-0007,4446,2961,,13.17,14,0.07142857142857142,0.0,0.0,0.07118804414428122,-0.009189308601331492,32.971208416456996,0,0.0,0.0,-1.0,HUBERT_BASE,6
7176-92135-0015_1320-122617-0017__T2__SCV3FIX__VOICE-1320_CONTENT-7176-7176-92135-0015,1320,7176,,5.87,10,0.2,0.0,0.0,0.05877949367755063,-0.0571381438271773,18.0653248664341,1,1.0,1.0,1.5,HUBERT_BASE,6
61-70968-0057_2094-142345-0014__T1__SCV3FIX__VOICE-61_CONTENT-2094-2094-142345-0014,61,2094,,8.78,9,0.0,0.0,0.0,0.11659728184528756,0.07112949699236015,28.22449281414174,0,0.0,0.0,-1.0,HUBERT_BASE,6
5142-33396-0042_4507-16021-0037__T1__SCV3FIX__VOICE-5142_CONTENT-4507-4507-16021-0037,5142,4507,,1.68,9,0.2222222222222222,0.4444444444444444,0.1111111111111111,0.04047564817268031,-0.05520552239711063,2.4074626905954517,1,1.0,1.0,1.5,HUBERT_BASE,6
7176-92135-0040_1089-134686-0005__T1__SCV3FIX__VOICE-7176_CONTENT-1089-1089-134686-0005,7176,1089,,-9.76,18,0.6666666666666666,0.9444444444444444,0.6666666666666666,-0.027312391799469926,-0.188424464271977,-14.92889296193615,3,2.0,1.6666666666666667,1.0,HUBERT_BASE,6
7127-75947-0016_7176-92135-0017__T2__SCV3FIX__VOICE-7176_CONTENT-7127-7127-75947-0016,7176,7127,,11.0,13,0.0,0.0,0.0,0.10194411791557884,0.018780703093247975,33.31081973079951,0,0.0,0.0,-1.0,HUBERT_BASE,6
672-122797-0006_4077-13751-0002__T1__SCV3FIX__VOICE-672_CONTENT-4077-4077-13751-0002,672,4077,,-11.14,18,1.0,1.0,1.0,-0.12606077107808494,-0.22603244341907724,-25.18105764779621,1,9.0,9.0,0.0,HUBERT_BASE,6
5142-33396-0033_4507-16021-0029__T2__SCV3FIX__VOICE-4507_CONTENT-5142-5142-33396-0033,4507,5142,,0.87,6,0.8333333333333334,0.5,0.3333333333333333,-0.052860290567314595,-0.12412237769379031,1.1491765786265706,2,1.5,1.25,0.0,HUBERT_BASE,6
260-123440-0011_4446-2275-0005__T1__SCV3FIX__VOICE-260_CONTENT-4446-4446-2275-0005,260,4446,,9.98,7,0.0,0.0,0.0,0.06210677123746496,0.0069256427646745555,33.58894215153818,0,0.0,0.0,-1.0,HUBERT_BASE,6
1580-141083-0020_5105-28241-0008__T1__SCV3FIX__VOICE-1580_CONTENT-5105-5105-28241-0008,1580,5105,,-17.62,9,1.0,1.0,1.0,-0.11789354146694257,-0.16260122927666187,-41.37764985828186,1,4.5,4.5,0.0,HUBERT_BASE,6
1284-1181-0007_1089-134686-0007__T1__SCV3FIX__VOICE-1284_CONTENT-1089-1089-134686-0007,1284,1089,,-12.86,7,0.5714285714285714,0.7142857142857143,0.42857142857142855,-0.012297386049654866,-0.11483019581266962,-14.7313033726518,1,1.5,1.5,0.0,HUBERT_BASE,6
3729-6852-0025_7176-88083-0014__T1__SCV3FIX__VOICE-3729_CONTENT-7176-7176-88083-0014,3729,7176,,-10.4,5,0.2,0.8,0.2,0.01667367012255263,-0.06429916491656185,-7.465265643462469,0,0.0,0.0,-1.0,HUBERT_BASE,6
3729-6852-0016_61-70968-0010__T2__SCV3FIX__VOICE-61_CONTENT-3729-3729-6852-0016,61,3729,,10.93,7,0.0,0.0,0.0,0.08940194131067668,0.05837810860571124,36.65888059310407,0,0.0,0.0,-1.0,HUBERT_BASE,6
4446-2271-0001_1089-134691-0019__T1__SCV3FIX__VOICE-4446_CONTENT-1089-1089-134691-0019,4446,1089,,13.24,5,0.0,0.0,0.0,0.1477000614523183,0.07179128980105165,34.21852788387095,0,0.0,0.0,-1.0,HUBERT_BASE,6
8455-210777-0065_1320-122617-0022__T2__SCV3FIX__VOICE-1320_CONTENT-8455-8455-210777-0065,1320,8455,,3.68,6,0.3333333333333333,0.3333333333333333,0.3333333333333333,0.019941809609375177,-0.10045390711642976,11.88102292030728,1,1.0,1.0,2.0,HUBERT_BASE,6
5105-28233-0001_672-122797-0039__T1__SCV3FIX__VOICE-5105_CONTENT-672-672-122797-0039,5105,672,,-4.78,7,0.5714285714285714,0.7142857142857143,0.5714285714285714,-0.007093334874595292,-0.09054326221779774,-9.441438052850218,2,1.0,1.0,0.0,HUBERT_BASE,6
5683-32879-0003_1995-1826-0013__T1__SCV3FIX__VOICE-5683_CONTENT-1995-1995-1826-0013,5683,1995,,-27.51,16,1.0,1.0,1.0,-0.09344056697145486,-0.2275401419349684,-39.68923148706817,1,8.0,8.0,0.0,HUBERT_BASE,6
6829-68769-0006_5683-32879-0020__T1__SCV3FIX__VOICE-6829_CONTENT-5683-5683-32879-0020,6829,5683,,-33.09,11,0.9090909090909091,1.0,0.9090909090909091,-0.07849437859145875,-0.1362974616447783,-36.80328857372614,2,3.0,2.5,0.0,HUBERT_BASE,6
2830-3980-0052_1089-134691-0020__T1__SCV3FIX__VOICE-2830_CONTENT-1089-1089-134691-0020,2830,1089,,-18.27,6,0.5,1.0,0.5,-0.015917916045972553,-0.1508705259554276,-19.098233351669354,1,1.5,1.5,0.0,HUBERT_BASE,6
4446-2275-0028_3570-5696-0009__T2__SCV3FIX__VOICE-3570_CONTENT-4446-4446-2275-0028,3570,4446,,9.69,6,0.0,0.0,0.0,0.06818133978915213,0.01452380562867106,34.87635621949955,0,0.0,0.0,-1.0,HUBERT_BASE,6
6829-68771-0006_5105-28241-0016__T1__SCV3FIX__VOICE-6829_CONTENT-5105-5105-28241-0016,6829,5105,,-25.35,10,1.0,1.0,1.0,-0.05102393572883444,-0.08099347190994621,-33.29575787523408,1,5.0,5.0,0.0,HUBERT_BASE,6
2094-142345-0032_5639-40744-0012__T1__SCV3FIX__VOICE-2094_CONTENT-5639-5639-40744-0012,2094,5639,,-13.69,5,1.0,1.0,1.0,-0.07159422620646456,-0.10678588985854853,-35.095137279614754,1,2.5,2.5,0.0,HUBERT_BASE,6
7021-79740-0009_8463-294828-0014__T1__SCV3FIX__VOICE-7021_CONTENT-8463-8463-294828-0014,7021,8463,,12.29,6,0.0,0.0,0.0,0.0743816602671606,0.050967024894366664,41.27676977020253,0,0.0,0.0,-1.0,HUBERT_BASE,6
121-121726-0003_672-122797-0059__T1__SCV3FIX__VOICE-121_CONTENT-672-672-122797-0059,121,672,,-27.44,6,1.0,1.0,1.0,-0.13060972392737535,-0.2047634071596186,-32.71062645101661,1,3.0,3.0,0.0,HUBERT_BASE,6
2830-3980-0048_6829-68771-0010__T2__SCV3FIX__VOICE-6829_CONTENT-2830-2830-3980-0048,6829,2830,,-28.78,18,0.9444444444444444,1.0,0.9444444444444444,-0.05051789156326516,-0.12755477173326746,-34.59565071731387,2,7.5,4.25,0.0,HUBERT_BASE,6
1580-141083-0035_8463-294828-0006__T1__SCV3FIX__VOICE-1580_CONTENT-8463-8463-294828-0006,1580,8463,,-15.26,6,1.0,1.0,1.0,-0.09310662113135902,-0.2615393632151616,-29.074722426022564,1,3.0,3.0,0.0,HUBERT_BASE,6
1188-133604-0038_61-70970-0012__T1__SCV3FIX__VOICE-1188_CONTENT-61-61-70970-0012,1188,61,,11.74,5,0.4,0.0,0.0,-0.006363438667249266,-0.13328772018852508,19.331488668574263,1,1.0,1.0,1.5,HUBERT_BASE,6
672-122797-0027_2830-3980-0006__T1__SCV3FIX__VOICE-672_CONTENT-2830-2830-3980-0006,672,2830,,13.91,8,0.0,0.0,0.0,0.12444401978856683,0.08093632552929186,40.97461029790587,0,0.0,0.0,-1.0,HUBERT_BASE,6
1995-1836-0008_5683-32866-0006__T1__SCV3FIX__VOICE-1995_CONTENT-5683-5683-32866-0006,1995,5683,,-15.3,7,1.0,1.0,1.0,-0.12608947100748125,-0.1735405413020068,-31.428443223989756,1,3.5,3.5,0.0,HUBERT_BASE,6
4446-2273-0032_260-123440-0008__T1__SCV3FIX__VOICE-4446_CONTENT-260-260-123440-0008,4446,260,,-24.1,6,1.0,1.0,1.0,-0.07129592658258467,-0.09890460770208365,-39.8865209275132,1,3.0,3.0,0.0,HUBERT_BASE,6
1221-135766-0014_3729-6852-0011__T1__SCV3FIX__VOICE-1221_CONTENT-3729-3729-6852-0011,1221,3729,,-12.05,8,1.0,1.0,1.0,-0.09377728660712095,-0.1334406786361586,-23.76815125666539,1,4.0,4.0,0.0,HUBERT_BASE,6
2094-142345-0023_908-157963-0024__T2__SCV3FIX__VOICE-908_CONTENT-2094-2094-142345-0023,908,2094,,7.76,5,0.0,0.0,0.0,0.10774730968567345,0.08663637710598693,37.79259174096824,0,0.0,0.0,-1.0,HUBERT_BASE,6
672-122797-0021_7021-79759-0003__T2__SCV3FIX__VOICE-7021_CONTENT-672-672-122797-0021,7021,672,,4.78,7,0.7142857142857143,0.42857142857142855,0.2857142857142857,-0.02663584632584199,-0.1482799234422988,9.405444969628112,1,2.0,2.0,1.0,HUBERT_BASE,6
7127-75947-0024_1089-134686-0026__T2__SCV3FIX__VOICE-1089_CONTENT-7127-7127-75947-0024,1089,7127,,8.57,7,0.0,0.0,0.0,0.08069060378418179,0.03800189419082889,31.166291769605568,0,0.0,0.0,-1.0,HUBERT_BASE,6
1284-1181-0008_2300-131720-0030__T2__SCV3FIX__VOICE-2300_CONTENT-1284-1284-1181-0008,2300,1284,,11.7,11,0.0,0.0,0.0,0.13621323114537082,0.04720467515977711,39.020915053660644,0,0.0,0.0,-1.0,HUBERT_BASE,6
7176-92135-0009_5142-36377-0000__T1__SCV3FIX__VOICE-7176_CONTENT-5142-5142-36377-0000,7176,5142,,9.57,5,0.0,0.0,0.0,0.11027044116643411,0.05465750953986359,42.69851491771193,0,0.0,0.0,-1.0,HUBERT_BASE,6
121-127105-0013_260-123288-0009__T2__SCV3FIX__VOICE-260_CONTENT-121-121-127105-0013,260,121,,12.95,5,0.2,0.0,0.0,0.0260056735305223,-0.006965577878255691,25.836852173215846,0,0.0,0.0,-1.0,HUBERT_BASE,6
1089-134691-0019_2830-3980-0011__T1__SCV3FIX__VOICE-1089_CONTENT-2830-2830-3980-0011,1089,2830,,8.1,5,0.0,0.0,0.0,0.05605387573784983,0.01900589654651108,25.32151007221547,0,0.0,0.0,-1.0,HUBERT_BASE,6
908-157963-0029_3729-6852-0024__T1__SCV3FIX__VOICE-908_CONTENT-3729-3729-6852-0024,908,3729,,10.96,6,0.0,0.0,0.0,0.09046675887705657,0.08251315059446185,43.82488405781486,0,0.0,0.0,-1.0,HUBERT_BASE,6
6829-68771-0002_61-70970-0040__T2__SCV3FIX__VOICE-61_CONTENT-6829-6829-68771-0002,61,6829,,10.68,7,0.0,0.0,0.0,0.07803564872378257,0.04481130589223703,28.311971143916214,0,0.0,0.0,-1.0,HUBERT_BASE,6
1320-122617-0033_4507-16021-0018__T1__SCV3FIX__VOICE-1320_CONTENT-4507-4507-16021-0018,1320,4507,,13.2,5,0.0,0.0,0.0,0.10456668396854732,0.05402380119994998,41.15330324032204,0,0.0,0.0,-1.0,HUBERT_BASE,6
2094-142345-0029_7127-75946-0014__T2__SCV3FIX__VOICE-7127_CONTENT-2094-2094-142345-0029,7127,2094,,10.11,16,0.0625,0.0625,0.0625,0.08887462517978331,-0.009926435366050423,27.377580964452058,0,0.0,0.0,-1.0,HUBERT_BASE,6
4077-13751-0017_4446-2275-0008__T1__SCV3FIX__VOICE-4077_CONTENT-4446-4446-2275-0008,4077,4446,,10.16,7,0.0,0.0,0.0,0.06902081654794637,0.02711296027317045,38.23511173119918,0,0.0,0.0,-1.0,HUBERT_BASE,6
4970-29093-0012_7729-102255-0033__T1__SCV3FIX__VOICE-4970_CONTENT-7729-7729-102255-0033,4970,7729,,-23.44,12,1.0,1.0,1.0,-0.09748177368402278,-0.15908647327521008,-39.863935060437974,1,6.0,6.0,0.0,HUBERT_BASE,6
5683-32866-0001_7729-102255-0027__T1__SCV3FIX__VOICE-5683_CONTENT-7729-7729-102255-0027,5683,7729,,6.02,5,0.0,0.2,0.0,0.13397225613719074,0.026426729754804756,2.5120433953104095,0,0.0,0.0,-1.0,HUBERT_BASE,6
1284-1180-0031_7127-75947-0007__T2__SCV3FIX__VOICE-7127_CONTENT-1284-1284-1180-0031,7127,1284,,11.54,8,0.0,0.0,0.0,0.10212503313679554,0.04943454599173891,30.812948155659033,0,0.0,0.0,-1.0,HUBERT_BASE,6
7176-92135-0035_4992-23283-0003__T1__SCV3FIX__VOICE-7176_CONTENT-4992-4992-23283-0003,7176,4992,,10.72,5,0.0,0.0,0.0,0.13285257876686002,0.08071917134017592,34.49781055009008,0,0.0,0.0,-1.0,HUBERT_BASE,6
237-126133-0003_7176-92135-0044__T2__SCV3FIX__VOICE-7176_CONTENT-237-237-126133-0003,7176,237,,9.8,9,0.0,0.0,0.0,0.08425366390707724,0.05307496285865154,42.13440395712607,0,0.0,0.0,-1.0,HUBERT_BASE,6
5683-32866-0024_6930-76324-0021__T2__SCV3FIX__VOICE-6930_CONTENT-5683-5683-32866-0024,6930,5683,,-13.75,13,0.9230769230769231,1.0,0.9230769230769231,-0.07513732908213218,-0.18940668919358616,-25.06852646737664,1,6.0,6.0,0.5,HUBERT_BASE,6
1089-134691-0020_908-31957-0004__T2__SCV3FIX__VOICE-908_CONTENT-1089-1089-134691-0020,908,1089,,10.96,6,0.0,0.0,0.0,0.0896376195581171,0.06996404984736204,35.438210340478044,0,0.0,0.0,-1.0,HUBERT_BASE,6
121-121726-0010_2300-131720-0001__T2__SCV3FIX__VOICE-2300_CONTENT-121-121-121726-0010,2300,121,,13.74,17,0.0,0.0,0.0,0.14208812565051315,0.0515752424415481,44.77225539733878,0,0.0,0.0,-1.0,HUBERT_BASE,6
237-134500-0000_7021-79740-0002__T2__SCV3FIX__VOICE-7021_CONTENT-237-237-134500-0000,7021,237,,9.96,11,0.0,0.0,0.0,0.08426562357473459,0.044354195706460264,43.83898179193041,0,0.0,0.0,-1.0,HUBERT_BASE,6
260-123286-0008_4992-23283-0000__T2__SCV3FIX__VOICE-4992_CONTENT-260-260-123286-0008,4992,260,,-21.81,6,1.0,1.0,1.0,-0.06522538446585187,-0.10130232815465745,-33.408906657155015,1,3.0,3.0,0.0,HUBERT_BASE,6
61-70968-0011_4992-41806-0004__T2__SCV3FIX__VOICE-4992_CONTENT-61-61-70968-0011,4992,61,,10.28,6,0.0,0.0,0.0,0.1007109103166548,0.046146339543797876,35.84014939235882,0,0.0,0.0,-1.0,HUBERT_BASE,6
4507-16021-0053_8455-210777-0009__T2__SCV3FIX__VOICE-8455_CONTENT-4507-4507-16021-0053,8455,4507,,8.55,8,0.0,0.0,0.0,0.14672890856345405,0.07841796704022941,36.51826587519096,0,0.0,0.0,-1.0,HUBERT_BASE,6
2830-3980-0066_1995-1837-0000__T1__SCV3FIX__VOICE-2830_CONTENT-1995-1995-1837-0000,2830,1995,,15.43,6,0.16666666666666666,0.0,0.0,0.09623014271035178,-0.005993544935518513,37.31317679897761,0,0.0,0.0,-1.0,HUBERT_BASE,6
4507-16021-0030_2830-3980-0017__T2__SCV3FIX__VOICE-2830_CONTENT-4507-4507-16021-0030,2830,4507,,16.88,6,0.0,0.0,0.0,0.14410675721047264,0.05897487534155388,41.42650950281698,0,0.0,0.0,-1.0,HUBERT_BASE,6
5683-32866-0012_121-127105-0024__T2__SCV3FIX__VOICE-121_CONTENT-5683-5683-32866-0012,121,5683,,-28.67,15,1.0,1.0,1.0,-0.07228897641939795,-0.15175306493521457,-39.46292374677699,1,7.5,7.5,0.0,HUBERT_BASE,6
4992-41797-0004_672-122797-0034__T1__SCV3FIX__VOICE-4992_CONTENT-672-672-122797-0034,4992,672,,-16.82,9,0.8888888888888888,1.0,0.8888888888888888,-0.05047428676310098,-0.146541950156014,-24.67684439744284,2,3.0,2.0,0.0,HUBERT_BASE,6
6930-76324-0003_3575-170457-0040__T1__SCV3FIX__VOICE-6930_CONTENT-3575-3575-170457-0040,6930,3575,,-18.56,5,1.0,1.0,1.0,-0.09322042468508278,-0.12145931009676036,-42.5532838125526,1,2.5,2.5,0.0,HUBERT_BASE,6
1089-134686-0017_1580-141084-0045__T1__SCV3FIX__VOICE-1089_CONTENT-1580-1580-141084-0045,1089,1580,,10.55,6,0.0,0.0,0.0,0.1023947663310439,0.03001994013469933,34.85684180479185,0,0.0,0.0,-1.0,HUBERT_BASE,6
1089-134691-0022_2830-3979-0000__T2__SCV3FIX__VOICE-2830_CONTENT-1089-1089-134691-0022,2830,1089,,10.97,10,0.0,0.0,0.0,0.11514638717595164,0.06314968393281561,40.91522390299511,0,0.0,0.0,-1.0,HUBERT_BASE,6
1221-135767-0014_672-122797-0074__T1__SCV3FIX__VOICE-1221_CONTENT-672-672-122797-0074,1221,672,,-26.65,12,0.9166666666666666,1.0,0.9166666666666666,-0.1483421805421176,-0.24467171685215727,-39.89644992953033,2,3.0,2.75,0.0,HUBERT_BASE,6
1320-122617-0030_8455-210777-0056__T1__SCV3FIX__VOICE-1320_CONTENT-8455-8455-210777-0056,1320,8455,,6.38,6,0.0,0.0,0.0,0.09534841757503226,0.05469763169565911,29.818873016122364,0,0.0,0.0,-1.0,HUBERT_BASE,6
3570-5694-0015_8463-294828-0028__T1__SCV3FIX__VOICE-3570_CONTENT-8463-8463-294828-0028,3570,8463,,1.86,14,0.35714285714285715,0.07142857142857142,0.07142857142857142,0.03173472535037144,-0.03257245758359706,15.044148732924173,2,1.0,1.0,4.0,HUBERT_BASE,6
8230-279154-0036_2961-960-0005__T2__SCV3FIX__VOICE-2961_CONTENT-8230-8230-279154-0036,2961,8230,,11.16,5,0.0,0.0,0.0,0.13597897499469797,0.0723396525220179,29.837187915559053,0,0.0,0.0,-1.0,HUBERT_BASE,6
1995-1826-0013_8555-284449-0018__T1__SCV3FIX__VOICE-1995_CONTENT-8555-8555-284449-0018,1995,8555,,7.58,13,0.07692307692307693,0.0,0.0,0.07351757133659434,-0.020116329989815274,39.13480166242742,0,0.0,0.0,-1.0,HUBERT_BASE,6
7021-79730-0006_8455-210777-0037__T1__SCV3FIX__VOICE-7021_CONTENT-8455-8455-210777-0037,7021,8455,,11.99,8,0.25,0.0,0.0,0.05926190698980219,-0.02358716819719242,32.26749131843046,0,0.0,0.0,-1.0,HUBERT_BASE,6
5105-28233-0002_1089-134686-0021__T2__SCV3FIX__VOICE-1089_CONTENT-5105-5105-28233-0002,1089,5105,,6.76,12,0.08333333333333333,0.0,0.0,0.07915116300205648,-0.021416067648766024,31.866651976609628,0,0.0,0.0,-1.0,HUBERT_BASE,6
4077-13754-0006_3575-170457-0000__T2__SCV3FIX__VOICE-3575_CONTENT-4077-4077-13754-0006,3575,4077,,-21.72,14,0.9285714285714286,1.0,0.9285714285714286,-0.0802271993502955,-0.15167798116572317,-25.481863636342467,1,6.5,6.5,0.5,HUBERT_BASE,6
6829-68769-0021_672-122797-0054__T1__SCV3FIX__VOICE-6829_CONTENT-672-672-122797-0054,6829,672,,-16.22,7,0.7142857142857143,1.0,0.7142857142857143,-0.038315416095774144,-0.08961546192406389,-20.396664451570956,1,1.5,1.5,0.0,HUBERT_BASE,6
3570-5694-0007_672-122797-0059__T2__SCV3FIX__VOICE-672_CONTENT-3570-3570-5694-0007,672,3570,,15.53,6,0.0,0.0,0.0,0.06998944475947984,0.028241337464160687,37.434155340534225,0,0.0,0.0,-1.0,HUBERT_BASE,6
5683-32879-0002_2830-3980-0067__T2__SCV3FIX__VOICE-2830_CONTENT-5683-5683-32879-0002,2830,5683,,15.31,15,0.06666666666666667,0.0,0.0,0.08278767471982049,-0.012126315045389191,40.73781566837382,0,0.0,0.0,-1.0,HUBERT_BASE,6
7729-102255-0001_1089-134691-0010__T2__SCV3FIX__VOICE-1089_CONTENT-7729-7729-102255-0001,1089,7729,,7.77,5,0.0,0.0,0.0,0.06946295584586408,0.03159475263348588,30.86409531851732,0,0.0,0.0,-1.0,HUBERT_BASE,6
6829-68771-0002_5142-33396-0048__T2__SCV3FIX__VOICE-5142_CONTENT-6829-6829-68771-0002,5142,6829,,-20.5,6,0.8333333333333334,1.0,0.8333333333333334,-0.043914965520704154,-0.0846129093302207,-28.976170004876128,1,2.5,2.5,0.5,HUBERT_BASE,6
4507-16021-0009_5639-40744-0002__T1__SCV3FIX__VOICE-4507_CONTENT-5639-5639-40744-0002,4507,5639,,-33.07,16,0.9375,1.0,0.9375,-0.09910198454955238,-0.22806293675528255,-41.05359318781834,2,6.0,3.75,0.0,HUBERT_BASE,6
4446-2271-0014_7127-75947-0029__T1__SCV3FIX__VOICE-4446_CONTENT-7127-7127-75947-0029,4446,7127,,6.62,9,0.0,0.0,0.0,0.07900698547563396,0.010643958832530998,25.363212401664537,0,0.0,0.0,-1.0,HUBERT_BASE,6
3575-170457-0042_1580-141083-0007__T1__SCV3FIX__VOICE-3575_CONTENT-1580-1580-141083-0007,3575,1580,,2.26,8,0.75,0.5,0.5,-0.012720779504621,-0.07839656458805744,2.467430157475334,1,2.5,2.5,1.5,HUBERT_BASE,6
3575-170457-0027_1580-141083-0007__T1__SCV3FIX__VOICE-3575_CONTENT-1580-1580-141083-0007,3575,1580,,-8.75,8,0.875,1.0,0.875,-0.021580236329774252,-0.062146666127068206,-14.28775484448023,2,2.5,1.75,0.0,HUBERT_BASE,6
908-157963-0018_5105-28240-0002__T2__SCV3FIX__VOICE-5105_CONTENT-908-908-157963-0018,5105,908,,-14.78,7,1.0,1.0,1.0,-0.11763050296083809,-0.15150771416109898,-36.15896866439166,1,3.5,3.5,0.0,HUBERT_BASE,6
5683-32865-0011_7176-92135-0009__T2__SCV3FIX__VOICE-7176_CONTENT-5683-5683-32865-0011,7176,5683,,15.02,7,0.0,0.0,0.0,0.07842816748589379,0.034829917992334036,39.5836375344378,0,0.0,0.0,-1.0,HUBERT_BASE,6
6829-68769-0012_1284-1181-0001__T1__SCV3FIX__VOICE-6829_CONTENT-1284-1284-1181-0001,6829,1284,,3.65,7,0.14285714285714285,0.0,0.0,0.0683977553780253,-0.017918765186516028,22.687005911413625,0,0.0,0.0,-1.0,HUBERT_BASE,6
6930-76324-0025_4970-29095-0038__T2__SCV3FIX__VOICE-4970_CONTENT-6930-6930-76324-0025,4970,6930,,-12.34,7,0.8571428571428571,0.8571428571428571,0.8571428571428571,-0.06135630490113454,-0.11351149903175117,-25.30274198231254,1,3.0,3.0,0.5,HUBERT_BASE,6
8455-210777-0013_1221-135766-0007__T1__SCV3FIX__VOICE-8455_CONTENT-1221-1221-135766-0007,8455,1221,,12.29,13,0.0,0.0,0.0,0.1359251271111244,0.047427596540065786,44.02028946529528,0,0.0,0.0,-1.0,HUBERT_BASE,6
3575-170457-0031_4446-2271-0000__T2__SCV3FIX__VOICE-4446_CONTENT-3575-3575-170457-0031,4446,3575,,10.03,5,0.2,0.0,0.0,0.03772486474582417,-0.009355608439043928,29.724773080651325,0,0.0,0.0,-1.0,HUBERT_BASE,6
7729-102255-0035_61-70968-0005__T2__SCV3FIX__VOICE-61_CONTENT-7729-7729-102255-0035,61,7729,,-10.16,9,1.0,1.0,1.0,-0.08211874388865453,-0.1855080226199849,-22.574001592110285,1,4.5,4.5,0.0,HUBERT_BASE,6
3570-5696-0006_8555-284449-0008__T1__SCV3FIX__VOICE-3570_CONTENT-8555-8555-284449-0008,3570,8555,,-14.27,7,1.0,1.0,1.0,-0.057461286752113136,-0.08930939902397517,-38.183721277275986,1,3.5,3.5,0.0,HUBERT_BASE,6
1580-141083-0046_908-157963-0012__T1__SCV3FIX__VOICE-1580_CONTENT-908-908-157963-0012,1580,908,,-18.78,6,1.0,1.0,1.0,-0.07671006655458158,-0.10975914974039447,-36.82842333519935,1,3.0,3.0,0.0,HUBERT_BASE,6
8455-210777-0053_1580-141084-0041__T1__SCV3FIX__VOICE-8455_CONTENT-1580-1580-141084-0041,8455,1580,,10.22,12,0.0,0.0,0.0,0.10877428522205934,0.05212915280202868,38.55218643624148,0,0.0,0.0,-1.0,HUBERT_BASE,6
260-123440-0005_7127-75947-0026__T1__SCV3FIX__VOICE-260_CONTENT-7127-7127-75947-0026,260,7127,,-14.88,5,1.0,1.0,1.0,-0.06250066337339899,-0.08563559203090954,-29.464029665643295,1,2.5,2.5,0.0,HUBERT_BASE,6
8230-279154-0023_260-123286-0002__T2__SCV3FIX__VOICE-260_CONTENT-8230-8230-279154-0023,260,8230,,11.24,11,0.0,0.0,0.0,0.09643945521933667,0.026213883829359963,23.679332389827973,0,0.0,0.0,-1.0,HUBERT_BASE,6
4446-2273-0034_1284-1180-0005__T2__SCV3FIX__VOICE-1284_CONTENT-4446-4446-2273-0034,1284,4446,,9.28,6,0.0,0.0,0.0,0.06602706125202124,0.01425320633287075,34.160495516961234,0,0.0,0.0,-1.0,HUBERT_BASE,6
5142-33396-0009_2961-961-0021__T1__SCV3FIX__VOICE-5142_CONTENT-2961-2961-961-0021,5142,2961,,-19.03,5,1.0,1.0,1.0,-0.06946583507176604,-0.09885746042900923,-22.393044578340938,1,2.5,2.5,0.0,HUBERT_BASE,6
8230-279154-0016_1188-133604-0004__T1__SCV3FIX__VOICE-8230_CONTENT-1188-1188-133604-0004,8230,1188,,-13.24,20,0.9,1.0,0.9,-0.07365989692734246,-0.19410443836302294,-18.05583704780812,2,8.0,4.5,0.0,HUBERT_BASE,6
7127-75947-0035_1580-141084-0021__T1__SCV3FIX__VOICE-7127_CONTENT-1580-1580-141084-0021,7127,1580,,10.52,7,0.0,0.0,0.0,0.05966980917921686,0.014438152885050348,18.12303052563958,0,0.0,0.0,-1.0,HUBERT_BASE,6
6930-81414-0023_4507-16021-0014__T1__SCV3FIX__VOICE-6930_CONTENT-4507-4507-16021-0014,6930,4507,,19.7,8,0.0,0.0,0.0,0.09952310772675621,0.026369869181617434,39.95323273816501,0,0.0,0.0,-1.0,HUBERT_BASE,6
121-127105-0011_4970-29095-0009__T2__SCV3FIX__VOICE-4970_CONTENT-121-121-127105-0011,4970,121,,15.62,10,0.3,0.0,0.0,0.02905037870143239,-0.05163413182940846,30.44115719800235,1,1.0,1.0,4.0,HUBERT_BASE,6
908-31957-0008_2961-961-0010__T2__SCV3FIX__VOICE-2961_CONTENT-908-908-31957-0008,2961,908,,-12.4,14,0.7142857142857143,0.7857142857142857,0.7142857142857143,-0.03454537817049628,-0.16889100929078937,-20.60327319094044,2,3.5,2.25,1.0,HUBERT_BASE,6
1188-133604-0029_8455-210777-0003__T1__SCV3FIX__VOICE-1188_CONTENT-8455-8455-210777-0003,1188,8455,,10.43,6,0.0,0.0,0.0,0.13335420475105422,0.06427853822868357,46.53400845776679,0,0.0,0.0,-1.0,HUBERT_BASE,6
61-70968-0033_1580-141083-0023__T1__SCV3FIX__VOICE-61_CONTENT-1580-1580-141083-0023,61,1580,,13.04,5,0.0,0.0,0.0,0.06876145925211505,0.034862343404909346,37.64846754625646,0,0.0,0.0,-1.0,HUBERT_BASE,6
1284-1180-0026_1580-141084-0009__T1__SCV3FIX__VOICE-1284_CONTENT-1580-1580-141084-0009,1284,1580,,-9.36,8,0.75,0.875,0.75,-0.033140454015294044,-0.17767285773965635,-13.566218908883174,1,3.0,3.0,1.0,HUBERT_BASE,6
1221-135767-0010_2830-3980-0039__T1__SCV3FIX__VOICE-1221_CONTENT-2830-2830-3980-0039,1221,2830,,-22.99,9,1.0,1.0,1.0,-0.0933766689414382,-0.2117765030875428,-38.47559420883177,1,4.5,4.5,0.0,HUBERT_BASE,6
2830-3980-0035_6930-75918-0020__T2__SCV3FIX__VOICE-6930_CONTENT-2830-2830-3980-0035,6930,2830,,6.79,5,0.0,0.0,0.0,0.049533456078084105,0.017246964569198053,21.751424327394012,0,0.0,0.0,-1.0,HUBERT_BASE,6
1580-141084-0011_7176-92135-0001__T2__SCV3FIX__VOICE-7176_CONTENT-1580-1580-141084-0011,7176,1580,,12.41,8,0.0,0.0,0.0,0.07139824427597999,0.03186142570796646,48.52831652937424,0,0.0,0.0,-1.0,HUBERT_BASE,6
8555-292519-0011_7127-75947-0038__T1__SCV3FIX__VOICE-8555_CONTENT-7127-7127-75947-0038,8555,7127,,6.05,5,0.4,0.0,0.0,0.006418883352280224,-0.023005783097776233,18.846336100792225,1,1.0,1.0,0.5,HUBERT_BASE,6
4992-41797-0011_5142-36377-0010__T1__SCV3FIX__VOICE-4992_CONTENT-5142-5142-36377-0010,4992,5142,,0.98,7,0.2857142857142857,0.42857142857142855,0.2857142857142857,0.021394422849409685,-0.040400804689201375,4.555856393663144,0,0.0,0.0,-1.0,HUBERT_BASE,6
61-70968-0000_8455-210777-0012__T1__SCV3FIX__VOICE-61_CONTENT-8455-8455-210777-0012,61,8455,,-16.32,6,0.5,1.0,0.5,-0.013097186453447799,-0.06777119500993245,-18.19129882615815,1,1.0,1.0,0.0,HUBERT_BASE,6
3575-170457-0012_1580-141083-0003__T1__SCV3FIX__VOICE-3575_CONTENT-1580-1580-141083-0003,3575,1580,,12.45,10,0.0,0.0,0.0,0.0953942811771607,0.013942064565975354,40.16382140913917,0,0.0,0.0,-1.0,HUBERT_BASE,6
1580-141084-0040_1089-134691-0004__T2__SCV3FIX__VOICE-1089_CONTENT-1580-1580-141084-0040,1089,1580,,16.11,9,0.2222222222222222,0.0,0.0,0.02245750779150942,-0.026461071728728136,34.87460738339244,1,1.0,1.0,3.0,HUBERT_BASE,6
1320-122612-0009_6930-81414-0011__T2__SCV3FIX__VOICE-6930_CONTENT-1320-1320-122612-0009,6930,1320,,-10.55,6,1.0,1.0,1.0,-0.13220780982864205,-0.22632358163979016,-32.123334736676924,1,3.0,3.0,0.0,HUBERT_BASE,6
4970-29093-0020_5142-33396-0015__T1__SCV3FIX__VOICE-4970_CONTENT-5142-5142-33396-0015,4970,5142,,2.25,7,0.42857142857142855,0.2857142857142857,0.2857142857142857,0.017783993010682803,-0.039434498372485804,15.190352337644269,1,1.5,1.5,1.0,HUBERT_BASE,6
4970-29095-0008_5142-36377-0007__T1__SCV3FIX__VOICE-4970_CONTENT-5142-5142-36377-0007,4970,5142,,-26.16,5,0.6,1.0,0.6,-0.059287109767405276,-0.15242845324997845,-33.37363338341593,1,1.0,1.0,1.5,HUBERT_BASE,6
2961-961-0008_4992-23283-0002__T2__SCV3FIX__VOICE-4992_CONTENT-2961-2961-961-0008,4992,2961,,4.12,5,0.2,0.0,0.0,0.041796363469632114,-0.009072122375138214,21.57807878533603,0,0.0,0.0,-1.0,HUBERT_BASE,6
1995-1836-0001_8455-210777-0049__T1__SCV3FIX__VOICE-1995_CONTENT-8455-8455-210777-0049,1995,8455,,-24.42,7,1.0,1.0,1.0,-0.07917105824022178,-0.10279137915919367,-33.701333997061866,1,3.5,3.5,0.0,HUBERT_BASE,6
3729-6852-0001_8463-294825-0001__T2__SCV3FIX__VOICE-8463_CONTENT-3729-3729-6852-0001,8463,3729,,7.31,14,0.2857142857142857,0.0,0.0,0.043695688386997104,-0.014118254743871295,26.36213688828032,1,1.5,1.5,5.5,HUBERT_BASE,6
61-70968-0014_7176-92135-0009__T2__SCV3FIX__VOICE-7176_CONTENT-61-61-70968-0014,7176,61,,-0.03,7,0.7142857142857143,0.7142857142857143,0.5714285714285714,-0.06274165333654803,-0.3686311616743516,-4.32940666991997,2,1.5,1.25,0.0,HUBERT_BASE,6
4970-29095-0029_5142-33396-0002__T1__SCV3FIX__VOICE-4970_CONTENT-5142-5142-33396-0002,4970,5142,,-29.51,6,1.0,1.0,1.0,-0.04367723422586659,-0.0924196334974996,-34.95328000175815,1,3.0,3.0,0.0,HUBERT_BASE,6
5142-36377-0004_61-70970-0002__T2__SCV3FIX__VOICE-61_CONTENT-5142-5142-36377-0004,61,5142,,11.8,7,0.0,0.0,0.0,0.08735907196626783,0.05367392835027829,32.28291256400673,0,0.0,0.0,-1.0,HUBERT_BASE,6
672-122797-0060_8455-210777-0038__T1__SCV3FIX__VOICE-672_CONTENT-8455-8455-210777-0038,672,8455,,11.19,5,0.6,0.0,0.0,-0.019586669834519954,-0.07063132076849055,11.895205313380675,1,1.0,1.0,1.5,HUBERT_BASE,6
2300-131720-0018_1188-133604-0018__T1__SCV3FIX__VOICE-2300_CONTENT-1188-1188-133604-0018,2300,1188,,-17.47,22,0.8181818181818182,1.0,0.8181818181818182,-0.05943772009089033,-0.1814452935500076,-18.617431602682903,5,3.0,1.8,0.0,HUBERT_BASE,6
2300-131720-0021_121-121726-0004__T1__SCV3FIX__VOICE-2300_CONTENT-121-121-121726-0004,2300,121,,11.37,7,0.0,0.0,0.0,0.1796651375036929,0.056179101589750036,44.07179226543285,0,0.0,0.0,-1.0,HUBERT_BASE,6
237-134493-0016_908-31957-0012__T2__SCV3FIX__VOICE-908_CONTENT-237-237-134493-0016,908,237,,15.35,14,0.07142857142857142,0.0,0.0,0.10106414941913533,-0.006728589801242912,45.75158423999027,0,0.0,0.0,-1.0,HUBERT_BASE,6
260-123286-0022_4507-16021-0036__T1__SCV3FIX__VOICE-260_CONTENT-4507-4507-16021-0036,260,4507,,15.88,5,0.0,0.0,0.0,0.09699803753421728,0.0328590882917289,40.17209237673433,0,0.0,0.0,-1.0,HUBERT_BASE,6
7127-75947-0029_3570-5694-0022__T1__SCV3FIX__VOICE-7127_CONTENT-3570-3570-5694-0022,7127,3570,,9.5,7,0.0,0.0,0.0,0.08700702491378094,0.04262459446919875,31.916566731749306,0,0.0,0.0,-1.0,HUBERT_BASE,6
6829-68769-0044_7021-79740-0009__T2__SCV3FIX__VOICE-7021_CONTENT-6829-6829-68769-0044,7021,6829,,13.75,5,0.0,0.0,0.0,0.07904534494257871,0.045823928716657525,44.2472256681143,0,0.0,0.0,-1.0,HUBERT_BASE,6
4446-2271-0010_8555-284449-0016__T2__SCV3FIX__VOICE-8555_CONTENT-4446-4446-2271-0010,8555,4446,,-11.21,5,0.8,1.0,0.8,-0.026382457768403134,-0.05545740869767446,-14.440872346846803,1,2.0,2.0,0.0,HUBERT_BASE,6
237-126133-0021_1284-1181-0018__T2__SCV3FIX__VOICE-1284_CONTENT-237-237-126133-0021,1284,237,,9.77,5,0.0,0.0,0.0,0.06154421881380519,0.01634186170688856,28.505620304722395,0,0.0,0.0,-1.0,HUBERT_BASE,6
672-122797-0069_6829-68771-0033__T1__SCV3FIX__VOICE-672_CONTENT-6829-6829-68771-0033,672,6829,,8.93,9,0.1111111111111111,0.0,0.0,0.10913090598288172,-0.001166343735157449,41.69356230504083,0,0.0,0.0,-1.0,HUBERT_BASE,6
260-123286-0029_1580-141084-0026__T2__SCV3FIX__VOICE-1580_CONTENT-260-260-123286-0029,1580,260,,-25.31,8,1.0,1.0,1.0,-0.06742910561664418,-0.09051561174559597,-39.07800725515091,1,4.0,4.0,0.0,HUBERT_BASE,6
1320-122617-0011_7127-75947-0003__T2__SCV3FIX__VOICE-7127_CONTENT-1320-1320-122617-0011,7127,1320,,11.18,10,0.0,0.0,0.0,0.0824549587017076,0.013534655565232923,33.58292882748078,0,0.0,0.0,-1.0,HUBERT_BASE,6
8230-279154-0032_61-70968-0008__T1__SCV3FIX__VOICE-8230_CONTENT-61-61-70968-0008,8230,61,,-6.58,6,0.8333333333333334,1.0,0.8333333333333334,-0.07401838810381871,-0.15759409098114308,-7.3557781546947245,1,2.5,2.5,0.0,HUBERT_BASE,6
7729-102255-0039_6829-68769-0017__T2__SCV3FIX__VOICE-6829_CONTENT-7729-7729-102255-0039,6829,7729,,10.4,6,0.0,0.0,0.0,0.11179877238257639,0.027472081944506566,32.69774129330262,0,0.0,0.0,-1.0,HUBERT_BASE,6
8455-210777-0044_5639-40744-0024__T2__SCV3FIX__VOICE-5639_CONTENT-8455-8455-210777-0044,5639,8455,,-15.74,13,1.0,0.9230769230769231,0.9230769230769231,-0.09279433174003329,-0.21891873484544833,-26.56802013021493,1,6.5,6.5,0.0,HUBERT_BASE,6
3729-6852-0040_672-122797-0030__T2__SCV3FIX__VOICE-672_CONTENT-3729-3729-6852-0040,672,3729,,-4.84,8,0.375,0.375,0.25,0.0047553044626574975,-0.09737342981698094,2.909063658241322,1,1.0,1.0,0.0,HUBERT_BASE,6
672-122797-0021_5683-32866-0005__T1__SCV3FIX__VOICE-672_CONTENT-5683-5683-32866-0005,672,5683,,18.66,7,0.0,0.0,0.0,0.10562810486299498,0.06438392017850159,35.93229484377979,0,0.0,0.0,-1.0,HUBERT_BASE,6
4992-23283-0010_8455-210777-0060__T2__SCV3FIX__VOICE-8455_CONTENT-4992-4992-23283-0010,8455,4992,,10.34,9,0.0,0.0,0.0,0.08881650208814756,0.05395210403913708,30.03642089924419,0,0.0,0.0,-1.0,HUBERT_BASE,6
61-70968-0019_2830-3980-0031__T2__SCV3FIX__VOICE-2830_CONTENT-61-61-70968-0019,2830,61,,0.28,9,0.2222222222222222,0.1111111111111111,0.0,0.0497314469460637,-0.06253361449487027,9.67799583611427,0,0.0,0.0,-1.0,HUBERT_BASE,6
908-31957-0012_6829-68769-0025__T2__SCV3FIX__VOICE-6829_CONTENT-908-908-31957-0012,6829,908,,-20.89,10,1.0,1.0,1.0,-0.10823409699012694,-0.2086038219185571,-40.582398593101146,1,5.0,5.0,0.0,HUBERT_BASE,6
7729-102255-0001_5683-32866-0030__T1__SCV3FIX__VOICE-7729_CONTENT-5683-5683-32866-0030,7729,5683,,8.67,5,0.0,0.0,0.0,0.12280885380549267,0.07036549131600567,34.92611403020068,0,0.0,0.0,-1.0,HUBERT_BASE,6
3729-6852-0022_4992-41806-0011__T2__SCV3FIX__VOICE-4992_CONTENT-3729-3729-6852-0022,4992,3729,,9.9,14,0.21428571428571427,0.07142857142857142,0.0,0.03229889936811427,-0.036972935908407556,27.780734444190507,1,1.0,1.0,2.5,HUBERT_BASE,6
4077-13754-0011_7729-102255-0028__T1__SCV3FIX__VOICE-4077_CONTENT-7729-7729-102255-0028,4077,7729,,-19.01,18,0.9444444444444444,1.0,0.9444444444444444,-0.09124245529936435,-0.17652525342455405,-37.07719758951878,2,6.5,4.25,0.0,HUBERT_BASE,6
3570-5696-0007_1995-1837-0003__T1__SCV3FIX__VOICE-3570_CONTENT-1995-1995-1837-0003,3570,1995,,2.52,13,0.6153846153846154,0.0,0.0,-0.011695688088977585,-0.0777756006526017,11.043154636046012,1,3.5,3.5,3.0,HUBERT_BASE,6
5105-28233-0000_1221-135767-0018__T2__SCV3FIX__VOICE-1221_CONTENT-5105-5105-28233-0000,1221,5105,,-21.74,8,1.0,1.0,1.0,-0.08758995784143107,-0.1594673959309829,-35.1740402853662,1,4.0,4.0,0.0,HUBERT_BASE,6
4446-2271-0000_2830-3980-0029__T1__SCV3FIX__VOICE-4446_CONTENT-2830-2830-3980-0029,4446,2830,,2.04,5,0.0,0.4,0.0,0.06312674202254556,0.011223435177447838,7.894657527746491,0,0.0,0.0,-1.0,HUBERT_BASE,6
8455-210777-0000_61-70968-0011__T1__SCV3FIX__VOICE-8455_CONTENT-61-61-70968-0011,8455,61,,5.66,11,0.0,0.0,0.0,0.0805059465101986,0.02034360129677182,15.164864007543516,0,0.0,0.0,-1.0,HUBERT_BASE,6
6930-76324-0014_1284-1181-0012__T2__SCV3FIX__VOICE-1284_CONTENT-6930-6930-76324-0014,1284,6930,,-20.17,8,1.0,1.0,1.0,-0.07476910551307854,-0.143905057878708,-31.840293464990502,1,4.0,4.0,0.0,HUBERT_BASE,6
260-123440-0003_2961-960-0009__T2__SCV3FIX__VOICE-2961_CONTENT-260-260-123440-0003,2961,260,,-28.4,6,0.8333333333333334,1.0,0.8333333333333334,-0.06722199227928595,-0.1608309341753974,-39.1445012024213,1,2.5,2.5,0.0,HUBERT_BASE,6
61-70968-0011_1221-135767-0013__T2__SCV3FIX__VOICE-1221_CONTENT-61-61-70968-0011,1221,61,,11.72,11,0.0,0.0,0.0,0.09798301383736034,0.06723135976029981,25.091107048372795,0,0.0,0.0,-1.0,HUBERT_BASE,6
5683-32879-0007_8455-210777-0025__T2__SCV3FIX__VOICE-8455_CONTENT-5683-5683-32879-0007,8455,5683,,12.53,6,0.0,0.0,0.0,0.08724422930311158,0.05619002004686868,40.3207085357858,0,0.0,0.0,-1.0,HUBERT_BASE,6
908-157963-0016_4992-41806-0015__T2__SCV3FIX__VOICE-4992_CONTENT-908-908-157963-0016,4992,908,,-18.78,9,1.0,1.0,1.0,-0.10791535232507941,-0.15939982326709834,-40.077609805448795,1,4.5,4.5,0.0,HUBERT_BASE,6
5142-33396-0057_1580-141083-0009__T1__SCV3FIX__VOICE-5142_CONTENT-1580-1580-141083-0009,5142,1580,,10.67,5,0.0,0.0,0.0,0.06461456188042317,0.031611558084572056,36.95564907538806,0,0.0,0.0,-1.0,HUBERT_BASE,6
4446-2273-0018_2094-142345-0005__T1__SCV3FIX__VOICE-4446_CONTENT-2094-2094-142345-0005,4446,2094,,-13.95,5,0.8,1.0,0.8,-0.028642406903992734,-0.06653113067605954,-22.35902048323893,1,1.5,1.5,0.0,HUBERT_BASE,6
7729-102255-0035_61-70968-0005__T1__SCV3FIX__VOICE-7729_CONTENT-61-61-70968-0005,7729,61,,6.89,9,0.0,0.0,0.0,0.11216774138021902,0.05885875107349636,28.090415750825414,0,0.0,0.0,-1.0,HUBERT_BASE,6
4970-29093-0007_3570-5694-0011__T2__SCV3FIX__VOICE-3570_CONTENT-4970-4970-29093-0007,3570,4970,,12.31,12,0.0,0.0,0.0,0.09284283525235082,0.019156218333748476,46.141017605897424,0,0.0,0.0,-1.0,HUBERT_BASE,6
260-123288-0005_61-70968-0040__T2__SCV3FIX__VOICE-61_CONTENT-260-260-123288-0005,61,260,,7.33,6,0.0,0.0,0.0,0.12165136591027552,0.05434990354167568,17.98298584850055,0,0.0,0.0,-1.0,HUBERT_BASE,6
8455-210777-0020_61-70968-0054__T2__SCV3FIX__VOICE-61_CONTENT-8455-8455-210777-0020,61,8455,,8.15,5,0.0,0.0,0.0,0.16355262123808778,0.05224884354715276,32.23626097153915,0,0.0,0.0,-1.0,HUBERT_BASE,6
1284-1180-0009_1580-141083-0045__T1__SCV3FIX__VOICE-1284_CONTENT-1580-1580-141083-0045,1284,1580,,-30.28,7,0.7142857142857143,1.0,0.7142857142857143,-0.05395957146232374,-0.11458865592004353,-34.16624129334622,1,2.0,2.0,0.0,HUBERT_BASE,6
7127-75946-0010_5639-40744-0029__T1__SCV3FIX__VOICE-7127_CONTENT-5639-5639-40744-0029,7127,5639,,6.77,6,0.0,0.0,0.0,0.06631780639397221,0.02891421791303639,25.944466029612837,0,0.0,0.0,-1.0,HUBERT_BASE,6
6829-68771-0016_237-134500-0036__T1__SCV3FIX__VOICE-6829_CONTENT-237-237-134500-0036,6829,237,,-10.07,12,0.6666666666666666,0.75,0.5833333333333334,-0.012560567181167622,-0.10583722379725702,-9.953748246503729,2,3.0,2.0,1.0,HUBERT_BASE,6
5639-40744-0010_61-70968-0050__T1__SCV3FIX__VOICE-5639_CONTENT-61-61-70968-0050,5639,61,,-6.16,7,0.2857142857142857,1.0,0.2857142857142857,-0.011014181422533837,-0.1574951485485787,-16.063454311512082,0,0.0,0.0,-1.0,HUBERT_BASE,6
7127-75947-0019_1089-134691-0018__T2__SCV3FIX__VOICE-1089_CONTENT-7127-7127-75947-0019,1089,7127,,-20.05,5,1.0,1.0,1.0,-0.06801915059479943,-0.1292108867552293,-25.867007473926737,1,2.5,2.5,0.0,HUBERT_BASE,6
1320-122617-0017_6930-76324-0004__T2__SCV3FIX__VOICE-6930_CONTENT-1320-1320-122617-0017,6930,1320,,-19.29,10,1.0,1.0,1.0,-0.095247785974117,-0.23749211025899852,-30.204251474077772,1,5.0,5.0,0.0,HUBERT_BASE,6
1320-122612-0010_3570-5695-0003__T2__SCV3FIX__VOICE-3570_CONTENT-1320-1320-122612-0010,3570,1320,,-25.17,9,1.0,1.0,1.0,-0.07890962470545161,-0.13108826362250547,-34.68786674749881,1,4.5,4.5,0.0,HUBERT_BASE,6
4446-2273-0015_7176-88083-0016__T1__SCV3FIX__VOICE-4446_CONTENT-7176-7176-88083-0016,4446,7176,,-25.71,6,1.0,1.0,1.0,-0.07738496506448667,-0.11479478675729216,-44.3675927430933,1,3.0,3.0,0.0,HUBERT_BASE,6
5105-28240-0009_61-70970-0034__T2__SCV3FIX__VOICE-61_CONTENT-5105-5105-28240-0009,61,5105,,9.05,7,0.0,0.0,0.0,0.14922981192294824,0.11559170253359452,31.345484580079333,0,0.0,0.0,-1.0,HUBERT_BASE,6
3575-170457-0048_1580-141084-0033__T2__SCV3FIX__VOICE-1580_CONTENT-3575-3575-170457-0048,1580,3575,,9.1,10,0.3,0.1,0.1,0.03246376197729951,-0.07749086463441734,12.76760131822904,1,1.0,1.0,3.5,HUBERT_BASE,6
237-134493-0000_2961-960-0004__T2__SCV3FIX__VOICE-2961_CONTENT-237-237-134493-0000,2961,237,,3.0,7,0.0,0.0,0.0,0.0858657084709721,0.014972799312978902,29.420059936803405,0,0.0,0.0,-1.0,HUBERT_BASE,6
2961-961-0011_3729-6852-0043__T2__SCV3FIX__VOICE-3729_CONTENT-2961-2961-961-0011,3729,2961,,-21.2,7,0.8571428571428571,1.0,0.8571428571428571,-0.047725510301434175,-0.07921190139743972,-21.092789351389545,1,3.0,3.0,0.5,HUBERT_BASE,6
7127-75947-0033_908-157963-0030__T2__SCV3FIX__VOICE-908_CONTENT-7127-7127-75947-0033,908,7127,,6.99,8,0.25,0.0,0.0,0.04463162291064085,-0.09759032021383984,31.39395005756117,1,1.0,1.0,0.5,HUBERT_BASE,6
8230-279154-0027_672-122797-0057__T1__SCV3FIX__VOICE-8230_CONTENT-672-672-122797-0057,8230,672,,10.44,10,0.0,0.0,0.0,0.10142685524096766,0.01156091529124792,32.10488548243184,0,0.0,0.0,-1.0,HUBERT_BASE,6
4970-29095-0005_4446-2271-0018__T2__SCV3FIX__VOICE-4446_CONTENT-4970-4970-29095-0005,4446,4970,,18.43,8,0.0,0.0,0.0,0.06712912972025357,0.04078924574335818,54.327115347784975,0,0.0,0.0,-1.0,HUBERT_BASE,6
4446-2275-0001_7176-88083-0003__T2__SCV3FIX__VOICE-7176_CONTENT-4446-4446-2275-0001,7176,4446,,12.1,8,0.0,0.0,0.0,0.07873385607901878,0.038851796803683114,38.749504787498665,0,0.0,0.0,-1.0,HUBERT_BASE,6
61-70968-0017_2830-3980-0057__T2__SCV3FIX__VOICE-2830_CONTENT-61-61-70968-0017,2830,61,,7.46,9,0.1111111111111111,0.1111111111111111,0.1111111111111111,0.03754245792279546,-0.028616070175054076,17.62664908350239,0,0.0,0.0,-1.0,HUBERT_BASE,6
1580-141083-0040_6930-81414-0012__T1__SCV3FIX__VOICE-1580_CONTENT-6930-6930-81414-0012,1580,6930,,-26.58,6,1.0,1.0,1.0,-0.07012744838137719,-0.11530434574083503,-28.00249176942567,1,3.0,3.0,0.0,HUBERT_BASE,6
260-123286-0018_5105-28240-0019__T2__SCV3FIX__VOICE-5105_CONTENT-260-260-123286-0018,5105,260,,-2.56,10,0.5,0.5,0.0,0.021787481318058965,-0.0585817682947648,2.7203707752635133,1,2.5,2.5,1.0,HUBERT_BASE,6
7021-85628-0016_5683-32865-0005__T2__SCV3FIX__VOICE-5683_CONTENT-7021-7021-85628-0016,5683,7021,,-23.23,7,1.0,1.0,1.0,-0.11354665223301418,-0.2384741263705199,-40.284751559911356,1,3.5,3.5,0.0,HUBERT_BASE,6
260-123286-0026_121-121726-0004__T2__SCV3FIX__VOICE-121_CONTENT-260-260-123286-0026,121,260,,-22.88,7,1.0,1.0,1.0,-0.18031088714235452,-0.3201375539648331,-41.89161307778056,1,3.5,3.5,0.0,HUBERT_BASE,6
61-70970-0011_1995-1826-0009__T2__SCV3FIX__VOICE-1995_CONTENT-61-61-70970-0011,1995,61,,9.68,11,0.0,0.0,0.0,0.08059232845339623,0.0072032268684543155,27.620336359524945,0,0.0,0.0,-1.0,HUBERT_BASE,6
1188-133604-0016_7176-88083-0018__T1__SCV3FIX__VOICE-1188_CONTENT-7176-7176-88083-0018,1188,7176,,5.85,19,0.0,0.0,0.0,0.07290621453259143,0.008887883573451938,22.903674671056734,0,0.0,0.0,-1.0,HUBERT_BASE,6
672-122797-0066_1221-135766-0004__T1__SCV3FIX__VOICE-672_CONTENT-1221-1221-135766-0004,672,1221,,7.87,8,0.0,0.0,0.0,0.11783133020856486,0.06293534750361474,32.117011413677155,0,0.0,0.0,-1.0,HUBERT_BASE,6
1320-122612-0006_2094-142345-0034__T2__SCV3FIX__VOICE-2094_CONTENT-1320-1320-122612-0006,2094,1320,,-26.41,8,1.0,1.0,1.0,-0.13341093156532974,-0.22142892633085143,-38.847566046806975,1,4.0,4.0,0.0,HUBERT_BASE,6
5142-33396-0053_260-123286-0002__T2__SCV3FIX__VOICE-260_CONTENT-5142-5142-33396-0053,260,5142,,17.1,6,0.0,0.0,0.0,0.07756860535294087,0.009071583054045429,39.93864769842076,0,0.0,0.0,-1.0,HUBERT_BASE,6
1320-122612-0014_908-31957-0016__T2__SCV3FIX__VOICE-908_CONTENT-1320-1320-122612-0014,908,1320,,7.95,6,0.0,0.0,0.0,0.17681106229679497,0.07007259627437068,34.75550221965434,0,0.0,0.0,-1.0,HUBERT_BASE,6
61-70970-0028_908-31957-0009__T2__SCV3FIX__VOICE-908_CONTENT-61-61-70970-0028,908,61,,6.55,11,0.09090909090909091,0.0,0.0,0.08317373100820442,-0.02938085208963115,21.45934852575342,0,0.0,0.0,-1.0,HUBERT_BASE,6
1580-141084-0008_908-157963-0027__T1__SCV3FIX__VOICE-1580_CONTENT-908-908-157963-0027,1580,908,,-25.63,9,1.0,1.0,1.0,-0.06856112342217402,-0.10597121503603224,-34.54676016543041,1,4.5,4.5,0.0,HUBERT_BASE,6
8224-274381-0011_5683-32865-0010__T2__SCV3FIX__VOICE-5683_CONTENT-8224-8224-274381-0011,5683,8224,,-22.63,11,1.0,1.0,1.0,-0.06704725435844107,-0.17034005659509965,-40.312664774597856,1,5.5,5.5,0.0,HUBERT_BASE,6
4446-2273-0019_8555-284447-0022__T2__SCV3FIX__VOICE-8555_CONTENT-4446-4446-2273-0019,8555,4446,,-4.58,5,0.4,0.6,0.2,0.01379239420956344,-0.03156775549311208,-0.4508877339995824,1,1.0,1.0,1.5,HUBERT_BASE,6
1221-135767-0013_5683-32865-0007__T2__SCV3FIX__VOICE-5683_CONTENT-1221-1221-135767-0013,5683,1221,,7.67,11,0.09090909090909091,0.0,0.0,0.04943222370544411,-0.012309193364961168,27.448408232815236,0,0.0,0.0,-1.0,HUBERT_BASE,6
1580-141083-0022_4446-2273-0003__T2__SCV3FIX__VOICE-4446_CONTENT-1580-1580-141083-0022,4446,1580,,7.45,5,0.0,0.0,0.0,0.07387833906009766,0.018857362775338338,36.41300795777355,0,0.0,0.0,-1.0,HUBERT_BASE,6
7127-75946-0008_2300-131720-0002__T2__SCV3FIX__VOICE-2300_CONTENT-7127-7127-75946-0008,2300,7127,,7.96,7,0.0,0.0,0.0,0.06947829285193056,0.011611878639680162,29.81894920444186,0,0.0,0.0,-1.0,HUBERT_BASE,6
6829-68771-0014_2830-3980-0025__T2__SCV3FIX__VOICE-2830_CONTENT-6829-6829-68771-0014,2830,6829,,12.02,8,0.0,0.0,0.0,0.13369646616420944,0.0901441556067849,35.93384607398545,0,0.0,0.0,-1.0,HUBERT_BASE,6
260-123288-0011_4446-2275-0029__T2__SCV3FIX__VOICE-4446_CONTENT-260-260-123288-0011,4446,260,,-19.3,11,1.0,1.0,1.0,-0.09465738046996383,-0.16135984336475262,-37.862219234841,1,5.5,5.5,0.0,HUBERT_BASE,6
8463-294828-0031_6829-68769-0051__T2__SCV3FIX__VOICE-6829_CONTENT-8463-8463-294828-0031,6829,8463,,2.72,6,0.3333333333333333,0.3333333333333333,0.16666666666666666,0.006183478694731792,-0.0765739664021754,6.788496540233631,0,0.0,0.0,-1.0,HUBERT_BASE,6
4446-2271-0000_1221-135766-0006__T1__SCV3FIX__VOICE-4446_CONTENT-1221-1221-135766-0006,4446,1221,,4.96,5,0.2,0.2,0.0,0.017324351840506978,-0.004706442823032453,11.183053381412668,0,0.0,0.0,-1.0,HUBERT_BASE,6
6829-68769-0053_908-157963-0005__T1__SCV3FIX__VOICE-6829_CONTENT-908-908-157963-0005,6829,908,,-33.09,11,1.0,1.0,1.0,-0.05749946442290808,-0.10842531702628744,-34.578568093213704,1,5.5,5.5,0.0,HUBERT_BASE,6
237-134500-0000_1221-135767-0018__T2__SCV3FIX__VOICE-1221_CONTENT-237-237-134500-0000,1221,237,,7.12,11,0.0,0.0,0.0,0.047790061591193596,0.001731514896094799,24.341307286820008,0,0.0,0.0,-1.0,HUBERT_BASE,6
4970-29095-0004_1089-134686-0012__T2__SCV3FIX__VOICE-1089_CONTENT-4970-4970-29095-0004,1089,4970,,14.71,18,0.0,0.0,0.0,0.09499546575588216,0.012886704292854545,41.63489762537488,0,0.0,0.0,-1.0,HUBERT_BASE,6
8455-210777-0009_4970-29093-0004__T1__SCV3FIX__VOICE-8455_CONTENT-4970-4970-29093-0004,8455,4970,,10.34,6,0.0,0.0,0.0,0.09492999472606518,0.050209825637264505,35.00708942000167,0,0.0,0.0,-1.0,HUBERT_BASE,6
61-70968-0051_4507-16021-0014__T1__SCV3FIX__VOICE-61_CONTENT-4507-4507-16021-0014,61,4507,,10.84,5,0.0,0.0,0.0,0.18141195847190306,0.10356109982495654,37.487359394931715,0,0.0,0.0,-1.0,HUBERT_BASE,6
1284-1180-0010_1580-141084-0008__T2__SCV3FIX__VOICE-1580_CONTENT-1284-1284-1180-0010,1580,1284,,-26.92,12,0.9166666666666666,1.0,0.9166666666666666,-0.04534909009412,-0.13130581116325146,-40.33592724138158,1,5.0,5.0,0.0,HUBERT_BASE,6
4446-2271-0021_4970-29093-0013__T2__SCV3FIX__VOICE-4970_CONTENT-4446-4446-2271-0021,4970,4446,,-25.4,6,1.0,1.0,1.0,-0.07617122085812644,-0.12257599585475443,-35.955020377104795,1,3.0,3.0,0.0,HUBERT_BASE,6
5142-33396-0033_1320-122612-0016__T2__SCV3FIX__VOICE-1320_CONTENT-5142-5142-33396-0033,1320,5142,,13.13,5,0.0,0.0,0.0,0.10802234340411263,0.08059471684437391,38.60566508401534,0,0.0,0.0,-1.0,HUBERT_BASE,6
1089-134686-0034_8463-294828-0036__T2__SCV3FIX__VOICE-8463_CONTENT-1089-1089-134686-0034,8463,1089,,10.56,10,0.0,0.0,0.0,0.15809213144340592,0.09286636420475503,38.73504608834929,0,0.0,0.0,-1.0,HUBERT_BASE,6
1320-122617-0012_8463-294828-0003__T1__SCV3FIX__VOICE-1320_CONTENT-8463-8463-294828-0003,1320,8463,,16.11,14,0.0,0.0,0.0,0.10899578154699056,0.018204337744848087,41.45353542863611,0,0.0,0.0,-1.0,HUBERT_BASE,6
8455-210777-0050_4992-23283-0015__T2__SCV3FIX__VOICE-4992_CONTENT-8455-8455-210777-0050,4992,8455,,10.68,6,0.0,0.0,0.0,0.08661478937426385,0.058488911375548125,18.160288807642193,0,0.0,0.0,-1.0,HUBERT_BASE,6
4446-2273-0019_260-123288-0000__T1__SCV3FIX__VOICE-4446_CONTENT-260-260-123288-0000,4446,260,,-25.82,4,1.0,1.0,1.0,-0.08380799558229993,-0.12287540695755983,-38.16281166325702,1,2.0,2.0,0.0,HUBERT_BASE,6
8455-210777-0000_5142-33396-0051__T2__SCV3FIX__VOICE-5142_CONTENT-8455-8455-210777-0000,5142,8455,,-23.1,10,1.0,1.0,1.0,-0.0954649101115267,-0.1610396472194232,-41.904042843124614,1,5.0,5.0,0.0,HUBERT_BASE,6
237-134500-0036_6829-68771-0035__T2__SCV3FIX__VOICE-6829_CONTENT-237-237-134500-0036,6829,237,,-4.78,7,0.42857142857142855,0.5714285714285714,0.42857142857142855,0.03020238008330776,-0.036769993536959755,-1.422582043990788,1,1.0,1.0,2.0,HUBERT_BASE,6
61-70968-0034_672-122797-0070__T1__SCV3FIX__VOICE-61_CONTENT-672-672-122797-0070,61,672,,-24.15,7,1.0,1.0,1.0,-0.11863363195890907,-0.24051659246135204,-34.05605989397316,1,3.5,3.5,0.0,HUBERT_BASE,6
8555-284449-0001_4446-2275-0041__T1__SCV3FIX__VOICE-8555_CONTENT-4446-4446-2275-0041,8555,4446,,11.62,8,0.125,0.0,0.0,0.05054494366417048,-0.005609323831991642,26.76844955904251,0,0.0,0.0,-1.0,HUBERT_BASE,6
7176-88083-0008_2830-3980-0048__T2__SCV3FIX__VOICE-2830_CONTENT-7176-7176-88083-0008,2830,7176,,8.32,5,0.0,0.0,0.0,0.05586488788064017,0.050642847001974634,20.88654474706812,0,0.0,0.0,-1.0,HUBERT_BASE,6
8455-210777-0064_6829-68769-0048__T2__SCV3FIX__VOICE-6829_CONTENT-8455-8455-210777-0064,6829,8455,,-23.53,6,1.0,1.0,1.0,-0.07090141400277633,-0.12636662159482548,-37.068835875191134,1,3.0,3.0,0.0,HUBERT_BASE,6
3729-6852-0038_8455-210777-0033__T1__SCV3FIX__VOICE-3729_CONTENT-8455-8455-210777-0033,3729,8455,,-23.56,10,1.0,1.0,1.0,-0.09348124902791187,-0.16199631140466753,-35.086391259718546,1,5.0,5.0,0.0,HUBERT_BASE,6
6930-81414-0015_5142-36377-0025__T2__SCV3FIX__VOICE-5142_CONTENT-6930-6930-81414-0015,5142,6930,,-9.47,6,1.0,1.0,1.0,-0.09782238011286647,-0.1924174504192393,-27.650964066728736,1,3.0,3.0,0.0,HUBERT_BASE,6
1320-122612-0007_2300-131720-0005__T2__SCV3FIX__VOICE-2300_CONTENT-1320-1320-122612-0007,2300,1320,,1.55,10,0.5,0.3,0.2,-0.012701328819268377,-0.14419699286297039,0.41315189368668326,2,1.5,1.25,0.0,HUBERT_BASE,6
5105-28240-0019_6829-68771-0015__T2__SCV3FIX__VOICE-6829_CONTENT-5105-5105-28240-0019,6829,5105,,-22.35,8,1.0,1.0,1.0,-0.09891118205285494,-0.1860323025947942,-37.35791032936278,1,4.0,4.0,0.0,HUBERT_BASE,6
61-70968-0028_7021-79730-0007__T2__SCV3FIX__VOICE-7021_CONTENT-61-61-70968-0028,7021,61,,4.59,9,0.6666666666666666,0.0,0.0,-0.030435406982264584,-0.13415266955234728,12.774859735590022,1,3.0,3.0,0.0,HUBERT_BASE,6
61-70970-0037_1089-134691-0017__T1__SCV3FIX__VOICE-61_CONTENT-1089-1089-134691-0017,61,1089,,-2.43,10,0.5,0.7,0.3,-0.02471262212942186,-0.14769805062644537,-7.457385233597523,1,1.5,1.5,1.5,HUBERT_BASE,6
5683-32879-0000_3729-6852-0002__T1__SCV3FIX__VOICE-5683_CONTENT-3729-3729-6852-0002,5683,3729,,-0.89,16,0.1875,0.1875,0.0625,0.02406471781209734,-0.07107828421411388,13.875240870923806,1,1.0,1.0,0.5,HUBERT_BASE,6
1089-134686-0008_8230-279154-0012__T1__SCV3FIX__VOICE-1089_CONTENT-8230-8230-279154-0012,1089,8230,,1.6,6,0.16666666666666666,0.0,0.0,0.043113980518263297,-0.011440819725633045,14.559717018630698,0,0.0,0.0,-1.0,HUBERT_BASE,6
7127-75947-0028_2300-131720-0014__T2__SCV3FIX__VOICE-2300_CONTENT-7127-7127-75947-0028,2300,7127,,8.64,6,0.0,0.0,0.0,0.06383539206210807,0.037215706453505026,24.613945044237862,0,0.0,0.0,-1.0,HUBERT_BASE,6
4970-29095-0028_2830-3980-0017__T1__SCV3FIX__VOICE-4970_CONTENT-2830-2830-3980-0017,4970,2830,,-23.73,6,1.0,1.0,1.0,-0.0846246813253763,-0.10885293650598737,-38.37319297379005,1,3.0,3.0,0.0,HUBERT_BASE,6
5142-36377-0001_4992-41797-0010__T2__SCV3FIX__VOICE-4992_CONTENT-5142-5142-36377-0001,4992,5142,,0.39,9,0.5555555555555556,0.2222222222222222,0.2222222222222222,-0.009723883390864694,-0.20608770281105016,6.933085680778304,2,1.5,1.25,0.0,HUBERT_BASE,6
2830-3980-0072_3575-170457-0021__T1__SCV3FIX__VOICE-2830_CONTENT-3575-3575-170457-0021,2830,3575,,14.37,7,0.0,0.0,0.0,0.07870291034221555,0.026511433370536852,40.02429822374925,0,0.0,0.0,-1.0,HUBERT_BASE,6
7176-88083-0003_4507-16021-0057__T1__SCV3FIX__VOICE-7176_CONTENT-4507-4507-16021-0057,7176,4507,,14.28,8,0.0,0.0,0.0,0.12080026061077881,0.0706323286911884,43.81951032510926,0,0.0,0.0,-1.0,HUBERT_BASE,6
6829-68769-0011_3729-6852-0028__T2__SCV3FIX__VOICE-3729_CONTENT-6829-6829-68769-0011,3729,6829,,-15.36,8,1.0,1.0,1.0,-0.0605983218596861,-0.09353810705637544,-31.070552808082553,1,4.0,4.0,0.0,HUBERT_BASE,6
908-157963-0018_61-70970-0040__T1__SCV3FIX__VOICE-908_CONTENT-61-61-70970-0040,908,61,,4.96,7,0.2857142857142857,0.0,0.0,0.022721563852375132,-0.05616098530027269,13.12781417084052,0,0.0,0.0,-1.0,HUBERT_BASE,6
4970-29095-0007_2961-961-0020__T1__SCV3FIX__VOICE-4970_CONTENT-2961-2961-961-0020,4970,2961,,-10.22,11,0.8181818181818182,0.9090909090909091,0.8181818181818182,-0.06159639348518788,-0.23196869301112988,-12.947859390826947,2,3.0,2.25,0.0,HUBERT_BASE,6
61-70968-0043_7021-85628-0019__T2__SCV3FIX__VOICE-7021_CONTENT-61-61-70968-0043,7021,61,,-3.51,5,0.8,1.0,0.8,-0.0755383622638732,-0.14028209725069674,-10.458410645018066,1,1.5,1.5,0.0,HUBERT_BASE,6
7127-75946-0027_908-31957-0014__T2__SCV3FIX__VOICE-908_CONTENT-7127-7127-75946-0027,908,7127,,6.6,14,0.21428571428571427,0.0,0.0,0.07821180347904247,-0.04743534013630857,25.68278144812775,1,1.0,1.0,4.5,HUBERT_BASE,6
6829-68769-0053_1320-122617-0011__T1__SCV3FIX__VOICE-6829_CONTENT-1320-1320-122617-0011,6829,1320,,-23.97,11,1.0,1.0,1.0,-0.11650211491730902,-0.16085196264672896,-38.89003006727348,1,5.5,5.5,0.0,HUBERT_BASE,6
2961-960-0006_5683-32866-0028__T1__SCV3FIX__VOICE-2961_CONTENT-5683-5683-32866-0028,2961,5683,,-9.77,10,0.7,0.8,0.6,-0.01366168273597893,-0.11127221361775652,-11.694949918399097,3,1.5,1.1666666666666667,0.0,HUBERT_BASE,6
7127-75947-0025_4970-29095-0022__T1__SCV3FIX__VOICE-7127_CONTENT-4970-4970-29095-0022,7127,4970,,6.52,8,0.125,0.0,0.0,0.059505829097232454,-0.027714542960522892,16.93314465646422,0,0.0,0.0,-1.0,HUBERT_BASE,6
7127-75946-0009_121-127105-0001__T2__SCV3FIX__VOICE-121_CONTENT-7127-7127-75946-0009,121,7127,,-21.99,8,1.0,1.0,1.0,-0.1155095824562258,-0.17865330688400305,-34.56333383525688,1,4.0,4.0,0.0,HUBERT_BASE,6
8230-279154-0035_1188-133604-0036__T1__SCV3FIX__VOICE-8230_CONTENT-1188-1188-133604-0036,8230,1188,,-6.23,14,0.7857142857142857,0.9285714285714286,0.7857142857142857,-0.026409263375441243,-0.0918147545571375,-12.608566820093573,2,3.0,2.25,0.0,HUBERT_BASE,6
1089-134686-0010_4507-16021-0023__T2__SCV3FIX__VOICE-4507_CONTENT-1089-1089-134686-0010,4507,1089,,-22.47,7,1.0,1.0,1.0,-0.10340084723412599,-0.15156496196025948,-42.0668157916902,1,3.5,3.5,0.0,HUBERT_BASE,6
7729-102255-0037_8463-294828-0000__T2__SCV3FIX__VOICE-8463_CONTENT-7729-7729-102255-0037,8463,7729,,12.54,6,0.0,0.0,0.0,0.07997166724847175,0.010749816679534896,27.005367013013295,0,0.0,0.0,-1.0,HUBERT_BASE,6
2961-961-0001_61-70968-0016__T1__SCV3FIX__VOICE-2961_CONTENT-61-61-70968-0016,2961,61,,-21.09,6,1.0,1.0,1.0,-0.09120403791190285,-0.14807678738041186,-32.133223417728594,1,3.0,3.0,0.0,HUBERT_BASE,6
8455-210777-0000_61-70968-0011__T2__SCV3FIX__VOICE-61_CONTENT-8455-8455-210777-0000,61,8455,,8.42,11,0.0,0.0,0.0,0.09684126799881478,0.04751109981882096,27.57278051998206,0,0.0,0.0,-1.0,HUBERT_BASE,6
5683-32865-0011_4970-29095-0035__T1__SCV3FIX__VOICE-5683_CONTENT-4970-4970-29095-0035,5683,4970,,-0.44,8,0.25,0.625,0.25,-0.010264471450970633,-0.23177098764363302,-1.4351622104225177,1,1.0,1.0,2.0,HUBERT_BASE,6
1995-1826-0018_6930-75918-0018__T1__SCV3FIX__VOICE-1995_CONTENT-6930-6930-75918-0018,1995,6930,,9.15,9,0.0,0.0,0.0,0.059109119899128,0.003935226215480037,35.617303817315445,0,0.0,0.0,-1.0,HUBERT_BASE,6
6930-81414-0013_2830-3980-0047__T1__SCV3FIX__VOICE-6930_CONTENT-2830-2830-3980-0047,6930,2830,,-15.01,13,1.0,1.0,1.0,-0.06306869034166537,-0.16830516528077866,-32.1139556025188,1,6.5,6.5,0.0,HUBERT_BASE,6
5105-28241-0013_8555-284449-0001__T2__SCV3FIX__VOICE-8555_CONTENT-5105-5105-28241-0013,8555,5105,,-26.06,8,1.0,1.0,1.0,-0.09100618107814418,-0.14394043497824627,-42.53059158773064,1,4.0,4.0,0.0,HUBERT_BASE,6
1089-134691-0022_2830-3979-0000__T1__SCV3FIX__VOICE-1089_CONTENT-2830-2830-3979-0000,1089,2830,,12.95,10,0.1,0.0,0.0,0.09330809763592568,-0.0032498239820921704,27.607624578749842,0,0.0,0.0,-1.0,HUBERT_BASE,6
61-70968-0010_3575-170457-0003__T1__SCV3FIX__VOICE-61_CONTENT-3575-3575-170457-0003,61,3575,,12.59,14,0.0,0.0,0.0,0.12851216553069034,0.057189465370412584,33.256771677980176,0,0.0,0.0,-1.0,HUBERT_BASE,6
7176-92135-0022_1995-1837-0017__T2__SCV3FIX__VOICE-1995_CONTENT-7176-7176-92135-0022,1995,7176,,-24.41,5,1.0,1.0,1.0,-0.09253017002490053,-0.1423850711946828,-33.962522303155296,1,2.5,2.5,0.0,HUBERT_BASE,6
4970-29095-0006_4507-16021-0021__T1__SCV3FIX__VOICE-4970_CONTENT-4507-4507-16021-0021,4970,4507,,11.27,7,0.14285714285714285,0.0,0.0,0.0519482907547923,-0.04817731407812653,20.08044654284817,0,0.0,0.0,-1.0,HUBERT_BASE,6
5142-33396-0033_8455-210777-0060__T2__SCV3FIX__VOICE-8455_CONTENT-5142-5142-33396-0033,8455,5142,,11.35,9,0.0,0.0,0.0,0.11109682140430761,0.052833019630442846,36.23845784332762,0,0.0,0.0,-1.0,HUBERT_BASE,6
908-31957-0022_6930-81414-0014__T2__SCV3FIX__VOICE-6930_CONTENT-908-908-31957-0022,6930,908,,-21.95,13,1.0,1.0,1.0,-0.09890694637905134,-0.1994249006495502,-30.86067128007348,1,6.5,6.5,0.0,HUBERT_BASE,6
4992-23283-0005_6829-68769-0034__T2__SCV3FIX__VOICE-6829_CONTENT-4992-4992-23283-0005,6829,4992,,4.24,11,0.8181818181818182,0.09090909090909091,0.09090909090909091,-0.01840432188786747,-0.08522296807297536,8.662748650515464,2,3.5,2.25,0.0,HUBERT_BASE,6
672-122797-0065_8230-279154-0004__T2__SCV3FIX__VOICE-8230_CONTENT-672-672-122797-0065,8230,672,,-31.94,5,1.0,1.0,1.0,-0.05053521506168816,-0.07497907460183029,-24.335619725545143,1,2.5,2.5,0.0,HUBERT_BASE,6
1995-1837-0015_1580-141083-0012__T1__SCV3FIX__VOICE-1995_CONTENT-1580-1580-141083-0012,1995,1580,,12.43,7,0.0,0.0,0.0,0.06678208365933415,0.047343849401814686,46.84532999075957,0,0.0,0.0,-1.0,HUBERT_BASE,6
1089-134686-0002_7729-102255-0037__T1__SCV3FIX__VOICE-1089_CONTENT-7729-7729-102255-0037,1089,7729,,3.86,12,0.3333333333333333,0.0,0.0,0.029314577111140754,-0.12067270037585265,10.913584133605573,1,1.0,1.0,0.0,HUBERT_BASE,6
4992-41797-0020_237-134500-0026__T1__SCV3FIX__VOICE-4992_CONTENT-237-237-134500-0026,4992,237,,-21.05,5,0.8,1.0,0.8,-0.06834857396110472,-0.13387685746421696,-20.172024147190342,1,2.0,2.0,0.0,HUBERT_BASE,6
8230-279154-0032_3570-5695-0000__T2__SCV3FIX__VOICE-3570_CONTENT-8230-8230-279154-0032,3570,8230,,-26.33,6,1.0,1.0,1.0,-0.08899548671672362,-0.11980360212029384,-40.05306063968519,1,3.0,3.0,0.0,HUBERT_BASE,6
7176-88083-0010_8455-210777-0028__T1__SCV3FIX__VOICE-7176_CONTENT-8455-8455-210777-0028,7176,8455,,10.07,11,0.0,0.0,0.0,0.1291007040390251,0.06919163327116606,36.75395841288896,0,0.0,0.0,-1.0,HUBERT_BASE,6
5142-33396-0058_908-157963-0006__T1__SCV3FIX__VOICE-5142_CONTENT-908-908-157963-0006,5142,908,,-21.01,5,1.0,1.0,1.0,-0.10347059933773714,-0.11653637652974613,-35.82674244076089,1,2.5,2.5,0.0,HUBERT_BASE,6
7021-85628-0000_672-122797-0031__T1__SCV3FIX__VOICE-7021_CONTENT-672-672-122797-0031,7021,672,,11.4,4,0.0,0.0,0.0,0.11469885953188569,0.09697240975104982,42.70602837178278,0,0.0,0.0,-1.0,HUBERT_BASE,6
672-122797-0041_7021-85628-0021__T2__SCV3FIX__VOICE-7021_CONTENT-672-672-122797-0041,7021,672,,4.82,6,0.0,0.0,0.0,0.09221650422379929,0.0508560019157952,24.920197199543438,0,0.0,0.0,-1.0,HUBERT_BASE,6
4970-29095-0033_3575-170457-0005__T2__SCV3FIX__VOICE-3575_CONTENT-4970-4970-29095-0033,3575,4970,,-26.04,12,0.9166666666666666,1.0,0.9166666666666666,-0.05617578543635354,-0.11407476435439945,-38.33560848569062,2,4.0,2.75,0.0,HUBERT_BASE,6
5639-40744-0033_4446-2275-0034__T1__SCV3FIX__VOICE-5639_CONTENT-4446-4446-2275-0034,5639,4446,,12.88,5,0.0,0.0,0.0,0.09225095744033052,0.05164868368941511,36.30531701916847,0,0.0,0.0,-1.0,HUBERT_BASE,6
7021-79740-0012_1580-141084-0004__T2__SCV3FIX__VOICE-1580_CONTENT-7021-7021-79740-0012,1580,7021,,-28.6,5,1.0,1.0,1.0,-0.102082939147359,-0.12842727216090144,-51.41968504437257,1,2.5,2.5,0.0,HUBERT_BASE,6
8455-210777-0065_1284-1181-0009__T1__SCV3FIX__VOICE-8455_CONTENT-1284-1284-1181-0009,8455,1284,,10.53,6,0.0,0.0,0.0,0.06217796997838343,0.02426910862351539,30.34883116839126,0,0.0,0.0,-1.0,HUBERT_BASE,6
2300-131720-0009_61-70968-0033__T2__SCV3FIX__VOICE-61_CONTENT-2300-2300-131720-0009,61,2300,,-14.74,10,0.7,1.0,0.7,-0.02191646232740343,-0.06601869927929638,-10.658346005545944,2,2.0,1.5,0.5,HUBERT_BASE,6
908-31957-0002_2300-131720-0041__T2__SCV3FIX__VOICE-2300_CONTENT-908-908-31957-0002,2300,908,,7.16,6,0.16666666666666666,0.0,0.0,0.11750138134686204,-0.025722506743329765,23.028991905992726,0,0.0,0.0,-1.0,HUBERT_BASE,6
7176-92135-0042_5105-28241-0012__T2__SCV3FIX__VOICE-5105_CONTENT-7176-7176-92135-0042,5105,7176,,8.73,12,0.3333333333333333,0.0,0.0,0.023687641642375967,-0.08223485839105626,23.661149704854257,2,1.0,1.0,2.5,HUBERT_BASE,6
7729-102255-0043_3575-170457-0028__T2__SCV3FIX__VOICE-3575_CONTENT-7729-7729-102255-0043,3575,7729,,13.54,10,0.0,0.0,0.0,0.13886569998479753,0.0913439320329511,38.24996824179484,0,0.0,0.0,-1.0,HUBERT_BASE,6
1089-134691-0015_3575-170457-0015__T2__SCV3FIX__VOICE-3575_CONTENT-1089-1089-134691-0015,3575,1089,,-23.2,4,1.0,1.0,1.0,-0.14410196505348052,-0.1750875732921553,-34.855438208986236,1,2.0,2.0,0.0,HUBERT_BASE,6
8230-279154-0022_237-126133-0008__T1__SCV3FIX__VOICE-8230_CONTENT-237-237-126133-0008,8230,237,,9.84,6,0.0,0.0,0.0,0.07761637461772396,0.025432165957434028,34.20249832246284,0,0.0,0.0,-1.0,HUBERT_BASE,6
8230-279154-0035_1580-141084-0047__T1__SCV3FIX__VOICE-8230_CONTENT-1580-1580-141084-0047,8230,1580,,12.89,9,0.0,0.0,0.0,0.0788849842542475,0.03150003823807268,37.23773828226787,0,0.0,0.0,-1.0,HUBERT_BASE,6
1188-133604-0033_7127-75947-0027__T2__SCV3FIX__VOICE-7127_CONTENT-1188-1188-133604-0033,7127,1188,,-17.32,12,0.75,1.0,0.75,-0.03620604847477868,-0.20869713462622852,-30.789720155522758,2,3.0,2.25,0.5,HUBERT_BASE,6
1580-141084-0048_237-134500-0037__T1__SCV3FIX__VOICE-1580_CONTENT-237-237-134500-0037,1580,237,,-21.29,13,1.0,1.0,1.0,-0.07961779754318404,-0.13814783723539814,-38.54329596442226,1,6.5,6.5,0.0,HUBERT_BASE,6
4507-16021-0011_1320-122612-0016__T2__SCV3FIX__VOICE-1320_CONTENT-4507-4507-16021-0011,1320,4507,,11.39,5,0.0,0.0,0.0,0.12041858310118378,0.10548388747009518,41.95228726857319,0,0.0,0.0,-1.0,HUBERT_BASE,6
2961-961-0005_1995-1837-0026__T2__SCV3FIX__VOICE-1995_CONTENT-2961-2961-961-0005,1995,2961,,9.27,6,0.0,0.0,0.0,0.03475302367772152,0.0029546056801391662,35.693354117849,0,0.0,0.0,-1.0,HUBERT_BASE,6
5683-32866-0013_6829-68771-0005__T1__SCV3FIX__VOICE-5683_CONTENT-6829-6829-68771-0005,5683,6829,,13.37,11,0.0,0.0,0.0,0.07985193323524116,0.039008735830237895,32.238693309305624,0,0.0,0.0,-1.0,HUBERT_BASE,6
2961-961-0014_237-126133-0008__T1__SCV3FIX__VOICE-2961_CONTENT-237-237-126133-0008,2961,237,,1.04,6,0.3333333333333333,0.3333333333333333,0.3333333333333333,-0.009802509023073372,-0.22350620776437302,4.987052081198085,0,0.0,0.0,-1.0,HUBERT_BASE,6
1995-1837-0009_6829-68769-0017__T2__SCV3FIX__VOICE-6829_CONTENT-1995-1995-1837-0009,6829,1995,,12.58,6,0.0,0.0,0.0,0.09931923038470027,0.04183387533589655,32.88487056873502,0,0.0,0.0,-1.0,HUBERT_BASE,6
8463-294828-0000_4446-2275-0010__T1__SCV3FIX__VOICE-8463_CONTENT-4446-4446-2275-0010,8463,4446,,11.83,6,0.16666666666666666,0.0,0.0,0.05621885554916617,-0.01749991826658326,32.27070162671936,0,0.0,0.0,-1.0,HUBERT_BASE,6
61-70970-0021_8230-279154-0035__T1__SCV3FIX__VOICE-61_CONTENT-8230-8230-279154-0035,61,8230,,1.55,9,0.0,0.3333333333333333,0.0,0.11443167762858611,0.01735419950230721,3.5073310935708815,0,0.0,0.0,-1.0,HUBERT_BASE,6
6930-81414-0008_3570-5696-0008__T1__SCV3FIX__VOICE-6930_CONTENT-3570-3570-5696-0008,6930,3570,,14.89,11,0.0,0.0,0.0,0.0844215594935379,0.017583009176568742,36.08458464499884,0,0.0,0.0,-1.0,HUBERT_BASE,6
5142-33396-0058_908-157963-0006__T2__SCV3FIX__VOICE-908_CONTENT-5142-5142-33396-0058,908,5142,,12.93,5,0.0,0.0,0.0,0.09943808278532751,0.06895202671382217,41.267387188148504,0,0.0,0.0,-1.0,HUBERT_BASE,6
7176-92135-0042_7021-79730-0001__T1__SCV3FIX__VOICE-7176_CONTENT-7021-7021-79730-0001,7176,7021,,-7.62,13,0.46153846153846156,0.9230769230769231,0.46153846153846156,-0.01709790097229351,-0.10618365498467774,-19.133268229025045,2,2.0,1.5,0.5,HUBERT_BASE,6
260-123288-0004_908-157963-0025__T2__SCV3FIX__VOICE-908_CONTENT-260-260-123288-0004,908,260,,2.07,7,0.2857142857142857,0.0,0.0,0.09901903993393515,-0.025649129831408213,14.329835062427756,0,0.0,0.0,-1.0,HUBERT_BASE,6
6829-68769-0003_1188-133604-0040__T1__SCV3FIX__VOICE-6829_CONTENT-1188-1188-133604-0040,6829,1188,,-25.64,5,1.0,1.0,1.0,-0.13278291306200715,-0.16132111708947183,-35.99383689337291,1,2.5,2.5,0.0,HUBERT_BASE,6
4077-13751-0009_5142-36377-0009__T2__SCV3FIX__VOICE-5142_CONTENT-4077-4077-13751-0009,5142,4077,,-13.7,9,1.0,1.0,1.0,-0.06708019477873628,-0.11758202079212787,-36.582073837379774,1,4.5,4.5,0.0,HUBERT_BASE,6
4970-29095-0033_3575-170457-0005__T1__SCV3FIX__VOICE-4970_CONTENT-3575-3575-170457-0005,4970,3575,,13.25,12,0.08333333333333333,0.0,0.0,0.04783806375524758,-0.0038315056988215135,34.01529004073827,0,0.0,0.0,-1.0,HUBERT_BASE,6
4446-2273-0028_237-126133-0018__T1__SCV3FIX__VOICE-4446_CONTENT-237-237-126133-0018,4446,237,,-18.32,7,0.8571428571428571,1.0,0.8571428571428571,-0.05316532002955051,-0.10364973955575574,-28.095548384964157,2,2.0,1.5,0.0,HUBERT_BASE,6
2961-960-0012_6829-68771-0015__T2__SCV3FIX__VOICE-6829_CONTENT-2961-2961-960-0012,6829,2961,,-29.46,8,1.0,1.0,1.0,-0.06602027579612235,-0.1094002845489137,-34.095700026199374,1,4.0,4.0,0.0,HUBERT_BASE,6
908-31957-0008_121-121726-0012__T2__SCV3FIX__VOICE-121_CONTENT-908-908-31957-0008,121,908,,-23.93,7,1.0,1.0,1.0,-0.13986568703389154,-0.22586650708942113,-41.4365624261477,1,3.5,3.5,0.0,HUBERT_BASE,6
7176-92135-0034_4992-41806-0012__T1__SCV3FIX__VOICE-7176_CONTENT-4992-4992-41806-0012,7176,4992,,11.31,7,0.0,0.0,0.0,0.09538814917411109,0.03254061546848186,30.972605639741996,0,0.0,0.0,-1.0,HUBERT_BASE,6
237-126133-0023_121-121726-0014__T2__SCV3FIX__VOICE-121_CONTENT-237-237-126133-0023,121,237,,-6.71,5,1.0,0.8,0.8,-0.1252147206898893,-0.25128989909178623,-7.247239686946824,1,2.5,2.5,0.0,HUBERT_BASE,6
4507-16021-0013_61-70970-0007__T2__SCV3FIX__VOICE-61_CONTENT-4507-4507-16021-0013,61,4507,,9.88,7,0.0,0.0,0.0,0.11715501868010948,0.07536583921694562,35.341098506979456,0,0.0,0.0,-1.0,HUBERT_BASE,6
260-123440-0005_8555-284447-0014__T1__SCV3FIX__VOICE-260_CONTENT-8555-8555-284447-0014,260,8555,,6.86,5,0.0,0.0,0.0,0.0738569230684567,0.027092639989281908,17.686782532280784,0,0.0,0.0,-1.0,HUBERT_BASE,6
2961-961-0009_4446-2275-0005__T1__SCV3FIX__VOICE-2961_CONTENT-4446-4446-2275-0005,2961,4446,,13.9,7,0.0,0.0,0.0,0.06747933842532049,0.022065047890798883,34.34411000321707,0,0.0,0.0,-1.0,HUBERT_BASE,6
4446-2271-0001_8463-294828-0007__T2__SCV3FIX__VOICE-8463_CONTENT-4446-4446-2271-0001,8463,4446,,5.81,11,0.18181818181818182,0.09090909090909091,0.0,0.025998755210064287,-0.02598440595156437,28.34227472322701,1,1.0,1.0,1.5,HUBERT_BASE,6
3729-6852-0014_3570-5694-0022__T1__SCV3FIX__VOICE-3729_CONTENT-3570-3570-5694-0022,3729,3570,,-15.85,7,0.7142857142857143,0.8571428571428571,0.7142857142857143,-0.07352745523723447,-0.22343834772648286,-18.771753354316793,1,2.5,2.5,0.0,HUBERT_BASE,6
121-121726-0011_237-126133-0017__T1__SCV3FIX__VOICE-121_CONTENT-237-237-126133-0017,121,237,,-2.01,7,1.0,0.7142857142857143,0.7142857142857143,-0.07336593695848213,-0.15648694649197192,-6.86547663535084,1,3.5,3.5,0.0,HUBERT_BASE,6
1188-133604-0020_1320-122617-0025__T2__SCV3FIX__VOICE-1320_CONTENT-1188-1188-133604-0020,1320,1188,,-11.01,11,0.8181818181818182,1.0,0.8181818181818182,-0.009990863487214714,-0.08303874564986358,-19.14882505698142,2,3.5,2.25,0.0,HUBERT_BASE,6
672-122797-0051_1580-141083-0016__T2__SCV3FIX__VOICE-1580_CONTENT-672-672-122797-0051,1580,672,,-8.43,7,0.8571428571428571,1.0,0.8571428571428571,-0.10528759211153838,-0.32761831420266796,-24.887326567229827,1,3.0,3.0,0.0,HUBERT_BASE,6
1995-1837-0013_260-123288-0016__T1__SCV3FIX__VOICE-1995_CONTENT-260-260-123288-0016,1995,260,,-27.44,5,1.0,1.0,1.0,-0.126817288657265,-0.17837513199581934,-42.22545991931729,1,2.5,2.5,0.0,HUBERT_BASE,6
7127-75947-0035_1320-122617-0031__T2__SCV3FIX__VOICE-1320_CONTENT-7127-7127-75947-0035,1320,7127,,-16.43,7,1.0,1.0,1.0,-0.10158314050328612,-0.17919243091734827,-32.22275557550216,1,3.5,3.5,0.0,HUBERT_BASE,6
908-157963-0029_3729-6852-0024__T2__SCV3FIX__VOICE-3729_CONTENT-908-908-157963-0029,3729,908,,-20.61,6,1.0,1.0,1.0,-0.09227022832520598,-0.11852723008345745,-45.22878218773233,1,3.0,3.0,0.0,HUBERT_BASE,6
1089-134686-0011_1320-122612-0004__T1__SCV3FIX__VOICE-1089_CONTENT-1320-1320-122612-0004,1089,1320,,-2.69,11,0.8181818181818182,1.0,0.8181818181818182,-0.060198532402070806,-0.17395942818115706,-15.28054056235054,3,2.0,1.5,0.0,HUBERT_BASE,6
7729-102255-0043_5142-33396-0023__T1__SCV3FIX__VOICE-7729_CONTENT-5142-5142-33396-0023,7729,5142,,11.63,5,0.0,0.0,0.0,0.09016536538353628,0.07215702621359865,35.31193565878665,0,0.0,0.0,-1.0,HUBERT_BASE,6
5683-32865-0017_672-122797-0073__T1__SCV3FIX__VOICE-5683_CONTENT-672-672-122797-0073,5683,672,,-20.46,9,0.5555555555555556,1.0,0.5555555555555556,-0.03705528224382526,-0.1472491696422873,-25.798224146911046,1,2.5,2.5,0.5,HUBERT_BASE,6
3729-6852-0039_672-122797-0067__T2__SCV3FIX__VOICE-672_CONTENT-3729-3729-6852-0039,672,3729,,13.0,16,0.0,0.0,0.0,0.10075168582808078,0.011758808782616703,36.4803903913983,0,0.0,0.0,-1.0,HUBERT_BASE,6
4446-2275-0013_6930-81414-0023__T1__SCV3FIX__VOICE-4446_CONTENT-6930-6930-81414-0023,4446,6930,,9.48,6,0.0,0.0,0.0,0.11693159736498826,0.03340494565911056,27.197027163053107,0,0.0,0.0,-1.0,HUBERT_BASE,6
4970-29093-0000_8455-210777-0070__T1__SCV3FIX__VOICE-4970_CONTENT-8455-8455-210777-0070,4970,8455,,-22.76,5,1.0,1.0,1.0,-0.1264771267688157,-0.17848225218509384,-46.541012214116485,1,2.5,2.5,0.0,HUBERT_BASE,6
1995-1836-0009_672-122797-0047__T2__SCV3FIX__VOICE-672_CONTENT-1995-1995-1836-0009,672,1995,,16.53,5,0.0,0.0,0.0,0.07650853610496385,0.012226820476304301,35.10760373675781,0,0.0,0.0,-1.0,HUBERT_BASE,6
61-70968-0039_908-31957-0007__T2__SCV3FIX__VOICE-908_CONTENT-61-61-70968-0039,908,61,,1.43,6,0.5,0.3333333333333333,0.3333333333333333,-0.005588482455189614,-0.05044335884022111,3.800543348003721,1,1.5,1.5,0.0,HUBERT_BASE,6
1089-134686-0016_672-122797-0004__T1__SCV3FIX__VOICE-1089_CONTENT-672-672-122797-0004,1089,672,,10.22,5,0.0,0.0,0.0,0.15761625329024057,0.07706636495633035,33.48178027718769,0,0.0,0.0,-1.0,HUBERT_BASE,6
7176-88083-0017_4992-41806-0003__T2__SCV3FIX__VOICE-4992_CONTENT-7176-7176-88083-0017,4992,7176,,12.14,6,0.0,0.0,0.0,0.09428782172436728,0.03808778448223238,37.53105849675572,0,0.0,0.0,-1.0,HUBERT_BASE,6
672-122797-0019_7176-92135-0016__T2__SCV3FIX__VOICE-7176_CONTENT-672-672-122797-0019,7176,672,,9.65,7,0.0,0.0,0.0,0.16753436435177976,0.08912802095542083,35.27598169797527,0,0.0,0.0,-1.0,HUBERT_BASE,6
1995-1836-0013_2961-961-0014__T1__SCV3FIX__VOICE-1995_CONTENT-2961-2961-961-0014,1995,2961,,-8.59,9,0.5555555555555556,0.5555555555555556,0.3333333333333333,0.005470173271806618,-0.11621707130187808,0.02700410967043523,1,2.0,2.0,0.5,HUBERT_BASE,6
3570-5694-0008_237-126133-0023__T1__SCV3FIX__VOICE-3570_CONTENT-237-237-126133-0023,3570,237,,9.57,12,0.0,0.0,0.0,0.061918487790794036,0.021421022082949603,34.04633270969697,0,0.0,0.0,-1.0,HUBERT_BASE,6
6930-76324-0027_908-31957-0003__T2__SCV3FIX__VOICE-908_CONTENT-6930-6930-76324-0027,908,6930,,7.54,12,0.0,0.0,0.0,0.09803036131641873,0.06244361275717025,36.34437566380452,0,0.0,0.0,-1.0,HUBERT_BASE,6
8455-210777-0055_4970-29095-0002__T1__SCV3FIX__VOICE-8455_CONTENT-4970-4970-29095-0002,8455,4970,,10.56,9,0.0,0.0,0.0,0.11448226792101436,0.0679392854682459,37.09293852531592,0,0.0,0.0,-1.0,HUBERT_BASE,6
672-122797-0047_1284-1181-0014__T2__SCV3FIX__VOICE-1284_CONTENT-672-672-122797-0047,1284,672,,-29.16,5,1.0,1.0,1.0,-0.07845614247931554,-0.15105337597420188,-31.894075167764036,1,2.5,2.5,0.0,HUBERT_BASE,6
4992-41806-0005_672-122797-0051__T1__SCV3FIX__VOICE-4992_CONTENT-672-672-122797-0051,4992,672,,-5.08,6,0.5,1.0,0.5,0.005484124841557192,-0.06149345513380888,-13.623762922783628,1,1.5,1.5,0.0,HUBERT_BASE,6
260-123286-0027_908-157963-0013__T1__SCV3FIX__VOICE-260_CONTENT-908-908-157963-0013,260,908,,-11.95,7,0.2857142857142857,1.0,0.2857142857142857,0.027135287446417893,-0.041191157081226226,-14.3872306370874,1,1.0,1.0,0.0,HUBERT_BASE,6
8555-284449-0000_1580-141083-0040__T1__SCV3FIX__VOICE-8555_CONTENT-1580-1580-141083-0040,8555,1580,,0.28,6,0.16666666666666666,0.0,0.0,0.04676838331230667,-0.07527137904726289,24.946554820012505,0,0.0,0.0,-1.0,HUBERT_BASE,6
260-123440-0012_8455-210777-0010__T1__SCV3FIX__VOICE-260_CONTENT-8455-8455-210777-0010,260,8455,,-28.94,5,1.0,1.0,1.0,-0.05453356470454727,-0.0792884238142394,-34.86751806629637,1,2.5,2.5,0.0,HUBERT_BASE,6
8555-284447-0001_7176-88083-0024__T2__SCV3FIX__VOICE-7176_CONTENT-8555-8555-284447-0001,7176,8555,,16.29,15,0.0,0.0,0.0,0.11729905010117243,0.050629325893409405,43.22749556667337,0,0.0,0.0,-1.0,HUBERT_BASE,6
5683-32866-0011_4970-29095-0002__T1__SCV3FIX__VOICE-5683_CONTENT-4970-4970-29095-0002,5683,4970,,13.17,9,0.0,0.0,0.0,0.09317745692292219,0.06362873121455992,36.381562990132984,0,0.0,0.0,-1.0,HUBERT_BASE,6
3729-6852-0002_61-70968-0019__T2__SCV3FIX__VOICE-61_CONTENT-3729-3729-6852-0002,61,3729,,9.95,9,0.0,0.0,0.0,0.1082847917077723,0.026556492903567097,36.877474756978536,0,0.0,0.0,-1.0,HUBERT_BASE,6
672-122797-0073_7127-75946-0006__T2__SCV3FIX__VOICE-7127_CONTENT-672-672-122797-0073,7127,672,,-3.46,13,0.46153846153846156,0.7692307692307693,0.38461538461538464,0.008292381391645343,-0.08257389684458838,-6.18331386125509,2,2.0,1.5,2.0,HUBERT_BASE,6
1580-141083-0002_1188-133604-0037__T2__SCV3FIX__VOICE-1188_CONTENT-1580-1580-141083-0002,1188,1580,,13.45,11,0.0,0.0,0.0,0.09994588869752735,0.04236733192713349,47.04393379842463,0,0.0,0.0,-1.0,HUBERT_BASE,6
2300-131720-0021_7176-88083-0009__T1__SCV3FIX__VOICE-2300_CONTENT-7176-7176-88083-0009,2300,7176,,-16.36,7,1.0,1.0,1.0,-0.09645306751598767,-0.18061947461331862,-29.70740459010548,1,3.5,3.5,0.0,HUBERT_BASE,6
1580-141083-0008_7729-102255-0020__T2__SCV3FIX__VOICE-7729_CONTENT-1580-1580-141083-0008,7729,1580,,9.16,7,0.0,0.0,0.0,0.07979209977006911,0.05360805881095643,35.75998652023103,0,0.0,0.0,-1.0,HUBERT_BASE,6
4446-2273-0005_1284-1181-0003__T2__SCV3FIX__VOICE-1284_CONTENT-4446-4446-2273-0005,1284,4446,,6.08,7,0.0,0.0,0.0,0.08920610761726404,0.031166672083270508,34.288885406487005,0,0.0,0.0,-1.0,HUBERT_BASE,6
1580-141084-0016_61-70970-0026__T1__SCV3FIX__VOICE-1580_CONTENT-61-61-70970-0026,1580,61,,-17.0,9,1.0,1.0,1.0,-0.09427681319044774,-0.17922174572129024,-40.18185957205034,1,4.5,4.5,0.0,HUBERT_BASE,6
8555-284449-0012_1580-141084-0004__T1__SCV3FIX__VOICE-8555_CONTENT-1580-1580-141084-0004,8555,1580,,11.43,17,0.4117647058823529,0.0,0.0,0.010888646705953894,-0.11952375615816202,25.438500484001363,1,2.0,2.0,1.0,HUBERT_BASE,6
1320-122617-0015_672-122797-0051__T1__SCV3FIX__VOICE-1320_CONTENT-672-672-122797-0051,1320,672,,9.49,8,0.0,0.0,0.0,0.0932171524305465,0.005019188126029306,22.947127660686554,0,0.0,0.0,-1.0,HUBERT_BASE,6
1580-141083-0034_3729-6852-0024__T1__SCV3FIX__VOICE-1580_CONTENT-3729-3729-6852-0024,1580,3729,,-25.26,10,1.0,1.0,1.0,-0.051891776101899476,-0.1232965041354337,-26.527198587977114,1,5.0,5.0,0.0,HUBERT_BASE,6
7127-75947-0021_4507-16021-0048__T1__SCV3FIX__VOICE-7127_CONTENT-4507-4507-16021-0048,7127,4507,,15.52,6,0.0,0.0,0.0,0.09443654898515852,0.036679626963853074,38.980348303344535,0,0.0,0.0,-1.0,HUBERT_BASE,6
1221-135766-0003_1320-122617-0009__T1__SCV3FIX__VOICE-1221_CONTENT-1320-1320-122617-0009,1221,1320,,-27.7,14,1.0,1.0,1.0,-0.1434392605349839,-0.2679691989429339,-43.20085999679122,1,7.0,7.0,0.0,HUBERT_BASE,6
8463-287645-0003_5105-28233-0010__T1__SCV3FIX__VOICE-8463_CONTENT-5105-5105-28233-0010,8463,5105,,-19.79,14,1.0,1.0,1.0,-0.11614315400233445,-0.17710740140793513,-39.231189858560164,1,7.0,7.0,0.0,HUBERT_BASE,6
260-123286-0027_908-157963-0013__T2__SCV3FIX__VOICE-908_CONTENT-260-260-123286-0027,908,260,,8.4,7,0.42857142857142855,0.0,0.0,0.002332481641999697,-0.03927332084310409,25.04703231643702,1,1.0,1.0,2.0,HUBERT_BASE,6
7127-75946-0023_1320-122612-0004__T1__SCV3FIX__VOICE-7127_CONTENT-1320-1320-122612-0004,7127,1320,,-16.56,6,0.6666666666666666,1.0,0.6666666666666666,-0.042490843405731095,-0.11616081459425176,-31.592527911414226,1,2.0,2.0,0.0,HUBERT_BASE,6
5683-32866-0016_4507-16021-0030__T1__SCV3FIX__VOICE-5683_CONTENT-4507-4507-16021-0030,5683,4507,,13.72,8,0.0,0.0,0.0,0.07641758535446931,0.03568965860651285,39.21130418653023,0,0.0,0.0,-1.0,HUBERT_BASE,6
5142-33396-0026_4507-16021-0043__T2__SCV3FIX__VOICE-4507_CONTENT-5142-5142-33396-0026,4507,5142,,9.23,5,0.0,0.0,0.0,0.09463981222804052,0.07117659135423249,30.32750337144829,0,0.0,0.0,-1.0,HUBERT_BASE,6
908-157963-0018_61-70970-0040__T2__SCV3FIX__VOICE-61_CONTENT-908-908-157963-0018,61,908,,-4.81,7,0.5714285714285714,0.8571428571428571,0.5714285714285714,0.012349205701787594,-0.04669344331814529,-5.924057695869338,1,1.5,1.5,0.0,HUBERT_BASE,6
8455-210777-0028_6930-76324-0024__T2__SCV3FIX__VOICE-6930_CONTENT-8455-8455-210777-0028,6930,8455,,-15.26,6,1.0,1.0,1.0,-0.08010903686873248,-0.13112527651351302,-22.98210260880178,1,3.0,3.0,0.0,HUBERT_BASE,6
4446-2275-0038_8230-279154-0033__T2__SCV3FIX__VOICE-8230_CONTENT-4446-4446-2275-0038,8230,4446,,9.25,8,0.0,0.0,0.0,0.119463653182509,0.06290232722981803,41.12688200815779,0,0.0,0.0,-1.0,HUBERT_BASE,6
1284-1180-0014_260-123440-0008__T1__SCV3FIX__VOICE-1284_CONTENT-260-260-123440-0008,1284,260,,-21.36,6,1.0,1.0,1.0,-0.0628094943929796,-0.09765225206850447,-29.36777412500334,1,3.0,3.0,0.0,HUBERT_BASE,6
8230-279154-0022_4446-2271-0009__T2__SCV3FIX__VOICE-4446_CONTENT-8230-8230-279154-0022,4446,8230,,12.06,11,0.0,0.0,0.0,0.10035428739837954,0.04312843255143961,40.70140879854137,0,0.0,0.0,-1.0,HUBERT_BASE,6
8555-284447-0004_7176-92135-0001__T2__SCV3FIX__VOICE-7176_CONTENT-8555-8555-284447-0004,7176,8555,,12.31,9,0.0,0.0,0.0,0.11022322403099577,0.08310139508349856,46.37212350462253,0,0.0,0.0,-1.0,HUBERT_BASE,6
8555-284447-0023_3570-5696-0000__T1__SCV3FIX__VOICE-8555_CONTENT-3570-3570-5696-0000,8555,3570,,-20.39,13,1.0,1.0,1.0,-0.10711607989748109,-0.18026893970440516,-43.163900137060836,1,6.5,6.5,0.0,HUBERT_BASE,6
4077-13751-0008_4446-2275-0012__T1__SCV3FIX__VOICE-4077_CONTENT-4446-4446-2275-0012,4077,4446,,7.36,11,0.0,0.0,0.0,0.11017996591511875,0.045246246794297784,30.188028656743384,0,0.0,0.0,-1.0,HUBERT_BASE,6
237-134500-0033_1284-134647-0001__T2__SCV3FIX__VOICE-1284_CONTENT-237-237-134500-0033,1284,237,,9.94,10,0.0,0.0,0.0,0.06684605208213243,0.007045400012052672,27.288880347341752,0,0.0,0.0,-1.0,HUBERT_BASE,6
260-123440-0013_7127-75947-0028__T2__SCV3FIX__VOICE-7127_CONTENT-260-260-123440-0013,7127,260,,7.94,5,0.0,0.0,0.0,0.07298533930472995,0.03524112840987248,24.41402785349776,0,0.0,0.0,-1.0,HUBERT_BASE,6
5683-32865-0010_7176-92135-0024__T1__SCV3FIX__VOICE-5683_CONTENT-7176-7176-92135-0024,5683,7176,,-20.94,7,1.0,1.0,1.0,-0.09688677276443762,-0.14703613225596313,-33.63562938313591,1,3.5,3.5,0.0,HUBERT_BASE,6
8230-279154-0029_61-70968-0025__T1__SCV3FIX__VOICE-8230_CONTENT-61-61-70968-0025,8230,61,,-17.57,7,1.0,1.0,1.0,-0.0605398920050747,-0.1066809275271785,-24.374175795994404,1,3.5,3.5,0.0,HUBERT_BASE,6
7127-75946-0020_8455-210777-0037__T1__SCV3FIX__VOICE-7127_CONTENT-8455-8455-210777-0037,7127,8455,,5.0,8,0.0,0.0,0.0,0.10387619991701628,0.021494388150434474,23.49834395673997,0,0.0,0.0,-1.0,HUBERT_BASE,6
8230-279154-0032_8555-284447-0020__T2__SCV3FIX__VOICE-8555_CONTENT-8230-8230-279154-0032,8555,8230,,-20.46,6,1.0,1.0,1.0,-0.13010346400805475,-0.2076215378520041,-39.59922587473066,1,3.0,3.0,0.0,HUBERT_BASE,6
1995-1837-0013_260-123288-0016__T2__SCV3FIX__VOICE-260_CONTENT-1995-1995-1837-0013,260,1995,,15.03,5,0.0,0.0,0.0,0.129669467763804,0.0847511865200481,42.097943263048386,0,0.0,0.0,-1.0,HUBERT_BASE,6
1580-141083-0016_2830-3980-0065__T1__SCV3FIX__VOICE-1580_CONTENT-2830-2830-3980-0065,1580,2830,,-23.52,7,1.0,1.0,1.0,-0.1580965079447787,-0.376599646492464,-42.70750218006696,1,3.5,3.5,0.0,HUBERT_BASE,6
6829-68771-0008_7127-75947-0033__T1__SCV3FIX__VOICE-6829_CONTENT-7127-7127-75947-0033,6829,7127,,-16.4,13,1.0,1.0,1.0,-0.07523982233471156,-0.14471894982303235,-25.837487460588207,1,6.5,6.5,0.0,HUBERT_BASE,6
260-123286-0028_5683-32866-0014__T1__SCV3FIX__VOICE-260_CONTENT-5683-5683-32866-0014,260,5683,,9.34,6,0.0,0.0,0.0,0.034582385745802614,0.0004758834743689988,31.46754909458761,0,0.0,0.0,-1.0,HUBERT_BASE,6
5639-40744-0020_7021-85628-0001__T1__SCV3FIX__VOICE-5639_CONTENT-7021-7021-85628-0001,5639,7021,,-20.13,18,0.8333333333333334,1.0,0.8333333333333334,-0.06093074092534592,-0.19855737289042485,-32.10201624727482,3,3.0,2.3333333333333335,0.0,HUBERT_BASE,6
6930-81414-0000_5683-32866-0007__T1__SCV3FIX__VOICE-6930_CONTENT-5683-5683-32866-0007,6930,5683,,-8.29,7,1.0,1.0,1.0,-0.08212100547679999,-0.1248913371062984,-25.549390464722144,1,3.5,3.5,0.0,HUBERT_BASE,6
7729-102255-0023_237-134500-0040__T1__SCV3FIX__VOICE-7729_CONTENT-237-237-134500-0040,7729,237,,9.47,7,0.0,0.0,0.0,0.13207072411611329,0.08063245759955284,35.15438720657601,0,0.0,0.0,-1.0,HUBERT_BASE,6
4970-29093-0015_6930-76324-0013__T1__SCV3FIX__VOICE-4970_CONTENT-6930-6930-76324-0013,4970,6930,,-25.87,5,1.0,1.0,1.0,-0.09617028407554988,-0.1366367990248858,-36.394049106482704,1,2.5,2.5,0.0,HUBERT_BASE,6
4970-29093-0013_7021-85628-0006__T1__SCV3FIX__VOICE-4970_CONTENT-7021-7021-85628-0006,4970,7021,,-27.41,6,1.0,1.0,1.0,-0.08233804419785114,-0.14021050649602185,-40.57561340763193,1,3.0,3.0,0.0,HUBERT_BASE,6
4970-29095-0034_8455-210777-0049__T1__SCV3FIX__VOICE-4970_CONTENT-8455-8455-210777-0049,4970,8455,,-17.69,7,1.0,1.0,1.0,-0.11755349048968489,-0.18542909251334194,-41.25764812382025,1,3.5,3.5,0.0,HUBERT_BASE,6
2961-961-0000_237-134500-0013__T1__SCV3FIX__VOICE-2961_CONTENT-237-237-134500-0013,2961,237,,0.92,8,0.125,0.125,0.125,0.06430000812188823,-0.0813781017875207,28.445634357264005,0,0.0,0.0,-1.0,HUBERT_BASE,6
5105-28241-0017_1089-134691-0020__T1__SCV3FIX__VOICE-5105_CONTENT-1089-1089-134691-0020,5105,1089,,5.34,6,0.3333333333333333,0.3333333333333333,0.3333333333333333,0.053200750241180705,-0.12258793496592046,16.782890112318412,1,1.0,1.0,2.0,HUBERT_BASE,6
8455-210777-0020_8463-294828-0036__T2__SCV3FIX__VOICE-8463_CONTENT-8455-8455-210777-0020,8463,8455,,-14.76,5,0.8,1.0,0.8,-0.03180733901148387,-0.056401251618557025,-18.464358296624653,2,1.0,1.0,0.0,HUBERT_BASE,6
260-123286-0008_3570-5695-0013__T1__SCV3FIX__VOICE-260_CONTENT-3570-3570-5695-0013,260,3570,,9.7,6,0.0,0.0,0.0,0.10101324768422641,0.054171331951699764,40.019886756703464,0,0.0,0.0,-1.0,HUBERT_BASE,6
5639-40744-0012_8555-292519-0011__T1__SCV3FIX__VOICE-5639_CONTENT-8555-8555-292519-0011,5639,8555,,12.33,5,0.0,0.0,0.0,0.08500466602402805,0.05935120463878152,30.508356531328282,0,0.0,0.0,-1.0,HUBERT_BASE,6
7127-75946-0010_5639-40744-0029__T2__SCV3FIX__VOICE-5639_CONTENT-7127-7127-75946-0010,5639,7127,,5.45,6,0.16666666666666666,0.0,0.0,0.0030029040281140027,-0.07664424027696015,13.510968747310697,0,0.0,0.0,-1.0,HUBERT_BASE,6
1320-122617-0008_1221-135767-0021__T2__SCV3FIX__VOICE-1221_CONTENT-1320-1320-122617-0008,1221,1320,,-3.07,7,0.42857142857142855,0.42857142857142855,0.2857142857142857,0.022229212538604326,-0.047096252169827824,-6.498729993782279,1,1.0,1.0,2.0,HUBERT_BASE,6
1284-1180-0004_8455-210777-0031__T1__SCV3FIX__VOICE-1284_CONTENT-8455-8455-210777-0031,1284,8455,,-16.36,7,1.0,1.0,1.0,-0.08653524104326613,-0.1111902652389879,-25.491541192942858,1,3.5,3.5,0.0,HUBERT_BASE,6
3570-5695-0010_672-122797-0058__T2__SCV3FIX__VOICE-672_CONTENT-3570-3570-5695-0010,672,3570,,9.33,7,0.0,0.0,0.0,0.086361869090167,0.03872615448994099,38.58846860180556,0,0.0,0.0,-1.0,HUBERT_BASE,6
4446-2275-0000_8555-284447-0013__T1__SCV3FIX__VOICE-4446_CONTENT-8555-8555-284447-0013,4446,8555,,-15.76,11,0.8181818181818182,0.8181818181818182,0.8181818181818182,-0.05015214162458508,-0.13883323854695362,-35.509659909058314,1,4.5,4.5,0.0,HUBERT_BASE,6
8224-274381-0010_6930-75918-0018__T1__SCV3FIX__VOICE-8224_CONTENT-6930-6930-75918-0018,8224,6930,,10.26,20,0.0,0.0,0.0,0.08909106903395762,0.043981022784639445,39.242762778169734,0,0.0,0.0,-1.0,HUBERT_BASE,6
5105-28241-0002_7127-75946-0009__T1__SCV3FIX__VOICE-5105_CONTENT-7127-7127-75946-0009,5105,7127,,-8.58,8,0.625,0.5,0.375,-0.006240105969392978,-0.024946150548456836,-4.3902133592536385,2,1.0,1.0,1.0,HUBERT_BASE,6
3729-6852-0031_121-127105-0034__T1__SCV3FIX__VOICE-3729_CONTENT-121-121-127105-0034,3729,121,,-19.46,7,0.42857142857142855,1.0,0.42857142857142855,-0.004274776915813746,-0.13021553078427617,-21.23272827798851,0,0.0,0.0,-1.0,HUBERT_BASE,6
61-70968-0056_1580-141084-0045__T1__SCV3FIX__VOICE-61_CONTENT-1580-1580-141084-0045,61,1580,,13.71,6,0.0,0.0,0.0,0.0742588638995768,0.03720724264883857,34.826071567626386,0,0.0,0.0,-1.0,HUBERT_BASE,6
3575-170457-0006_1284-1180-0002__T1__SCV3FIX__VOICE-3575_CONTENT-1284-1284-1180-0002,3575,1284,,-15.5,14,0.7857142857142857,1.0,0.7857142857142857,-0.058812882687050864,-0.2862060608843078,-25.936066061512246,2,3.0,2.75,1.0,HUBERT_BASE,6
6930-75918-0017_8230-279154-0028__T2__SCV3FIX__VOICE-8230_CONTENT-6930-6930-75918-0017,8230,6930,,13.87,11,0.0,0.0,0.0,0.0720228974320393,0.02009611434663916,32.8597250208774,0,0.0,0.0,-1.0,HUBERT_BASE,6
6930-81414-0026_8463-294828-0015__T2__SCV3FIX__VOICE-8463_CONTENT-6930-6930-81414-0026,8463,6930,,4.23,5,0.2,0.0,0.0,0.010019933511209046,-0.05043911833020687,21.326961071769027,0,0.0,0.0,-1.0,HUBERT_BASE,6
4970-29095-0037_5105-28240-0016__T1__SCV3FIX__VOICE-4970_CONTENT-5105-5105-28240-0016,4970,5105,,-24.79,7,1.0,1.0,1.0,-0.09340984142793975,-0.10721243009612291,-37.22094041495122,1,3.5,3.5,0.0,HUBERT_BASE,6
3575-170457-0052_260-123288-0016__T1__SCV3FIX__VOICE-3575_CONTENT-260-260-123288-0016,3575,260,,-22.08,5,1.0,1.0,1.0,-0.09153685518614499,-0.1922761156567584,-49.02754139949905,1,2.5,2.5,0.0,HUBERT_BASE,6
3575-170457-0007_1580-141084-0049__T1__SCV3FIX__VOICE-3575_CONTENT-1580-1580-141084-0049,3575,1580,,-6.28,14,1.0,0.9285714285714286,0.9285714285714286,-0.04521568864787338,-0.08940434809954323,-18.219754535455802,1,7.0,7.0,0.0,HUBERT_BASE,6
672-122797-0048_237-134500-0022__T1__SCV3FIX__VOICE-672_CONTENT-237-237-134500-0022,672,237,,3.75,8,0.125,0.25,0.0,0.09005704306331003,-0.04946858181585434,19.639639490518945,0,0.0,0.0,-1.0,HUBERT_BASE,6
7021-79740-0012_8455-210777-0020__T2__SCV3FIX__VOICE-8455_CONTENT-7021-7021-79740-0012,8455,7021,,-28.66,5,1.0,1.0,1.0,-0.13301490690880727,-0.1913704237810815,-55.687019946771656,1,2.5,2.5,0.0,HUBERT_BASE,6
4992-23283-0013_5683-32879-0012__T1__SCV3FIX__VOICE-4992_CONTENT-5683-5683-32879-0012,4992,5683,,3.36,7,0.14285714285714285,0.0,0.0,0.02379234516736774,-0.08519023106137646,19.519906417937012,0,0.0,0.0,-1.0,HUBERT_BASE,6
8455-210777-0046_3575-170457-0020__T2__SCV3FIX__VOICE-3575_CONTENT-8455-8455-210777-0046,3575,8455,,-25.79,16,0.9375,1.0,0.9375,-0.07639614327119267,-0.15350261589097747,-33.16803765637149,2,4.5,3.75,0.0,HUBERT_BASE,6
7127-75947-0038_8463-294828-0016__T1__SCV3FIX__VOICE-7127_CONTENT-8463-8463-294828-0016,7127,8463,,9.16,5,0.0,0.0,0.0,0.10644568834323428,0.052102443083964056,33.1016062801188,0,0.0,0.0,-1.0,HUBERT_BASE,6
260-123440-0019_121-121726-0010__T1__SCV3FIX__VOICE-260_CONTENT-121-121-121726-0010,260,121,,11.06,11,0.0,0.0,0.0,0.12475917322784548,0.047595809840569325,38.648667554567865,0,0.0,0.0,-1.0,HUBERT_BASE,6
1089-134686-0026_8224-274384-0010__T2__SCV3FIX__VOICE-8224_CONTENT-1089-1089-134686-0026,8224,1089,,-11.48,7,0.8571428571428571,1.0,0.8571428571428571,-0.06500313076243269,-0.15945882386466093,-13.573642390376856,1,3.0,3.0,0.0,HUBERT_BASE,6
6930-76324-0023_61-70968-0023__T1__SCV3FIX__VOICE-6930_CONTENT-61-61-70968-0023,6930,61,,-14.7,8,1.0,1.0,1.0,-0.07242634765882214,-0.11578267112736296,-23.81111969840498,1,4.0,4.0,0.0,HUBERT_BASE,6
3575-170457-0031_4970-29095-0012__T1__SCV3FIX__VOICE-3575_CONTENT-4970-4970-29095-0012,3575,4970,,-14.85,7,0.8571428571428571,0.8571428571428571,0.7142857142857143,-0.05046771458442968,-0.1130468822758055,-22.525950429221073,1,3.0,3.0,0.5,HUBERT_BASE,6
1580-141083-0030_1995-1837-0014__T2__SCV3FIX__VOICE-1995_CONTENT-1580-1580-141083-0030,1995,1580,,15.51,5,0.0,0.0,0.0,0.03916891938759002,0.0078584554923532,38.07736638543638,0,0.0,0.0,-1.0,HUBERT_BASE,6
260-123440-0003_2961-960-0009__T1__SCV3FIX__VOICE-260_CONTENT-2961-2961-960-0009,260,2961,,15.84,6,0.0,0.0,0.0,0.07276178693664953,0.0030907952868129973,39.87135962592532,0,0.0,0.0,-1.0,HUBERT_BASE,6
61-70968-0015_1580-141084-0010__T1__SCV3FIX__VOICE-61_CONTENT-1580-1580-141084-0010,61,1580,,11.64,7,0.0,0.0,0.0,0.0900832853373245,0.06356786271584591,38.798394954406156,0,0.0,0.0,-1.0,HUBERT_BASE,6
8224-274384-0013_1995-1826-0000__T2__SCV3FIX__VOICE-1995_CONTENT-8224-8224-274384-0013,1995,8224,,-28.54,9,1.0,1.0,1.0,-0.1319797577902987,-0.22057039419169744,-40.37548756089816,1,4.5,4.5,0.0,HUBERT_BASE,6
61-70968-0003_2961-960-0017__T1__SCV3FIX__VOICE-61_CONTENT-2961-2961-960-0017,61,2961,,-15.14,7,1.0,1.0,1.0,-0.05112756308718131,-0.13988810497887982,-15.977355280489473,1,3.5,3.5,0.0,HUBERT_BASE,6
5683-32879-0019_260-123286-0025__T2__SCV3FIX__VOICE-260_CONTENT-5683-5683-32879-0019,260,5683,,10.61,11,0.0,0.0,0.0,0.06621654730395438,0.04189968578798842,38.71557411638748,0,0.0,0.0,-1.0,HUBERT_BASE,6
4446-2275-0006_61-70968-0039__T1__SCV3FIX__VOICE-4446_CONTENT-61-61-70968-0039,4446,61,,-24.63,6,1.0,1.0,1.0,-0.041401714306440386,-0.10303879192261167,-26.22815269575614,1,3.0,3.0,0.0,HUBERT_BASE,6
8463-287645-0013_5142-33396-0037__T2__SCV3FIX__VOICE-5142_CONTENT-8463-8463-287645-0013,5142,8463,,-28.03,6,1.0,1.0,1.0,-0.09524593104750079,-0.14565974182633767,-35.13951436429884,1,3.0,3.0,0.0,HUBERT_BASE,6
2300-131720-0020_61-70968-0061__T2__SCV3FIX__VOICE-61_CONTENT-2300-2300-131720-0020,61,2300,,5.1,10,0.2,0.1,0.1,0.04184922899707731,-0.10808391451244836,5.29145161251162,0,0.0,0.0,-1.0,HUBERT_BASE,6
1995-1837-0019_1089-134686-0009__T1__SCV3FIX__VOICE-1995_CONTENT-1089-1089-134686-0009,1995,1089,,-26.43,9,1.0,1.0,1.0,-0.13800886033315443,-0.2575820019952707,-45.41683248508879,1,4.5,4.5,0.0,HUBERT_BASE,6
2300-131720-0018_1188-133604-0018__T2__SCV3FIX__VOICE-1188_CONTENT-2300-2300-131720-0018,1188,2300,,8.52,22,0.18181818181818182,0.0,0.0,0.06309217730190132,-0.03555184531633737,18.475689334603672,1,1.0,1.0,2.0,HUBERT_BASE,6
8463-294828-0014_3575-170457-0044__T2__SCV3FIX__VOICE-3575_CONTENT-8463-8463-294828-0014,3575,8463,,-13.13,10,0.8,1.0,0.8,-0.04923063740604233,-0.1302524967837977,-22.215023497724943,2,2.5,1.75,0.0,HUBERT_BASE,6
5142-33396-0052_908-31957-0002__T2__SCV3FIX__VOICE-908_CONTENT-5142-5142-33396-0052,908,5142,,14.77,8,0.0,0.0,0.0,0.12736066705993032,0.09516740116477962,42.516212564320895,0,0.0,0.0,-1.0,HUBERT_BASE,6
1284-1181-0012_3729-6852-0023__T2__SCV3FIX__VOICE-3729_CONTENT-1284-1284-1181-0012,3729,1284,,-15.17,15,0.8666666666666667,1.0,0.8666666666666667,-0.060288994111809074,-0.20520048923171408,-34.45588923324225,2,5.5,3.25,0.5,HUBERT_BASE,6
1188-133604-0010_61-70970-0014__T2__SCV3FIX__VOICE-61_CONTENT-1188-1188-133604-0010,61,1188,,-8.13,5,0.4,1.0,0.4,0.007815731173320017,-0.05949175593433598,-6.464839603813379,0,0.0,0.0,-1.0,HUBERT_BASE,6
8230-279154-0027_672-122797-0057__T2__SCV3FIX__VOICE-672_CONTENT-8230-8230-279154-0027,672,8230,,-19.79,10,1.0,1.0,1.0,-0.0989017151608644,-0.24681226199743367,-33.91537189342073,1,5.0,5.0,0.0,HUBERT_BASE,6
7127-75947-0029_6829-68769-0036__T2__SCV3FIX__VOICE-6829_CONTENT-7127-7127-75947-0029,6829,7127,,-28.0,9,1.0,1.0,1.0,-0.10955283792453413,-0.2112588244148077,-33.500984592244485,1,4.5,4.5,0.0,HUBERT_BASE,6
61-70970-0010_7021-85628-0022__T1__SCV3FIX__VOICE-61_CONTENT-7021-7021-85628-0022,61,7021,,-9.76,5,0.6,1.0,0.6,-0.010871490207236923,-0.0823607427848202,-12.331242963270459,1,1.0,1.0,1.5,HUBERT_BASE,6
1188-133604-0036_2961-960-0007__T2__SCV3FIX__VOICE-2961_CONTENT-1188-1188-133604-0036,2961,1188,,2.25,14,0.14285714285714285,0.21428571428571427,0.0,0.05400830337223118,-0.09446698290471967,7.38901131214679,1,1.0,1.0,3.5,HUBERT_BASE,6
6930-76324-0021_8455-210777-0030__T2__SCV3FIX__VOICE-8455_CONTENT-6930-6930-76324-0021,8455,6930,,10.54,13,0.0,0.0,0.0,0.09091747058954924,0.02619773501516376,35.51218330615663,0,0.0,0.0,-1.0,HUBERT_BASE,6
4077-13754-0007_237-126133-0004__T1__SCV3FIX__VOICE-4077_CONTENT-237-237-126133-0004,4077,237,,11.74,5,0.0,0.0,0.0,0.08969300293606688,0.037012153289411764,30.759636954391453,0,0.0,0.0,-1.0,HUBERT_BASE,6
8555-284447-0004_5683-32879-0000__T1__SCV3FIX__VOICE-8555_CONTENT-5683-5683-32879-0000,8555,5683,,8.46,9,0.3333333333333333,0.0,0.0,0.029635759359519342,-0.027053717971723068,24.979371523787275,0,0.0,0.0,-1.0,HUBERT_BASE,6
5105-28241-0012_4507-16021-0017__T2__SCV3FIX__VOICE-4507_CONTENT-5105-5105-28241-0012,4507,5105,,-35.44,12,1.0,1.0,1.0,-0.10084064358239302,-0.2302619906067186,-41.36895939804884,1,6.0,6.0,0.0,HUBERT_BASE,6
5683-32879-0019_1284-1180-0025__T2__SCV3FIX__VOICE-1284_CONTENT-5683-5683-32879-0019,1284,5683,,12.35,11,0.09090909090909091,0.0,0.0,0.026982143853249232,-0.0419360485762128,29.396129516982832,0,0.0,0.0,-1.0,HUBERT_BASE,6
1089-134686-0037_4446-2271-0000__T2__SCV3FIX__VOICE-4446_CONTENT-1089-1089-134686-0037,4446,1089,,11.93,5,0.0,0.0,0.0,0.14254241076108032,0.0673705922004092,31.622399447954244,0,0.0,0.0,-1.0,HUBERT_BASE,6
6829-68769-0023_61-70970-0021__T1__SCV3FIX__VOICE-6829_CONTENT-61-61-70970-0021,6829,61,,10.39,8,0.0,0.0,0.0,0.07361072091074311,0.020612597053263237,22.838330011912994,0,0.0,0.0,-1.0,HUBERT_BASE,6
7176-92135-0015_1320-122617-0017__T1__SCV3FIX__VOICE-7176_CONTENT-1320-1320-122617-0017,7176,1320,,-9.1,10,0.8,1.0,0.8,-0.0626997075245023,-0.17457146143883473,-19.596077761335025,2,2.5,2.0,0.0,HUBERT_BASE,6
6829-68769-0001_7729-102255-0022__T1__SCV3FIX__VOICE-6829_CONTENT-7729-7729-102255-0022,6829,7729,,-24.76,17,1.0,1.0,1.0,-0.09281826088526184,-0.17001831191488037,-34.399869635740345,1,8.5,8.5,0.0,HUBERT_BASE,6
672-122797-0054_2830-3980-0038__T1__SCV3FIX__VOICE-672_CONTENT-2830-2830-3980-0038,672,2830,,10.88,7,0.2857142857142857,0.14285714285714285,0.0,0.050340504663702754,-0.0880138856451178,14.157206526679603,1,1.0,1.0,2.0,HUBERT_BASE,6
7176-92135-0031_4446-2273-0021__T1__SCV3FIX__VOICE-7176_CONTENT-4446-4446-2273-0021,7176,4446,,11.81,9,0.0,0.0,0.0,0.09759742514685434,0.036149317975855855,43.81519387605257,0,0.0,0.0,-1.0,HUBERT_BASE,6
4077-13751-0006_8555-292519-0011__T1__SCV3FIX__VOICE-4077_CONTENT-8555-8555-292519-0011,4077,8555,,12.09,5,0.0,0.0,0.0,0.07149762532234956,0.011836896850997758,41.068606278971764,0,0.0,0.0,-1.0,HUBERT_BASE,6
7729-102255-0012_1320-122617-0000__T1__SCV3FIX__VOICE-7729_CONTENT-1320-1320-122617-0000,7729,1320,,5.89,7,0.2857142857142857,0.0,0.0,0.020742186769474306,-0.08234387188650749,14.893447697893404,0,0.0,0.0,-1.0,HUBERT_BASE,6
672-122797-0017_260-123286-0020__T2__SCV3FIX__VOICE-260_CONTENT-672-672-122797-0017,260,672,,4.43,5,0.8,0.2,0.2,-0.04071998603303961,-0.1333688470869565,10.296907386357526,1,1.5,1.5,0.0,HUBERT_BASE,6
6829-68769-0003_8463-294825-0006__T2__SCV3FIX__VOICE-8463_CONTENT-6829-6829-68769-0003,8463,6829,,-14.76,7,1.0,1.0,1.0,-0.06827870584602068,-0.14460199782130845,-32.03744880290041,1,3.5,3.5,0.0,HUBERT_BASE,6
1284-1181-0018_8555-284447-0008__T1__SCV3FIX__VOICE-1284_CONTENT-8555-8555-284447-0008,1284,8555,,19.65,5,0.0,0.0,0.0,0.13611435818525827,0.08382945961018196,55.5708949366054,0,0.0,0.0,-1.0,HUBERT_BASE,6
4077-13751-0013_1284-1181-0005__T1__SCV3FIX__VOICE-4077_CONTENT-1284-1284-1181-0005,4077,1284,,11.14,6,0.0,0.0,0.0,0.08172533756744732,0.05797255268813328,29.351622530537398,0,0.0,0.0,-1.0,HUBERT_BASE,6
3729-6852-0037_1995-1826-0019__T2__SCV3FIX__VOICE-1995_CONTENT-3729-3729-6852-0037,1995,3729,,13.5,9,0.3333333333333333,0.0,0.0,0.013249954437674898,-0.028331096719102944,31.43028931197835,1,1.0,1.0,2.5,HUBERT_BASE,6
1284-1180-0006_121-127105-0022__T1__SCV3FIX__VOICE-1284_CONTENT-121-121-127105-0022,1284,121,,-26.66,9,0.7777777777777778,1.0,0.7777777777777778,-0.016429993880206162,-0.06414688694799053,-23.460370431983918,2,1.5,1.5,1.0,HUBERT_BASE,6
7176-88083-0010_121-127105-0022__T1__SCV3FIX__VOICE-7176_CONTENT-121-121-127105-0022,7176,121,,7.72,9,0.0,0.0,0.0,0.12694032726274748,0.060238658177093285,39.235694099326146,0,0.0,0.0,-1.0,HUBERT_BASE,6
260-123286-0003_7127-75947-0014__T1__SCV3FIX__VOICE-260_CONTENT-7127-7127-75947-0014,260,7127,,-8.22,13,0.9230769230769231,1.0,0.9230769230769231,-0.10299625059993119,-0.3897500788552556,-23.89754584831189,2,4.0,3.0,0.0,HUBERT_BASE,6
7176-92135-0013_61-70970-0031__T2__SCV3FIX__VOICE-61_CONTENT-7176-7176-92135-0013,61,7176,,3.48,5,0.4,0.0,0.0,0.02874413534493081,-0.09330190153699369,7.444303047811755,0,0.0,0.0,-1.0,HUBERT_BASE,6
672-122797-0027_2830-3980-0006__T2__SCV3FIX__VOICE-2830_CONTENT-672-672-122797-0027,2830,672,,-2.34,8,0.625,0.75,0.625,-0.014538915536180669,-0.1438238591993285,-5.606557121370322,1,1.5,1.5,1.5,HUBERT_BASE,6
4970-29093-0013_7021-85628-0006__T2__SCV3FIX__VOICE-7021_CONTENT-4970-4970-29093-0013,7021,4970,,13.22,6,0.0,0.0,0.0,0.08228065779505099,0.030675884584027258,40.6865265838113,0,0.0,0.0,-1.0,HUBERT_BASE,6
260-123440-0020_5683-32879-0002__T1__SCV3FIX__VOICE-260_CONTENT-5683-5683-32879-0002,260,5683,,13.36,8,0.625,0.0,0.0,0.015401111017686542,-0.08926207180682966,26.285672117989662,1,2.0,2.0,2.0,HUBERT_BASE,6
2961-961-0006_8555-292519-0005__T1__SCV3FIX__VOICE-2961_CONTENT-8555-8555-292519-0005,2961,8555,,17.45,8,0.0,0.0,0.0,0.12755028113418193,0.051509449090048176,41.36723330592612,0,0.0,0.0,-1.0,HUBERT_BASE,6
908-31957-0006_8224-274381-0015__T1__SCV3FIX__VOICE-908_CONTENT-8224-8224-274381-0015,908,8224,,5.02,10,0.5,0.2,0.1,0.005762680637511219,-0.10898577742065307,8.00876944637614,1,2.5,2.5,1.0,HUBERT_BASE,6
4992-23283-0008_7021-79740-0004__T2__SCV3FIX__VOICE-7021_CONTENT-4992-4992-23283-0008,7021,4992,,13.42,8,0.0,0.0,0.0,0.09031929367789411,0.02951722096782894,30.28030415351162,0,0.0,0.0,-1.0,HUBERT_BASE,6
121-123852-0004_7176-92135-0002__T2__SCV3FIX__VOICE-7176_CONTENT-121-121-123852-0004,7176,121,,11.78,5,0.0,0.0,0.0,0.15870435249132459,0.10162395035628446,41.51657068856193,0,0.0,0.0,-1.0,HUBERT_BASE,6
7176-92135-0042_7021-79730-0001__T2__SCV3FIX__VOICE-7021_CONTENT-7176-7176-92135-0042,7021,7176,,0.91,13,0.5384615384615384,0.15384615384615385,0.15384615384615385,0.011240945719832866,-0.07821292565251436,16.707417519793427,1,3.0,3.0,2.5,HUBERT_BASE,6
2830-3980-0019_7021-79730-0009__T1__SCV3FIX__VOICE-2830_CONTENT-7021-7021-79730-0009,2830,7021,,-0.62,13,0.0,0.0,0.0,0.1353892161739139,0.041521913740072414,26.314572068758505,0,0.0,0.0,-1.0,HUBERT_BASE,6
2300-131720-0036_2094-142345-0039__T1__SCV3FIX__VOICE-2300_CONTENT-2094-2094-142345-0039,2300,2094,,8.34,11,0.0,0.0,0.0,0.11153686899964241,0.07642097039218665,36.325846714067126,0,0.0,0.0,-1.0,HUBERT_BASE,6
2961-961-0009_4446-2275-0005__T2__SCV3FIX__VOICE-4446_CONTENT-2961-2961-961-0009,4446,2961,,-29.35,7,1.0,1.0,1.0,-0.06586240145344943,-0.10716807439766685,-34.1729059510808,1,3.5,3.5,0.0,HUBERT_BASE,6
1995-1837-0024_908-157963-0005__T1__SCV3FIX__VOICE-1995_CONTENT-908-908-157963-0005,1995,908,,-32.93,9,1.0,1.0,1.0,-0.12487449605835753,-0.17298204086535507,-37.85433564504805,1,4.5,4.5,0.0,HUBERT_BASE,6
4507-16021-0055_2830-3980-0030__T2__SCV3FIX__VOICE-2830_CONTENT-4507-4507-16021-0055,2830,4507,,11.07,9,0.0,0.0,0.0,0.11050195532287813,0.06585914436942031,40.38430969654439,0,0.0,0.0,-1.0,HUBERT_BASE,6
7127-75946-0021_5639-40744-0024__T2__SCV3FIX__VOICE-5639_CONTENT-7127-7127-75946-0021,5639,7127,,10.99,5,0.0,0.0,0.0,0.15399546262868224,0.02212774410493379,27.243125509607108,0,0.0,0.0,-1.0,HUBERT_BASE,6
1580-141084-0042_2830-3980-0010__T1__SCV3FIX__VOICE-1580_CONTENT-2830-2830-3980-0010,1580,2830,,-26.73,9,1.0,1.0,1.0,-0.09374670340865603,-0.1562260954129232,-41.878048216447255,1,4.5,4.5,0.0,HUBERT_BASE,6
4970-29095-0008_5142-36377-0007__T2__SCV3FIX__VOICE-5142_CONTENT-4970-4970-29095-0008,5142,4970,,13.44,5,0.4,0.0,0.0,0.05527195055500693,-0.010649919931673968,29.33462624887729,1,1.0,1.0,0.5,HUBERT_BASE,6
4992-41797-0005_1580-141083-0049__T1__SCV3FIX__VOICE-4992_CONTENT-1580-1580-141083-0049,4992,1580,,-0.52,6,0.16666666666666666,0.16666666666666666,0.0,0.07350012569890418,-0.006926834857617359,17.66153954059969,0,0.0,0.0,-1.0,HUBERT_BASE,6
2300-131720-0034_260-123286-0023__T2__SCV3FIX__VOICE-260_CONTENT-2300-2300-131720-0034,260,2300,,-9.79,10,1.0,1.0,1.0,-0.09806676514974685,-0.1903624242115266,-31.251218915370526,1,5.0,5.0,0.0,HUBERT_BASE,6
237-134493-0004_1320-122617-0039__T1__SCV3FIX__VOICE-237_CONTENT-1320-1320-122617-0039,237,1320,,-28.33,12,1.0,1.0,1.0,-0.08050177942122763,-0.13828110418323047,-35.173538836516755,1,6.0,6.0,0.0,HUBERT_BASE,6
7127-75947-0021_2830-3980-0004__T2__SCV3FIX__VOICE-2830_CONTENT-7127-7127-75947-0021,2830,7127,,7.54,6,0.3333333333333333,0.0,0.0,0.08904514086564885,-0.02193606512264612,19.562251062523448,1,1.0,1.0,0.5,HUBERT_BASE,6
2830-3979-0008_672-122797-0026__T1__SCV3FIX__VOICE-2830_CONTENT-672-672-122797-0026,2830,672,,3.36,17,0.35294117647058826,0.11764705882352941,0.11764705882352941,0.07075265192503818,-0.05703264700744548,18.34944864240916,2,1.0,1.0,5.5,HUBERT_BASE,6
260-123440-0007_1320-122612-0005__T2__SCV3FIX__VOICE-1320_CONTENT-260-260-123440-0007,1320,260,,12.11,5,0.0,0.0,0.0,0.09968485981019241,0.06202053572578925,34.05875898839419,0,0.0,0.0,-1.0,HUBERT_BASE,6
7127-75946-0002_1284-134647-0007__T1__SCV3FIX__VOICE-7127_CONTENT-1284-1284-134647-0007,7127,1284,,9.64,25,0.0,0.0,0.0,0.09926906192682869,0.023377183502881538,32.2440047116273,0,0.0,0.0,-1.0,HUBERT_BASE,6
1320-122617-0025_260-123440-0019__T2__SCV3FIX__VOICE-260_CONTENT-1320-1320-122617-0025,260,1320,,-3.66,11,0.18181818181818182,0.36363636363636365,0.18181818181818182,0.04348836355372911,-0.023333788842217262,9.852730086816557,0,0.0,0.0,-1.0,HUBERT_BASE,6
4992-41806-0013_4970-29095-0027__T1__SCV3FIX__VOICE-4992_CONTENT-4970-4970-29095-0027,4992,4970,,12.07,11,0.0,0.0,0.0,0.09999033395676747,0.01392954643103883,39.15545552841357,0,0.0,0.0,-1.0,HUBERT_BASE,6
7021-79759-0000_672-122797-0065__T2__SCV3FIX__VOICE-672_CONTENT-7021-7021-79759-0000,672,7021,,-16.11,5,0.6,1.0,0.6,-0.023031535785955782,-0.11117458783808865,-20.39217311448276,1,1.5,1.5,0.0,HUBERT_BASE,6
8463-287645-0003_5105-28233-0010__T2__SCV3FIX__VOICE-5105_CONTENT-8463-8463-287645-0003,5105,8463,,10.6,14,0.0,0.0,0.0,0.11565956729709682,0.05817877815151573,39.67809234616063,0,0.0,0.0,-1.0,HUBERT_BASE,6
237-134500-0016_260-123440-0003__T2__SCV3FIX__VOICE-260_CONTENT-237-237-134500-0016,260,237,,9.54,5,0.0,0.0,0.0,0.08351266057825904,0.020124204873523288,26.602272724181603,0,0.0,0.0,-1.0,HUBERT_BASE,6
6829-68771-0019_4992-41806-0001__T1__SCV3FIX__VOICE-6829_CONTENT-4992-4992-41806-0001,6829,4992,,-4.05,13,0.6923076923076923,0.6153846153846154,0.5384615384615384,-0.01830086333098528,-0.06669270858893639,-2.0921139235026653,3,2.0,1.3333333333333333,0.0,HUBERT_BASE,6
6930-81414-0020_260-123286-0026__T1__SCV3FIX__VOICE-6930_CONTENT-260-260-123286-0026,6930,260,,-8.89,9,1.0,1.0,1.0,-0.10270324305386638,-0.24763936930779717,-29.427867757768883,1,4.5,4.5,0.0,HUBERT_BASE,6
1284-1180-0024_6930-81414-0006__T2__SCV3FIX__VOICE-6930_CONTENT-1284-1284-1180-0024,6930,1284,,14.46,9,0.0,0.0,0.0,0.08156636174239489,0.035273196867947276,40.16031549165983,0,0.0,0.0,-1.0,HUBERT_BASE,6
5142-36377-0001_1221-135767-0007__T2__SCV3FIX__VOICE-1221_CONTENT-5142-5142-36377-0001,1221,5142,,-11.85,9,0.8888888888888888,1.0,0.8888888888888888,-0.08105645259782993,-0.15645421533185733,-20.880249766047687,2,2.5,2.0,0.0,HUBERT_BASE,6
4507-16021-0050_2094-142345-0054__T1__SCV3FIX__VOICE-4507_CONTENT-2094-2094-142345-0054,4507,2094,,-32.27,6,0.8333333333333334,1.0,0.8333333333333334,-0.06104120694373433,-0.14928155838903312,-38.81189097865625,2,1.5,1.25,0.0,HUBERT_BASE,6
1089-134686-0034_8463-294828-0036__T1__SCV3FIX__VOICE-1089_CONTENT-8463-8463-294828-0036,1089,8463,,13.73,10,0.0,0.0,0.0,0.0652519218432898,0.013852417191976385,35.666474035904116,0,0.0,0.0,-1.0,HUBERT_BASE,6
908-31957-0005_3575-170457-0027__T1__SCV3FIX__VOICE-908_CONTENT-3575-3575-170457-0027,908,3575,,13.54,7,0.0,0.0,0.0,0.09851800066584428,0.04540342542958198,40.08840432601864,0,0.0,0.0,-1.0,HUBERT_BASE,6
1320-122617-0018_1995-1826-0004__T2__SCV3FIX__VOICE-1995_CONTENT-1320-1320-122617-0018,1995,1320,,-24.7,5,1.0,1.0,1.0,-0.1570628606409796,-0.19767481871522408,-38.08015130946881,1,2.5,2.5,0.0,HUBERT_BASE,6
8224-274384-0002_2830-3979-0010__T2__SCV3FIX__VOICE-2830_CONTENT-8224-8224-274384-0002,2830,8224,,-2.38,5,0.2,0.4,0.2,0.03001798181606812,-0.017942493277029792,4.384256207534233,0,0.0,0.0,-1.0,HUBERT_BASE,6
1320-122617-0003_8230-279154-0039__T2__SCV3FIX__VOICE-8230_CONTENT-1320-1320-122617-0003,8230,1320,,-11.89,8,1.0,1.0,1.0,-0.0823271791280466,-0.16574954567040756,-19.439019342931203,1,4.0,4.0,0.0,HUBERT_BASE,6
8463-294828-0014_3575-170457-0044__T1__SCV3FIX__VOICE-8463_CONTENT-3575-3575-170457-0044,8463,3575,,12.64,10,0.0,0.0,0.0,0.09899274283862701,0.048315404879333945,39.43076282779366,0,0.0,0.0,-1.0,HUBERT_BASE,6
8463-294828-0023_1995-1826-0003__T2__SCV3FIX__VOICE-1995_CONTENT-8463-8463-294828-0023,1995,8463,,13.09,5,0.0,0.0,0.0,0.06501925142653926,0.02446967460268823,42.969474287538205,0,0.0,0.0,-1.0,HUBERT_BASE,6
1320-122617-0011_61-70968-0000__T2__SCV3FIX__VOICE-61_CONTENT-1320-1320-122617-0011,61,1320,,4.84,8,0.0,0.125,0.0,0.053720175963140784,0.006475210060315151,15.296634668514379,0,0.0,0.0,-1.0,HUBERT_BASE,6
61-70968-0017_2830-3980-0057__T1__SCV3FIX__VOICE-61_CONTENT-2830-2830-3980-0057,61,2830,,2.61,9,0.1111111111111111,0.0,0.0,0.050780984172888045,-0.028087080637372752,11.775552406505714,0,0.0,0.0,-1.0,HUBERT_BASE,6
6829-68771-0004_121-127105-0029__T2__SCV3FIX__VOICE-121_CONTENT-6829-6829-68771-0004,121,6829,,-8.6,13,0.9230769230769231,1.0,0.9230769230769231,-0.08351344997520825,-0.21729945528839267,-19.54723734212771,1,6.0,6.0,0.5,HUBERT_BASE,6
3729-6852-0018_6829-68769-0010__T1__SCV3FIX__VOICE-3729_CONTENT-6829-6829-68769-0010,3729,6829,,-4.23,5,0.4,0.8,0.4,-0.007354978066253781,-0.051413535855503456,-16.155949054279965,0,0.0,0.0,-1.0,HUBERT_BASE,6
1188-133604-0018_1089-134686-0026__T1__SCV3FIX__VOICE-1188_CONTENT-1089-1089-134686-0026,1188,1089,,2.45,7,0.0,0.0,0.0,0.059313671615426826,0.03512245555742477,14.659529938688527,0,0.0,0.0,-1.0,HUBERT_BASE,6
3570-5695-0012_5142-33396-0022__T1__SCV3FIX__VOICE-3570_CONTENT-5142-5142-33396-0022,3570,5142,,-28.59,8,1.0,1.0,1.0,-0.09087412544887276,-0.14412907575453393,-47.683948293000256,1,4.0,4.0,0.0,HUBERT_BASE,6
3729-6852-0025_1284-134647-0004__T2__SCV3FIX__VOICE-1284_CONTENT-3729-3729-6852-0025,1284,3729,,11.09,5,0.2,0.0,0.0,0.05745503207381251,-4.821555593625959e-05,27.859262166358906,0,0.0,0.0,-1.0,HUBERT_BASE,6
1580-141083-0038_4077-13754-0009__T2__SCV3FIX__VOICE-4077_CONTENT-1580-1580-141083-0038,4077,1580,,10.45,14,0.0,0.0,0.0,0.11578051640879458,0.028908134651671302,35.54001431927923,0,0.0,0.0,-1.0,HUBERT_BASE,6
8463-287645-0006_1580-141083-0002__T2__SCV3FIX__VOICE-1580_CONTENT-8463-8463-287645-0006,1580,8463,,-20.18,11,1.0,1.0,1.0,-0.07193690051424756,-0.11503928669686436,-35.216430173215116,1,5.5,5.5,0.0,HUBERT_BASE,6
7176-92135-0041_672-122797-0045__T2__SCV3FIX__VOICE-672_CONTENT-7176-7176-92135-0041,672,7176,,-12.83,8,0.625,1.0,0.625,-0.0532600053698018,-0.17851110257752556,-12.00898272454842,2,1.5,1.25,0.0,HUBERT_BASE,6
1580-141084-0016_4446-2273-0034__T2__SCV3FIX__VOICE-4446_CONTENT-1580-1580-141084-0016,4446,1580,,11.74,6,0.0,0.0,0.0,0.0715290104638529,0.05643409261678667,39.586695902220136,0,0.0,0.0,-1.0,HUBERT_BASE,6
5105-28240-0014_1284-1180-0026__T2__SCV3FIX__VOICE-1284_CONTENT-5105-5105-28240-0014,1284,5105,,-24.3,5,1.0,1.0,1.0,-0.0695208921213459,-0.10451598160358988,-29.760002552715424,1,2.5,2.5,0.0,HUBERT_BASE,6
3729-6852-0026_3570-5696-0006__T2__SCV3FIX__VOICE-3570_CONTENT-3729-3729-6852-0026,3570,3729,,11.74,7,0.14285714285714285,0.0,0.0,0.05202933059188459,-0.0038197602309941736,33.45834913779917,0,0.0,0.0,-1.0,HUBERT_BASE,6
6829-68771-0010_1995-1837-0010__T2__SCV3FIX__VOICE-1995_CONTENT-6829-6829-68771-0010,1995,6829,,-2.37,5,0.8,0.6,0.6,-0.03487798350058333,-0.10479891715253808,-3.4889313183814337,1,1.5,1.5,0.0,HUBERT_BASE,6
4970-29095-0001_61-70968-0015__T2__SCV3FIX__VOICE-61_CONTENT-4970-4970-29095-0001,61,4970,,11.54,9,0.0,0.0,0.0,0.10448385214597906,0.03740644002381599,33.328164716153054,0,0.0,0.0,-1.0,HUBERT_BASE,6
8455-210777-0017_260-123286-0013__T2__SCV3FIX__VOICE-260_CONTENT-8455-8455-210777-0017,260,8455,,2.47,8,0.5,0.5,0.375,0.02128552020800062,-0.08453090329561475,4.136722679861096,1,1.0,1.0,3.0,HUBERT_BASE,6
4992-23283-0011_2830-3980-0005__T1__SCV3FIX__VOICE-4992_CONTENT-2830-2830-3980-0005,4992,2830,,-18.6,7,1.0,1.0,1.0,-0.1099118876020828,-0.1468391577221042,-35.42089632406934,1,3.5,3.5,0.0,HUBERT_BASE,6
2830-3980-0036_1284-1180-0001__T2__SCV3FIX__VOICE-1284_CONTENT-2830-2830-3980-0036,1284,2830,,-10.35,10,0.8,0.8,0.8,-0.05606983692002911,-0.18447918430437105,-17.75726118666195,1,3.5,3.5,0.0,HUBERT_BASE,6
4992-41806-0009_3570-5696-0001__T2__SCV3FIX__VOICE-3570_CONTENT-4992-4992-41806-0009,3570,4992,,-19.78,7,1.0,1.0,1.0,-0.07481989052207672,-0.1280211856999639,-31.61398499739403,1,3.5,3.5,0.0,HUBERT_BASE,6
1221-135766-0003_908-31957-0002__T2__SCV3FIX__VOICE-908_CONTENT-1221-1221-135766-0003,908,1221,,12.62,8,0.0,0.0,0.0,0.09265606149930293,0.051040298512180726,32.23555258759559,0,0.0,0.0,-1.0,HUBERT_BASE,6
4970-29095-0014_7127-75947-0022__T1__SCV3FIX__VOICE-4970_CONTENT-7127-7127-75947-0022,4970,7127,,-7.25,5,0.6,0.8,0.6,0.018199855261447562,-0.12250162624353933,-2.8846945584030523,1,1.5,1.5,0.0,HUBERT_BASE,6
5683-32879-0004_5105-28240-0022__T1__SCV3FIX__VOICE-5683_CONTENT-5105-5105-28240-0022,5683,5105,,-24.34,8,1.0,1.0,1.0,-0.09018952637872774,-0.17666872132839073,-35.442728515787636,1,4.0,4.0,0.0,HUBERT_BASE,6
3575-170457-0011_2961-960-0020__T2__SCV3FIX__VOICE-2961_CONTENT-3575-3575-170457-0011,2961,3575,,8.85,13,0.3076923076923077,0.0,0.0,0.05544300138829623,-0.05952716419638615,32.559577198645854,2,1.0,1.0,0.5,HUBERT_BASE,6
5105-28241-0012_5683-32865-0016__T2__SCV3FIX__VOICE-5683_CONTENT-5105-5105-28241-0012,5683,5105,,-7.46,5,0.8,0.8,0.8,-0.033611835891475185,-0.10167586600084544,-13.702411366231548,1,2.0,2.0,0.5,HUBERT_BASE,6
4992-41797-0021_5142-33396-0064__T1__SCV3FIX__VOICE-4992_CONTENT-5142-5142-33396-0064,4992,5142,,-12.31,5,0.6,1.0,0.6,-0.010522403699197835,-0.06802374393932609,-4.7618837611386615,1,1.5,1.5,0.0,HUBERT_BASE,6
8230-279154-0036_2961-960-0005__T1__SCV3FIX__VOICE-8230_CONTENT-2961-2961-960-0005,8230,2961,,15.4,5,0.0,0.0,0.0,0.10723219010136117,0.01685988869325883,47.575000241502956,0,0.0,0.0,-1.0,HUBERT_BASE,6
1580-141083-0034_3729-6852-0024__T2__SCV3FIX__VOICE-3729_CONTENT-1580-1580-141083-0034,3729,1580,,11.74,10,0.1,0.0,0.0,0.04892680333427889,-0.007316709290643764,25.046257430384475,0,0.0,0.0,-1.0,HUBERT_BASE,6
6829-68769-0006_7176-88083-0005__T2__SCV3FIX__VOICE-7176_CONTENT-6829-6829-68769-0006,7176,6829,,12.86,8,0.0,0.0,0.0,0.08388652222980043,0.0407547370838951,36.41480801364343,0,0.0,0.0,-1.0,HUBERT_BASE,6
1580-141083-0030_260-123288-0018__T1__SCV3FIX__VOICE-1580_CONTENT-260-260-123288-0018,1580,260,,-27.15,5,1.0,1.0,1.0,-0.07278258985611918,-0.1023138741057611,-38.28695425899883,1,2.5,2.5,0.0,HUBERT_BASE,6
4446-2275-0034_6930-75918-0016__T1__SCV3FIX__VOICE-4446_CONTENT-6930-6930-75918-0016,4446,6930,,-26.48,5,1.0,1.0,1.0,-0.08004268122723972,-0.14454020311291493,-26.43532674561397,1,2.5,2.5,0.0,HUBERT_BASE,6
1320-122617-0041_1580-141083-0003__T2__SCV3FIX__VOICE-1580_CONTENT-1320-1320-122617-0041,1580,1320,,-23.44,7,1.0,1.0,1.0,-0.10274056707698456,-0.15237414532135252,-45.74221334696748,1,3.5,3.5,0.0,HUBERT_BASE,6
5142-36377-0003_1320-122612-0014__T2__SCV3FIX__VOICE-1320_CONTENT-5142-5142-36377-0003,1320,5142,,9.81,6,0.0,0.0,0.0,0.1023080070369964,0.05455130554717336,35.844897706214304,0,0.0,0.0,-1.0,HUBERT_BASE,6
3729-6852-0028_3575-170457-0055__T2__SCV3FIX__VOICE-3575_CONTENT-3729-3729-6852-0028,3575,3729,,-22.72,8,1.0,1.0,1.0,-0.08136231674237322,-0.12710546347498997,-35.588170095124894,1,4.0,4.0,0.0,HUBERT_BASE,6
2961-960-0007_3729-6852-0002__T2__SCV3FIX__VOICE-3729_CONTENT-2961-2961-960-0007,3729,2961,,-9.69,14,0.7857142857142857,1.0,0.7857142857142857,-0.04221808051715393,-0.1224965034051273,-24.091190895900382,2,3.5,2.5,1.0,HUBERT_BASE,6
4970-29095-0016_8455-210777-0064__T1__SCV3FIX__VOICE-4970_CONTENT-8455-8455-210777-0064,4970,8455,,-24.37,6,1.0,1.0,1.0,-0.1259770445177739,-0.15382533957867517,-41.518488117948145,1,3.0,3.0,0.0,HUBERT_BASE,6
7021-85628-0020_8463-287645-0011__T1__SCV3FIX__VOICE-7021_CONTENT-8463-8463-287645-0011,7021,8463,,11.56,11,0.09090909090909091,0.0,0.0,0.10561353794526922,-0.0004722560325084446,47.26481420695613,0,0.0,0.0,-1.0,HUBERT_BASE,6
2961-961-0011_5142-36377-0015__T1__SCV3FIX__VOICE-2961_CONTENT-5142-5142-36377-0015,2961,5142,,3.44,7,0.14285714285714285,0.0,0.0,0.04846613735667403,-0.014366686913134252,18.976493435517426,0,0.0,0.0,-1.0,HUBERT_BASE,6
7176-92135-0031_7729-102255-0025__T1__SCV3FIX__VOICE-7176_CONTENT-7729-7729-102255-0025,7176,7729,,-16.57,9,0.8888888888888888,1.0,0.8888888888888888,-0.06803414993263229,-0.1617236701091851,-24.85028012175887,1,3.5,3.5,1.0,HUBERT_BASE,6
2830-3980-0009_260-123286-0015__T2__SCV3FIX__VOICE-260_CONTENT-2830-2830-3980-0009,260,2830,,-11.04,6,0.3333333333333333,1.0,0.3333333333333333,-0.00867135102802108,-0.09964179793392192,-17.621230718053315,1,1.0,1.0,1.5,HUBERT_BASE,6
4077-13754-0014_8555-284449-0006__T2__SCV3FIX__VOICE-8555_CONTENT-4077-4077-13754-0014,8555,4077,,-31.98,6,1.0,1.0,1.0,-0.11341507429137403,-0.19709808231534032,-39.631801171914695,1,3.0,3.0,0.0,HUBERT_BASE,6
5142-33396-0056_237-126133-0010__T1__SCV3FIX__VOICE-5142_CONTENT-237-237-126133-0010,5142,237,,4.39,5,0.4,0.4,0.2,0.026233850206083886,-0.03802872081381792,8.11852488465869,0,0.0,0.0,-1.0,HUBERT_BASE,6
6829-68771-0019_4992-41806-0001__T2__SCV3FIX__VOICE-4992_CONTENT-6829-6829-68771-0019,4992,6829,,3.86,13,0.23076923076923078,0.07692307692307693,0.0,0.03235540039415562,-0.040015460645467016,9.964226364297158,1,1.0,1.0,2.5,HUBERT_BASE,6
8463-294825-0010_4446-2273-0036__T1__SCV3FIX__VOICE-8463_CONTENT-4446-4446-2273-0036,8463,4446,,-0.18,5,0.2,0.4,0.0,0.036069804847121745,-0.049489182687126654,6.594346190682357,0,0.0,0.0,-1.0,HUBERT_BASE,6
3570-5694-0018_121-127105-0036__T2__SCV3FIX__VOICE-121_CONTENT-3570-3570-5694-0018,121,3570,,-15.05,7,1.0,1.0,1.0,-0.0994074279201929,-0.2711135088216756,-32.273300539330954,1,3.5,3.5,0.0,HUBERT_BASE,6
4077-13751-0000_8224-274384-0006__T2__SCV3FIX__VOICE-8224_CONTENT-4077-4077-13751-0000,8224,4077,,12.43,12,0.0,0.0,0.0,0.07334864399370733,0.028560520349574015,27.487304769025176,0,0.0,0.0,-1.0,HUBERT_BASE,6
1995-1826-0015_2830-3980-0020__T1__SCV3FIX__VOICE-1995_CONTENT-2830-2830-3980-0020,1995,2830,,-25.2,5,1.0,1.0,1.0,-0.08181832218221377,-0.09757310538488662,-29.954410173768302,1,2.5,2.5,0.0,HUBERT_BASE,6
4992-41797-0002_1089-134691-0002__T1__SCV3FIX__VOICE-4992_CONTENT-1089-1089-134691-0002,4992,1089,,-16.88,10,1.0,1.0,1.0,-0.1338604871011194,-0.3509282810345249,-35.940935997629815,1,5.0,5.0,0.0,HUBERT_BASE,6
6829-68769-0031_1221-135766-0009__T2__SCV3FIX__VOICE-1221_CONTENT-6829-6829-68769-0031,1221,6829,,-23.64,10,0.9,1.0,0.9,-0.038217780894792885,-0.08959762665675586,-24.202662312653302,1,4.0,4.0,1.0,HUBERT_BASE,6
4992-23283-0013_5683-32879-0012__T2__SCV3FIX__VOICE-5683_CONTENT-4992-4992-23283-0013,5683,4992,,-9.66,7,0.8571428571428571,0.7142857142857143,0.5714285714285714,-0.007592823682427688,-0.06642162522118233,-12.068356460162892,2,2.0,1.5,0.0,HUBERT_BASE,6
1284-1181-0018_6930-81414-0026__T1__SCV3FIX__VOICE-1284_CONTENT-6930-6930-81414-0026,1284,6930,,9.48,5,0.0,0.0,0.0,0.06522832270576348,0.010485649524167084,31.258641262003,0,0.0,0.0,-1.0,HUBERT_BASE,6
1284-1181-0014_6829-68771-0012__T2__SCV3FIX__VOICE-6829_CONTENT-1284-1284-1181-0014,6829,1284,,-2.14,14,0.5,0.7142857142857143,0.5,-0.0017382555761847568,-0.11499792792862817,-7.9301408296829985,2,2.0,1.75,0.0,HUBERT_BASE,6
61-70968-0005_1284-1180-0015__T1__SCV3FIX__VOICE-61_CONTENT-1284-1284-1180-0015,61,1284,,10.13,9,0.1111111111111111,0.0,0.0,0.07822867360760574,-0.020029724437526708,33.90822073319089,0,0.0,0.0,-1.0,HUBERT_BASE,6
4970-29095-0038_5105-28240-0011__T1__SCV3FIX__VOICE-4970_CONTENT-5105-5105-28240-0011,4970,5105,,-29.57,11,1.0,1.0,1.0,-0.15694039068876287,-0.2830597274351505,-43.25316964986554,1,5.5,5.5,0.0,HUBERT_BASE,6
5683-32879-0005_260-123288-0001__T2__SCV3FIX__VOICE-260_CONTENT-5683-5683-32879-0005,260,5683,,15.22,7,0.0,0.0,0.0,0.07348340338905006,0.02135992587374469,45.372982704888976,0,0.0,0.0,-1.0,HUBERT_BASE,6
6829-68769-0012_1284-1181-0001__T2__SCV3FIX__VOICE-1284_CONTENT-6829-6829-68769-0012,1284,6829,,-0.7,7,0.42857142857142855,0.5714285714285714,0.2857142857142857,0.0039048181824756145,-0.08864403122067632,-2.0204217753305374,1,1.5,1.5,1.0,HUBERT_BASE,6
4992-41797-0007_5142-36377-0020__T1__SCV3FIX__VOICE-4992_CONTENT-5142-5142-36377-0020,4992,5142,,-19.78,8,1.0,1.0,1.0,-0.10569366090284209,-0.18251961104611059,-31.837930219874508,1,4.0,4.0,0.0,HUBERT_BASE,6
8463-287645-0013_5142-33396-0037__T1__SCV3FIX__VOICE-8463_CONTENT-5142-5142-33396-0037,8463,5142,,14.46,6,0.0,0.0,0.0,0.09987169039057997,0.07137949147497336,33.12295169258083,0,0.0,0.0,-1.0,HUBERT_BASE,6
2961-961-0009_1580-141083-0015__T1__SCV3FIX__VOICE-2961_CONTENT-1580-1580-141083-0015,2961,1580,,11.78,8,0.0,0.0,0.0,0.07371489176651239,0.034083008084514144,34.16269059852005,0,0.0,0.0,-1.0,HUBERT_BASE,6
8463-294828-0002_7176-92135-0044__T1__SCV3FIX__VOICE-8463_CONTENT-7176-7176-92135-0044,8463,7176,,-21.5,9,1.0,1.0,1.0,-0.08290810607015427,-0.14839917725873786,-40.71682477654417,1,4.5,4.5,0.0,HUBERT_BASE,6
1089-134686-0036_6930-75918-0008__T2__SCV3FIX__VOICE-6930_CONTENT-1089-1089-134686-0036,6930,1089,,9.46,5,0.0,0.0,0.0,0.10615754195331614,0.04426193676424206,30.61628686436136,0,0.0,0.0,-1.0,HUBERT_BASE,6
121-121726-0002_8455-210777-0041__T2__SCV3FIX__VOICE-8455_CONTENT-121-121-121726-0002,8455,121,,15.48,6,0.0,0.0,0.0,0.22728488120537546,0.0931380428007903,43.29862995185953,0,0.0,0.0,-1.0,HUBERT_BASE,6
121-127105-0035_2961-961-0004__T1__SCV3FIX__VOICE-121_CONTENT-2961-2961-961-0004,121,2961,,-16.27,21,0.8095238095238095,1.0,0.8095238095238095,-0.09621681454728999,-0.31762394614711975,-29.137729820863644,2,5.5,4.25,0.0,HUBERT_BASE,6
908-31957-0014_3729-6852-0031__T1__SCV3FIX__VOICE-908_CONTENT-3729-3729-6852-0031,908,3729,,11.64,7,0.0,0.0,0.0,0.09287652072779987,0.03397894040212035,37.0557938855243,0,0.0,0.0,-1.0,HUBERT_BASE,6
2961-961-0011_3729-6852-0043__T1__SCV3FIX__VOICE-2961_CONTENT-3729-3729-6852-0043,2961,3729,,10.74,7,0.2857142857142857,0.0,0.0,0.04114657125891768,-0.011411428223309539,16.749490120527895,0,0.0,0.0,-1.0,HUBERT_BASE,6
1580-141084-0014_4992-23283-0015__T2__SCV3FIX__VOICE-4992_CONTENT-1580-1580-141084-0014,4992,1580,,-4.78,6,0.6666666666666666,0.8333333333333334,0.6666666666666666,-0.014314480568745977,-0.06907976215852984,-9.327923382940545,1,1.5,1.5,0.0,HUBERT_BASE,6
4992-23283-0002_2830-3980-0061__T2__SCV3FIX__VOICE-2830_CONTENT-4992-4992-23283-0002,2830,4992,,6.59,5,0.2,0.0,0.0,0.07468122982142138,-0.041038457650345195,22.005294207802486,0,0.0,0.0,-1.0,HUBERT_BASE,6
6930-75918-0009_260-123288-0017__T1__SCV3FIX__VOICE-6930_CONTENT-260-260-123288-0017,6930,260,,-19.96,9,1.0,1.0,1.0,-0.06579926813317986,-0.093319849373802,-39.06181228159861,1,4.5,4.5,0.0,HUBERT_BASE,6
4077-13751-0013_908-31957-0023__T1__SCV3FIX__VOICE-4077_CONTENT-908-908-31957-0023,4077,908,,-19.03,7,1.0,1.0,1.0,-0.08826611961384923,-0.1373335655200928,-22.73774684328456,1,3.5,3.5,0.0,HUBERT_BASE,6
6930-75918-0011_121-121726-0003__T1__SCV3FIX__VOICE-6930_CONTENT-121-121-121726-0003,6930,121,,6.88,4,0.0,0.0,0.0,0.16567256565242872,0.12235825696426861,27.858769642462665,0,0.0,0.0,-1.0,HUBERT_BASE,6
8463-294828-0007_1580-141084-0026__T1__SCV3FIX__VOICE-8463_CONTENT-1580-1580-141084-0026,8463,1580,,5.18,12,0.0,0.0,0.0,0.055840870338199455,0.009244084724324031,29.427844975562405,0,0.0,0.0,-1.0,HUBERT_BASE,6
4507-16021-0057_7021-85628-0018__T2__SCV3FIX__VOICE-7021_CONTENT-4507-4507-16021-0057,7021,4507,,14.4,8,0.0,0.0,0.0,0.10117882631858384,0.043519076733464224,43.26443606498301,0,0.0,0.0,-1.0,HUBERT_BASE,6
7176-92135-0035_61-70968-0013__T2__SCV3FIX__VOICE-61_CONTENT-7176-7176-92135-0035,61,7176,,4.93,5,0.4,0.0,0.0,0.060348002507417654,-0.020095182001538703,18.400917306433044,1,1.0,1.0,0.0,HUBERT_BASE,6
5683-32865-0013_5105-28240-0007__T1__SCV3FIX__VOICE-5683_CONTENT-5105-5105-28240-0007,5683,5105,,-22.98,6,1.0,1.0,1.0,-0.21011267915838014,-0.36621610104146674,-43.06339731238334,1,3.0,3.0,0.0,HUBERT_BASE,6
672-122797-0034_61-70968-0026__T1__SCV3FIX__VOICE-672_CONTENT-61-61-70968-0026,672,61,,-6.77,8,1.0,1.0,1.0,-0.11053198024787043,-0.15554470439866563,-24.85859754156814,1,4.0,4.0,0.0,HUBERT_BASE,6
1580-141084-0021_8555-284447-0007__T2__SCV3FIX__VOICE-8555_CONTENT-1580-1580-141084-0021,8555,1580,,6.94,7,0.0,0.0,0.0,0.06150755839778889,0.031214657472323548,42.45910002536096,0,0.0,0.0,-1.0,HUBERT_BASE,6
260-123286-0006_4992-41797-0000__T1__SCV3FIX__VOICE-260_CONTENT-4992-4992-41797-0000,260,4992,,11.67,9,0.0,0.0,0.0,0.11045461709979622,0.05052989620238424,37.468518157765665,0,0.0,0.0,-1.0,HUBERT_BASE,6
3729-6852-0013_1284-1180-0001__T1__SCV3FIX__VOICE-3729_CONTENT-1284-1284-1180-0001,3729,1284,,-7.95,5,0.2,0.8,0.2,0.03322350099268523,-0.07230025385260941,-8.941619664323714,0,0.0,0.0,-1.0,HUBERT_BASE,6
8555-284449-0013_2830-3980-0055__T1__SCV3FIX__VOICE-8555_CONTENT-2830-2830-3980-0055,8555,2830,,-27.89,10,1.0,1.0,1.0,-0.12304234961498248,-0.19669885222301908,-43.16225674672627,1,5.0,5.0,0.0,HUBERT_BASE,6
8555-284447-0020_908-157963-0014__T2__SCV3FIX__VOICE-908_CONTENT-8555-8555-284447-0020,908,8555,,11.56,7,0.0,0.0,0.0,0.11375734062729181,0.062431931311490496,41.21895655570457,0,0.0,0.0,-1.0,HUBERT_BASE,6
1188-133604-0036_4507-16021-0015__T1__SCV3FIX__VOICE-1188_CONTENT-4507-4507-16021-0015,1188,4507,,10.16,6,0.0,0.0,0.0,0.13520688552288365,0.07677025889902722,51.31786579777469,0,0.0,0.0,-1.0,HUBERT_BASE,6
1995-1836-0000_1320-122617-0015__T1__SCV3FIX__VOICE-1995_CONTENT-1320-1320-122617-0015,1995,1320,,-22.39,9,1.0,1.0,1.0,-0.12584743196851886,-0.19158364101045378,-47.287033973857405,1,4.5,4.5,0.0,HUBERT_BASE,6
260-123286-0020_2830-3979-0008__T1__SCV3FIX__VOICE-260_CONTENT-2830-2830-3979-0008,260,2830,,5.45,5,0.8,0.4,0.4,-0.04528821948789545,-0.16353119067306687,5.4668197537388385,1,1.5,1.5,0.0,HUBERT_BASE,6
8555-284449-0006_2830-3980-0011__T1__SCV3FIX__VOICE-8555_CONTENT-2830-2830-3980-0011,8555,2830,,-17.92,6,1.0,1.0,1.0,-0.13249621126247452,-0.15986860678795678,-37.10877542667121,1,3.0,3.0,0.0,HUBERT_BASE,6
8455-210777-0046_2961-960-0017__T2__SCV3FIX__VOICE-2961_CONTENT-8455-8455-210777-0046,2961,8455,,-25.38,14,1.0,1.0,1.0,-0.0951994468217455,-0.21301161816866176,-34.009710240194366,1,7.0,7.0,0.0,HUBERT_BASE,6
3575-170457-0055_3570-5695-0008__T2__SCV3FIX__VOICE-3570_CONTENT-3575-3575-170457-0055,3570,3575,,14.25,12,0.0,0.0,0.0,0.08469257044866006,0.04145193264144498,43.05480405479386,0,0.0,0.0,-1.0,HUBERT_BASE,6
2830-3980-0038_4077-13754-0006__T1__SCV3FIX__VOICE-2830_CONTENT-4077-4077-13754-0006,2830,4077,,11.31,10,0.0,0.0,0.0,0.08974592872246438,0.03606551418708959,34.80120773406423,0,0.0,0.0,-1.0,HUBERT_BASE,6
121-127105-0036_2961-960-0012__T2__SCV3FIX__VOICE-2961_CONTENT-121-121-127105-0036,2961,121,,5.41,7,0.0,0.0,0.0,0.11803079792577677,0.037260772273429166,35.10133468134752,0,0.0,0.0,-1.0,HUBERT_BASE,6
1995-1826-0025_7021-85628-0007__T2__SCV3FIX__VOICE-7021_CONTENT-1995-1995-1826-0025,7021,1995,,16.02,5,0.0,0.0,0.0,0.06789742912590649,0.043788914748626895,48.896227742026,0,0.0,0.0,-1.0,HUBERT_BASE,6
61-70970-0000_121-121726-0002__T2__SCV3FIX__VOICE-121_CONTENT-61-61-70970-0000,121,61,,-24.47,7,1.0,1.0,1.0,-0.20683846261403455,-0.3143553858325019,-33.006336566631674,1,3.5,3.5,0.0,HUBERT_BASE,6
1580-141083-0037_61-70970-0002__T1__SCV3FIX__VOICE-1580_CONTENT-61-61-70970-0002,1580,61,,-19.84,7,1.0,1.0,1.0,-0.10641411853972595,-0.15984810031723862,-35.324601162129134,1,3.5,3.5,0.0,HUBERT_BASE,6
260-123288-0012_3729-6852-0024__T1__SCV3FIX__VOICE-260_CONTENT-3729-3729-6852-0024,260,3729,,14.33,6,0.0,0.0,0.0,0.05826931085352843,0.001580476729254765,33.6561037830848,0,0.0,0.0,-1.0,HUBERT_BASE,6
8555-284449-0018_8463-287645-0000__T1__SCV3FIX__VOICE-8555_CONTENT-8463-8463-287645-0000,8555,8463,,-20.84,8,1.0,1.0,1.0,-0.08917628551866812,-0.13078547042019062,-34.591411363826744,1,4.0,4.0,0.0,HUBERT_BASE,6
1089-134691-0012_1320-122612-0015__T1__SCV3FIX__VOICE-1089_CONTENT-1320-1320-122612-0015,1089,1320,,-13.4,11,0.9090909090909091,1.0,0.9090909090909091,-0.08104533026355691,-0.21850004134209977,-23.793467738539412,2,3.5,2.5,0.0,HUBERT_BASE,6
4970-29093-0001_1188-133604-0004__T1__SCV3FIX__VOICE-4970_CONTENT-1188-1188-133604-0004,4970,1188,,-20.75,19,1.0,1.0,1.0,-0.13779171629060313,-0.2178493824452914,-41.514106318529024,1,9.5,9.5,0.0,HUBERT_BASE,6
1221-135767-0014_2300-131720-0034__T1__SCV3FIX__VOICE-1221_CONTENT-2300-2300-131720-0034,1221,2300,,-18.53,13,1.0,1.0,1.0,-0.13765392328803217,-0.3816393168915757,-35.9003077686318,1,6.5,6.5,0.0,HUBERT_BASE,6
1580-141084-0047_7176-88083-0008__T2__SCV3FIX__VOICE-7176_CONTENT-1580-1580-141084-0047,7176,1580,,12.53,5,0.0,0.0,0.0,0.08880409090944481,0.05631029493244888,43.260605914615745,0,0.0,0.0,-1.0,HUBERT_BASE,6
4446-2275-0008_2300-131720-0032__T1__SCV3FIX__VOICE-4446_CONTENT-2300-2300-131720-0032,4446,2300,,-18.67,7,1.0,1.0,1.0,-0.12979450096014652,-0.20981449719741563,-43.09786337123086,1,3.5,3.5,0.0,HUBERT_BASE,6
6829-68769-0036_7127-75946-0012__T2__SCV3FIX__VOICE-7127_CONTENT-6829-6829-68769-0036,7127,6829,,15.25,10,0.0,0.0,0.0,0.11233656687150713,0.004555222408864856,34.242708626641644,0,0.0,0.0,-1.0,HUBERT_BASE,6
1995-1826-0024_5683-32879-0013__T1__SCV3FIX__VOICE-1995_CONTENT-5683-5683-32879-0013,1995,5683,,11.24,9,0.0,0.0,0.0,0.0658305215847031,0.0021103695540212186,42.496979012465644,0,0.0,0.0,-1.0,HUBERT_BASE,6
7176-88083-0018_2830-3980-0052__T2__SCV3FIX__VOICE-2830_CONTENT-7176-7176-88083-0018,2830,7176,,5.6,8,0.0,0.0,0.0,0.08903876888544444,0.05463338399514128,24.506485564966997,0,0.0,0.0,-1.0,HUBERT_BASE,6
8230-279154-0001_8555-284447-0005__T1__SCV3FIX__VOICE-8230_CONTENT-8555-8555-284447-0005,8230,8555,,15.17,12,0.0,0.0,0.0,0.14627239642140008,0.08229732348833085,49.17636050329318,0,0.0,0.0,-1.0,HUBERT_BASE,6
2300-131720-0024_7176-92135-0003__T2__SCV3FIX__VOICE-7176_CONTENT-2300-2300-131720-0024,7176,2300,,4.04,6,0.0,0.0,0.0,0.0684108768422899,0.01516163409198723,16.726629396189324,0,0.0,0.0,-1.0,HUBERT_BASE,6
4970-29093-0000_8455-210777-0070__T2__SCV3FIX__VOICE-8455_CONTENT-4970-4970-29093-0000,8455,4970,,10.18,5,0.0,0.0,0.0,0.12348723621938966,0.06580751930356266,45.701757527678815,0,0.0,0.0,-1.0,HUBERT_BASE,6
5142-36377-0023_1580-141084-0023__T2__SCV3FIX__VOICE-1580_CONTENT-5142-5142-36377-0023,1580,5142,,-13.46,10,0.8,1.0,0.8,-0.02373338346993329,-0.06963503221478229,-16.155679075910072,2,2.0,2.0,0.0,HUBERT_BASE,6
4446-2273-0003_6829-68771-0005__T2__SCV3FIX__VOICE-6829_CONTENT-4446-4446-2273-0003,6829,4446,,-17.9,11,0.9090909090909091,0.9090909090909091,0.9090909090909091,-0.055393301888699974,-0.09324461590986943,-25.564063931246995,1,5.0,5.0,0.0,HUBERT_BASE,6
1580-141083-0001_3729-6852-0024__T1__SCV3FIX__VOICE-1580_CONTENT-3729-3729-6852-0024,1580,3729,,-26.26,10,1.0,1.0,1.0,-0.06373856174946932,-0.0975813250098908,-36.64839839257357,1,5.0,5.0,0.0,HUBERT_BASE,6
8230-279154-0005_6829-68769-0028__T1__SCV3FIX__VOICE-8230_CONTENT-6829-6829-68769-0028,8230,6829,,9.02,5,0.0,0.0,0.0,0.09269351055535235,0.06818808251113007,43.986263000386906,0,0.0,0.0,-1.0,HUBERT_BASE,6
1320-122617-0030_1089-134686-0013__T1__SCV3FIX__VOICE-1320_CONTENT-1089-1089-134686-0013,1320,1089,,3.45,6,0.5,0.16666666666666666,0.16666666666666666,0.016603710367873042,-0.10141169822048435,4.157783128626381,1,1.0,1.0,0.5,HUBERT_BASE,6
3575-170457-0000_672-122797-0005__T2__SCV3FIX__VOICE-672_CONTENT-3575-3575-170457-0000,672,3575,,12.3,5,0.0,0.0,0.0,0.09326247754475955,0.06935228086135237,31.09898838486143,0,0.0,0.0,-1.0,HUBERT_BASE,6
7729-102255-0015_7127-75946-0012__T1__SCV3FIX__VOICE-7729_CONTENT-7127-7127-75946-0012,7729,7127,,9.78,18,0.05555555555555555,0.0,0.0,0.08741751621391076,-0.006468707357022985,32.28811803643452,0,0.0,0.0,-1.0,HUBERT_BASE,6
8230-279154-0027_7127-75946-0021__T1__SCV3FIX__VOICE-8230_CONTENT-7127-7127-75946-0021,8230,7127,,-0.72,5,0.2,0.0,0.0,0.07002083040284983,-0.021020238305304084,26.539868071892933,0,0.0,0.0,-1.0,HUBERT_BASE,6
1320-122617-0022_1284-1180-0025__T2__SCV3FIX__VOICE-1284_CONTENT-1320-1320-122617-0022,1284,1320,,-26.52,6,1.0,1.0,1.0,-0.11943328253518287,-0.2007765133756746,-37.27559782439598,1,3.0,3.0,0.0,HUBERT_BASE,6
8555-284447-0003_4992-23283-0008__T2__SCV3FIX__VOICE-4992_CONTENT-8555-8555-284447-0003,4992,8555,,-3.93,7,0.5714285714285714,0.5714285714285714,0.42857142857142855,0.005102092691203383,-0.08492779260781003,-5.434788558632361,2,1.0,1.0,0.0,HUBERT_BASE,6
3570-5694-0008_7021-79740-0002__T2__SCV3FIX__VOICE-7021_CONTENT-3570-3570-5694-0008,7021,3570,,15.61,17,0.058823529411764705,0.0,0.0,0.06052720974305269,-0.016523062852369597,40.807582202426,0,0.0,0.0,-1.0,HUBERT_BASE,6
8455-210777-0048_2961-961-0008__T1__SCV3FIX__VOICE-8455_CONTENT-2961-2961-961-0008,8455,2961,,9.02,5,0.0,0.0,0.0,0.08298410350952398,0.0537301919282277,36.51059402153156,0,0.0,0.0,-1.0,HUBERT_BASE,6
1995-1826-0024_6829-68769-0033__T2__SCV3FIX__VOICE-6829_CONTENT-1995-1995-1826-0024,6829,1995,,-24.12,7,0.42857142857142855,1.0,0.42857142857142855,-0.003167696608349511,-0.040417253162754796,-27.814057026665456,1,1.0,1.0,0.0,HUBERT_BASE,6
5105-28241-0019_2830-3980-0050__T1__SCV3FIX__VOICE-5105_CONTENT-2830-2830-3980-0050,5105,2830,,-5.72,9,0.4444444444444444,0.6666666666666666,0.4444444444444444,0.0298050654936701,-0.1472356886026801,-2.471120481383745,1,2.0,2.0,2.0,HUBERT_BASE,6
1995-1837-0017_7176-88083-0011__T2__SCV3FIX__VOICE-7176_CONTENT-1995-1995-1837-0017,7176,1995,,14.8,5,0.0,0.0,0.0,0.08425296437106762,0.04055768797810744,45.2290112790547,0,0.0,0.0,-1.0,HUBERT_BASE,6
237-126133-0015_1320-122612-0008__T2__SCV3FIX__VOICE-1320_CONTENT-237-237-126133-0015,1320,237,,16.42,14,0.0,0.0,0.0,0.09769366731160578,0.03319866083473677,39.30875108460335,0,0.0,0.0,-1.0,HUBERT_BASE,6
5683-32866-0004_8224-274384-0009__T1__SCV3FIX__VOICE-5683_CONTENT-8224-8224-274384-0009,5683,8224,,-28.79,8,1.0,1.0,1.0,-0.11467116217980719,-0.29179534493560677,-49.60694758327328,1,4.0,4.0,0.0,HUBERT_BASE,6
1320-122617-0012_672-122797-0036__T1__SCV3FIX__VOICE-1320_CONTENT-672-672-122797-0036,1320,672,,8.53,9,0.0,0.0,0.0,0.18262902399100264,0.07983607845804785,37.702822065626336,0,0.0,0.0,-1.0,HUBERT_BASE,6
61-70968-0034_2961-961-0020__T1__SCV3FIX__VOICE-61_CONTENT-2961-2961-961-0020,61,2961,,9.05,7,0.0,0.0,0.0,0.04843021454494956,0.004000664154227285,23.858034184978262,0,0.0,0.0,-1.0,HUBERT_BASE,6
121-127105-0034_2830-3980-0000__T1__SCV3FIX__VOICE-121_CONTENT-2830-2830-3980-0000,121,2830,,-18.98,6,0.8333333333333334,1.0,0.8333333333333334,-0.08070549166703693,-0.18084829684003478,-21.53684260477947,1,2.0,2.0,0.0,HUBERT_BASE,6
4992-41797-0009_2094-142345-0051__T1__SCV3FIX__VOICE-4992_CONTENT-2094-2094-142345-0051,4992,2094,,9.11,9,0.1111111111111111,0.0,0.0,0.05801495809125455,-0.01791209570209129,28.188908599323042,0,0.0,0.0,-1.0,HUBERT_BASE,6
7021-79759-0002_1188-133604-0039__T2__SCV3FIX__VOICE-1188_CONTENT-7021-7021-79759-0002,1188,7021,,5.67,9,0.1111111111111111,0.0,0.0,0.048734164791661115,-0.038844525037165956,17.406035017049117,0,0.0,0.0,-1.0,HUBERT_BASE,6
1580-141084-0031_61-70970-0023__T1__SCV3FIX__VOICE-1580_CONTENT-61-61-70970-0023,1580,61,,-21.81,6,1.0,1.0,1.0,-0.09768228777845746,-0.170575707736335,-32.727617447010594,1,3.0,3.0,0.0,HUBERT_BASE,6
7729-102255-0018_7127-75946-0024__T2__SCV3FIX__VOICE-7127_CONTENT-7729-7729-102255-0018,7127,7729,,4.28,9,0.0,0.0,0.0,0.09799567627380928,0.05133556605002343,13.25455088931337,0,0.0,0.0,-1.0,HUBERT_BASE,6
8455-210777-0019_2094-142345-0059__T2__SCV3FIX__VOICE-2094_CONTENT-8455-8455-210777-0019,2094,8455,,-18.27,15,0.9333333333333333,1.0,0.9333333333333333,-0.12107396397673084,-0.2410778951113035,-29.13275393447691,1,6.5,6.5,0.0,HUBERT_BASE,6
2300-131720-0006_1284-1181-0000__T2__SCV3FIX__VOICE-1284_CONTENT-2300-2300-131720-0006,1284,2300,,-25.01,6,1.0,1.0,1.0,-0.09031775743555236,-0.14559639076842967,-30.748164659718455,1,3.0,3.0,0.0,HUBERT_BASE,6
6930-81414-0002_2094-142345-0050__T1__SCV3FIX__VOICE-6930_CONTENT-2094-2094-142345-0050,6930,2094,,15.55,5,0.0,0.0,0.0,0.09468440942671705,0.07529044449491296,28.59500583392486,0,0.0,0.0,-1.0,HUBERT_BASE,6
8463-294828-0003_4992-41797-0006__T1__SCV3FIX__VOICE-8463_CONTENT-4992-4992-41797-0006,8463,4992,,7.92,8,0.0,0.0,0.0,0.05867506494040041,0.010756664328468224,22.99167544722598,0,0.0,0.0,-1.0,HUBERT_BASE,6
3575-170457-0035_1580-141084-0041__T2__SCV3FIX__VOICE-1580_CONTENT-3575-3575-170457-0035,1580,3575,,-16.99,14,0.9285714285714286,1.0,0.9285714285714286,-0.05749353663446181,-0.15470059452389406,-29.946776246032638,1,6.5,6.5,0.5,HUBERT_BASE,6
4507-16021-0050_8555-284449-0012__T1__SCV3FIX__VOICE-4507_CONTENT-8555-8555-284449-0012,4507,8555,,-12.3,6,0.8333333333333334,1.0,0.8333333333333334,-0.046581357423800894,-0.08528566189902309,-27.49515759065962,1,2.5,2.5,0.0,HUBERT_BASE,6
1995-1826-0021_7176-92135-0008__T2__SCV3FIX__VOICE-7176_CONTENT-1995-1995-1826-0021,7176,1995,,11.92,7,0.0,0.0,0.0,0.0594165055005461,0.03371679313498355,22.301250463011417,0,0.0,0.0,-1.0,HUBERT_BASE,6
5105-28241-0018_1320-122617-0009__T2__SCV3FIX__VOICE-1320_CONTENT-5105-5105-28241-0018,1320,5105,,-28.25,13,0.9230769230769231,1.0,0.9230769230769231,-0.1285058556178897,-0.26338548410772067,-39.03948236411921,1,6.0,6.0,0.5,HUBERT_BASE,6
1580-141084-0040_7176-88083-0026__T1__SCV3FIX__VOICE-1580_CONTENT-7176-7176-88083-0026,1580,7176,,-4.08,10,0.8,0.9,0.8,-0.031225162303472588,-0.08176648453257795,-18.37332404164436,2,2.0,2.0,0.0,HUBERT_BASE,6
5105-28241-0012_5683-32865-0016__T1__SCV3FIX__VOICE-5105_CONTENT-5683-5683-32865-0016,5105,5683,,9.37,5,0.0,0.0,0.0,0.056660512432488375,0.009678364183357102,21.458387993361576,0,0.0,0.0,-1.0,HUBERT_BASE,6
5639-40744-0010_2961-961-0018__T2__SCV3FIX__VOICE-2961_CONTENT-5639-5639-40744-0010,2961,5639,,-4.32,7,0.5714285714285714,0.42857142857142855,0.42857142857142855,-0.0010415330673341375,-0.15903139555259116,5.964925178880579,2,1.0,1.0,0.0,HUBERT_BASE,6
8555-284449-0020_1580-141084-0003__T1__SCV3FIX__VOICE-8555_CONTENT-1580-1580-141084-0003,8555,1580,,8.89,7,0.0,0.0,0.0,0.05253113963586574,0.00018990039445643259,29.79512691359736,0,0.0,0.0,-1.0,HUBERT_BASE,6
7021-85628-0013_5683-32866-0007__T2__SCV3FIX__VOICE-5683_CONTENT-7021-7021-85628-0013,5683,7021,,17.4,7,0.0,0.0,0.0,0.15981977261141495,0.060046025369606126,51.29948156923823,0,0.0,0.0,-1.0,HUBERT_BASE,6
8463-294825-0008_260-123286-0028__T2__SCV3FIX__VOICE-260_CONTENT-8463-8463-294825-0008,260,8463,,12.75,6,0.0,0.0,0.0,0.10037159141277319,0.053057195857414974,38.07310190225338,0,0.0,0.0,-1.0,HUBERT_BASE,6
5105-28240-0003_8555-292519-0013__T2__SCV3FIX__VOICE-8555_CONTENT-5105-5105-28240-0003,8555,5105,,-23.82,7,1.0,1.0,1.0,-0.10865300559532211,-0.1480544179869403,-40.24112618831999,1,3.5,3.5,0.0,HUBERT_BASE,6
4446-2273-0008_260-123440-0009__T2__SCV3FIX__VOICE-260_CONTENT-4446-4446-2273-0008,260,4446,,13.47,5,0.0,0.0,0.0,0.06198574766754854,0.011548465297039456,43.32600166353512,0,0.0,0.0,-1.0,HUBERT_BASE,6
3570-5694-0013_3575-170457-0017__T1__SCV3FIX__VOICE-3570_CONTENT-3575-3575-170457-0017,3570,3575,,0.97,10,0.5,0.5,0.4,-0.012471795313811429,-0.0825234039014423,-4.422519845257734,2,1.0,1.0,0.0,HUBERT_BASE,6
7176-92135-0015_4992-23283-0007__T1__SCV3FIX__VOICE-7176_CONTENT-4992-4992-23283-0007,7176,4992,,15.12,7,0.0,0.0,0.0,0.07265854075536095,0.040895584518916284,34.04671175372893,0,0.0,0.0,-1.0,HUBERT_BASE,6
260-123288-0000_672-122797-0000__T1__SCV3FIX__VOICE-260_CONTENT-672-672-122797-0000,260,672,,9.15,4,0.25,0.0,0.0,0.09707814454578456,-0.0009430051223388025,21.746885934130393,0,0.0,0.0,-1.0,HUBERT_BASE,6
1580-141083-0040_6930-81414-0012__T2__SCV3FIX__VOICE-6930_CONTENT-1580-1580-141083-0040,6930,1580,,13.68,6,0.0,0.0,0.0,0.06964564648394034,0.02746111099634052,28.502263463221322,0,0.0,0.0,-1.0,HUBERT_BASE,6
260-123288-0011_6829-68769-0011__T1__SCV3FIX__VOICE-260_CONTENT-6829-6829-68769-0011,260,6829,,10.91,8,0.0,0.0,0.0,0.13355230827662423,0.06237680073516261,44.350385566581096,0,0.0,0.0,-1.0,HUBERT_BASE,6
2094-142345-0053_4992-23283-0008__T1__SCV3FIX__VOICE-2094_CONTENT-4992-4992-23283-0008,2094,4992,,-26.8,5,0.6,1.0,0.6,-0.02033834305876352,-0.083087507200716,-25.119675970538275,1,1.5,1.5,1.0,HUBERT_BASE,6
1580-141083-0015_7127-75947-0008__T2__SCV3FIX__VOICE-7127_CONTENT-1580-1580-141083-0015,7127,1580,,12.46,7,0.0,0.0,0.0,0.12284332017682073,0.056215647742996366,41.312490770384365,0,0.0,0.0,-1.0,HUBERT_BASE,6
1221-135766-0000_1580-141083-0013__T1__SCV3FIX__VOICE-1221_CONTENT-1580-1580-141083-0013,1221,1580,,15.21,7,0.0,0.0,0.0,0.07831381237766886,0.04306656036074519,37.33645515598543,0,0.0,0.0,-1.0,HUBERT_BASE,6
1284-134647-0004_8230-279154-0021__T1__SCV3FIX__VOICE-1284_CONTENT-8230-8230-279154-0021,1284,8230,,0.99,12,0.16666666666666666,0.16666666666666666,0.08333333333333333,0.06499991004663563,-0.08577515739516883,15.739698904942417,0,0.0,0.0,-1.0,HUBERT_BASE,6
3575-170457-0033_1320-122617-0016__T2__SCV3FIX__VOICE-1320_CONTENT-3575-3575-170457-0033,1320,3575,,16.8,15,0.0,0.0,0.0,0.0788516662959206,0.020134151779309106,42.25304083714572,0,0.0,0.0,-1.0,HUBERT_BASE,6
7176-88083-0010_8455-210777-0028__T2__SCV3FIX__VOICE-8455_CONTENT-7176-7176-88083-0010,8455,7176,,11.61,11,0.09090909090909091,0.0,0.0,0.05620235352521408,-0.09935254252048498,22.0661184803522,0,0.0,0.0,-1.0,HUBERT_BASE,6
6930-76324-0017_1089-134691-0001__T1__SCV3FIX__VOICE-6930_CONTENT-1089-1089-134691-0001,6930,1089,,-17.99,9,1.0,1.0,1.0,-0.10456401460816528,-0.16141778869956547,-26.089923700919393,1,4.5,4.5,0.0,HUBERT_BASE,6
7176-88083-0019_2830-3980-0037__T1__SCV3FIX__VOICE-7176_CONTENT-2830-2830-3980-0037,7176,2830,,-15.03,10,0.5,0.8,0.5,0.0667578580300351,-0.053796945926471995,-7.244973797219271,2,1.5,1.25,0.0,HUBERT_BASE,6
908-31957-0003_260-123288-0022__T1__SCV3FIX__VOICE-908_CONTENT-260-260-123288-0022,908,260,,9.58,6,0.0,0.0,0.0,0.10222163231124597,0.05558121846760811,28.66912599509806,0,0.0,0.0,-1.0,HUBERT_BASE,6
5105-28233-0005_4446-2275-0013__T1__SCV3FIX__VOICE-5105_CONTENT-4446-4446-2275-0013,5105,4446,,2.49,6,0.0,0.16666666666666666,0.0,0.09346589413705471,0.04418080956789139,26.17995726339252,0,0.0,0.0,-1.0,HUBERT_BASE,6
7729-102255-0002_1221-135766-0001__T2__SCV3FIX__VOICE-1221_CONTENT-7729-7729-102255-0002,1221,7729,,13.12,15,0.0,0.0,0.0,0.09467564884995155,0.029807808972226235,24.666530121145456,0,0.0,0.0,-1.0,HUBERT_BASE,6
5683-32866-0001_1284-1180-0005__T2__SCV3FIX__VOICE-1284_CONTENT-5683-5683-32866-0001,1284,5683,,-31.13,5,1.0,1.0,1.0,-0.09128085127932598,-0.13873147687014586,-39.33797180532283,1,2.5,2.5,0.0,HUBERT_BASE,6
1580-141083-0052_2961-960-0004__T2__SCV3FIX__VOICE-2961_CONTENT-1580-1580-141083-0052,2961,1580,,10.75,5,0.0,0.0,0.0,0.07357212719326871,0.03133397994147591,34.59453166323622,0,0.0,0.0,-1.0,HUBERT_BASE,6
4446-2273-0003_4992-41797-0006__T2__SCV3FIX__VOICE-4992_CONTENT-4446-4446-2273-0003,4992,4446,,-4.61,8,0.625,0.75,0.5,-0.006564839961147553,-0.07207995171553938,-11.024659789534901,1,2.0,2.0,2.0,HUBERT_BASE,6
3570-5694-0013_3575-170457-0017__T2__SCV3FIX__VOICE-3575_CONTENT-3570-3570-5694-0013,3575,3570,,-4.49,10,0.5,0.5,0.4,0.013975132175437843,-0.05718821172778732,4.523803458044911,1,2.0,2.0,1.0,HUBERT_BASE,6
